0.25288574
0.09215935
0.19453145
0.10055182
0.52665202
0.07667032
0.01949389
0.08299141
0.00610013
-0.04305628
0.28846565
0.15926108
0.00561093
0.26454463
0.25413592
0.08469784
0.39873720
0.07463127
0.27307621
0.69964545
0.01199934
0.03607785
0.14962070
0.54012672
0.22538520
0.28356633
0.00562915
0.28481219
0.09627532
0.19086757
0.37950964
0.16014650
0.23433175
0.36254281
0.65019241
0.09068666
0.06226514
0.22057161
0.06605048
0.98545473
0.57618401
0.42619170
0.07698209
0.19174944
0.06701694
0.28572071
0.28659352
0.13204152
0.19205877
7.47247500
0.08719806
0.06459334
-0.46706998
0.49793814
0.23094040
0.52947497
0.23699556
0.06927764
0.29743081
0.21881548
0.18337285
0.04733144
0.59566311
0.00100361
0.42697861
0.03706794
0.55940891
0.08633896
0.31222579
0.14473238
0.56821028
0.50261704
0.14368002
0.06840393
0.09601561
0.25759652
0.05550526
-0.00062403
0.28216769
0.07151224
0.03868124
0.13858913
0.24337790
0.09369042
0.13249711
0.27092879
0.02411368
0.36093126
-0.00189525
0.32767599
0.24322835
0.13096184
0.03669148
0.02955615
0.48949961
0.29103331
0.06501668
0.03217371
-0.00957176
0.16551319
0.59622825
-0.29862707
0.05612984
0.04227302
0.04010701
-0.02581768
0.02111765
0.07858073
0.12424189
0.12550346
0.04438899
0.24900737
0.18203107
0.03677107
0.14062137
-0.53677413
0.08593143
0.08349973
0.00315354
0.10886960
0.06908535
0.30491603
0.34391807
0.11135706
0.01802084
0.20821485
0.10814233
0.16670949
0.04528906
0.14574742
0.05634763
0.26703722
0.46223605
0.51443624
0.05614795
0.05548291
0.19561651
0.13655909
0.08423707
0.34637101
0.22745758
0.08869809
0.23702698
0.00433458
0.15564866
0.10904850
0.01683682
0.04331249
0.06461915
0.06269020
-0.01797716
0.24102209
0.01809174
0.21850839
0.14412027
0.10767120
0.15650099
0.54062566
0.04182653
0.06359355
-0.01191415
0.27192973
0.07839292
0.25776903
0.05170955
0.18936093
-0.03153306
0.09164099
0.49477445
0.00257185
0.10420410
0.07932353
0.10860576
0.24735914
0.38179984
0.18646664
0.10477019
0.09207374
0.19266967
0.45985356
0.13232743
0.14419134
0.13220911
0.06687124
0.10537444
0.11200294
0.35008779
0.44449900
-0.00054307
0.20656666
0.30116808
0.23287625
0.02680434
0.20415167
0.06857774
0.14823121
0.23255349
0.05088567
0.17618778
0.27493164
0.08306260
0.06304327
0.41888326
0.28741392
0.13469745
0.10111203
-0.09831106
0.40060256
0.21528253
0.18123512
-0.04450615
0.11581198
0.28140973
0.56536806
0.19741252
0.03199854
0.06960250
0.16488806
0.20066577
0.13837873
0.41115956
0.22961405
0.02197568
-0.19023526
-0.00241307
0.01369328
0.07323340
0.17460995
0.49530562
0.12557863
0.13198756
0.19781234
0.03610598
0.01933511
0.34767533
-0.03916726
0.14527128
0.20457187
0.05289404
0.19885568
0.20745364
0.38249947
0.35767825
0.19828859
0.14438507
0.15895295
0.01305708
0.01810224
0.37477668
0.07582098
0.04603956
-0.88848397
0.05366752
0.30878073
0.12383107
0.37059325
0.00593675
0.45284264
0.12006521
0.26552809
0.09890378
-0.09418562
0.34304085
0.25675695
0.50090675
0.33949494
0.20651892
0.48782056
0.00031788
0.16898742
0.17704916
0.33655928
0.21313493
0.04502857
0.03743412
0.30499492
0.12146875
0.03055063
0.26002795
0.17696348
0.07670181
0.02718827
0.18246704
0.00972124
0.09528930
0.10541166
0.34130284
-0.11524394
0.04827431
0.24585473
0.15811937
0.16201082
0.04467168
-0.11266410
0.20229016
0.04072552
0.44297327
-0.00777303
-0.00054610
0.10614658
0.10177226
0.03472067
0.04360181
0.12681971
0.27853429
0.13068259
0.06830146
0.32419834
0.30646623
0.36215552
0.07857578
0.54881467
1.07395790
0.26281476
0.26682549
0.33495207
0.01045504
0.17303871
0.25503376
0.16613727
-0.11893576
0.13819021
0.25010678
0.26873373
0.10113285
0.23823900
0.02446165
0.04122409
0.18691628
-0.05721799
0.09904798
0.27876385
0.12431773
0.08839193
0.18835620
0.44050705
0.35303545
0.00484574
0.33568623
0.35139453
0.28702028
0.23546650
0.10151162
0.07841906
0.04633609
0.00728052
0.02745238
0.15922705
0.16034004
0.03938570
0.17763565
0.37899332
0.18071853
0.31955032
0.22667511
0.18680059
0.04425065
0.10271774
0.04164357
0.47581285
-0.13541388
0.09924567
0.04001852
0.30264935
0.06402146
0.06393702
0.32860709
0.14968233
0.28538849
0.06403639
0.05098356
0.28834018
0.04983115
0.77803164
0.23055482
0.46597950
-0.03069732
0.07449126
0.28487923
0.09921892
0.07183949
-0.01985652
0.04319840
0.43645683
0.39866203
0.03007660
0.25166626
0.01314311
-0.16146573
0.05871751
0.16457652
-0.00454594
-0.24373489
0.30010731
-0.16967640
0.14754128
-0.11653406
0.30028707
0.24508075
0.49015759
0.32736078
0.23091455
0.03913076
0.15257359
0.04971553
0.18998673
-0.05976169
-0.00823614
6.90557350
0.13022112
-0.28925766
0.01810149
0.07879354
0.21782062
0.04699926
-0.42165920
0.19753282
0.45234456
0.08034485
0.14710645
0.32230846
0.09860569
0.16469310
-0.04673860
-0.07837385
-0.00156098
0.02846548
0.26337856
0.15740946
0.30828527
0.25592783
0.18346784
0.10165453
0.16527254
0.02775062
0.30747583
0.05704503
0.15778513
0.15115467
0.01578653
0.17889774
0.00010691
0.16552200
0.20153470
-0.18118185
0.32012579
0.09581645
0.12843400
0.07729489
0.11753046
0.17178516
0.32260939
0.29838785
0.58545847
-0.00077907
0.19645441
-0.02114062
0.24923271
0.15211479
0.09848205
