0.39981689
0.19684812
0.18801577
0.10253853
0.27409731
0.27954934
0.30276377
0.19836860
0.28551426
0.30888325
0.22222184
0.37191732
0.16290294
0.12075917
0.07227596
0.07227596
0.14597997
0.09878472
0.14071581
0.33237877
0.21856340
0.25582468
0.14735235
0.17271196
0.20090146
0.13631277
0.21531200
0.18554487
0.15292941
0.19717133
0.24356707
0.25532140
0.27087736
-0.19220777
0.11543672
0.25193017
0.11543690
0.05751674
0.21905970
0.13445559
0.18736013
0.12195143
0.12275325
0.17763779
0.14454736
0.31470374
0.01732706
0.04053945
0.23674476
0.15967717
0.20776701
-0.11822158
0.13800667
0.18518446
0.03500510
0.06034550
0.06034552
0.14401421
0.13062858
0.12783544
0.28227366
0.19632411
0.05398809
0.10067352
0.05863607
0.11384216
0.08881110
0.20363791
0.08881110
0.15496966
0.12221297
0.11103306
0.12244064
0.16749176
0.11103303
-0.00128591
0.35222781
0.41048476
0.53848231
0.44527098
0.42535339
0.45010436
0.14742353
0.13904645
0.15749468
0.10986111
0.13999759
0.33394303
0.50714249
0.25505897
0.29470908
0.53171096
0.06871232
0.06837268
0.06837268
0.05956920
0.24623590
0.19207640
0.13488020
0.08662637
0.35301468
0.03509672
0.09799732
0.10692917
0.09170097
0.18539230
0.17151677
0.06805475
0.06805475
0.10444487
0.35074273
0.47674502
0.49896598
0.38875388
0.51927201
0.08622217
0.30040013
0.10107648
0.00196422
0.32348661
0.18470765
0.09593331
0.10557128
0.07706451
0.03220091
0.14888341
0.25277633
0.40632514
0.16625721
0.21675926
0.23951059
0.06402668
0.12012490
0.12633250
0.06915940
0.08388737
0.10811580
0.05731120
0.29738696
0.25491585
0.42950952
0.63403464
0.06576231
0.00945494
0.00244140
0.00112595
0.21716986
0.13694630
0.18404790
0.19015552
0.10455469
0.10455469
0.17346595
0.44842237
0.37418370
0.53315195
0.27228518
0.16695245
0.22754579
0.16083715
0.21551726
0.21194839
0.27849738
0.46612334
0.03718896
0.05974294
0.12839556
0.17392289
0.01735343
0.01735343
0.01735343
0.02448261
0.23805888
0.21831798
0.11602533
0.13251903
0.36847132
0.14997917
0.41587573
0.36996056
0.23591381
0.11015053
0.30538516
0.16000570
0.16711804
0.13972286
0.14646195
0.07534897
0.06517941
0.07364313
0.25313487
0.25667638
0.17911819
0.17911819
0.12536514
0.19270850
0.25577163
0.34986065
0.08111738
0.14580439
0.22262848
0.22622525
0.25714689
0.22622294
0.16078748
0.28999145
0.00982807
0.27916118
0.01865910
0.01624683
0.01865910
0.20213463
0.38104866
0.06422804
0.01850897
0.14850091
0.09212876
0.06416413
0.05801274
0.10374543
0.05801177
0.06415042
0.09252289
0.12006753
0.06437438
0.06584513
0.01064348
0.12500725
0.05629027
0.05629027
0.05629027
0.15662558
0.02995969
0.17815813
0.04821883
0.02955787
0.17885255
0.27377068
0.15915669
0.22870802
0.18062956
0.23854579
0.17214400
0.07420187
0.21173332
0.01501349
0.01501344
0.13047707
0.02021295
0.02021345
0.02021287
0.47448923
0.23893695
0.33181659
0.16011117
0.01191053
0.21453311
0.04884472
0.11590892
-0.02096763
0.07570486
0.01098015
0.11107294
0.12707779
0.03923487
0.13186511
0.16735268
0.17345318
0.03820461
0.57162328
0.23424268
0.25325889
0.06220245
0.24749233
0.25291711
0.06429896
0.02789670
0.02789671
0.21198937
0.04769288
0.04769288
0.19774163
0.07071354
0.06999099
0.18984326
0.02638079
0.11631018
-0.01057084
0.09448787
0.36784993
0.31138904
0.28727747
0.28771151
0.25813613
0.11104828
0.17385820
0.12719960
0.08585683
0.02075897
0.02089643
0.01992334
0.02089644
0.03420535
0.11296138
0.18415447
0.00125745
0.26750527
0.04469958
0.07443385
0.03617295
0.12189416
0.08499401
0.14527780
0.06161260
0.03679283
0.05809848
-0.28556625
0.14851930
0.22198713
0.16635640
0.06378391
0.15946088
0.13538921
0.13375481
0.30705601
0.18755272
0.60590068
0.18210046
0.35787097
0.31918816
0.02530924
0.10370268
0.13413087
0.00287606
0.07642535
0.08623898
0.08623908
0.05915981
0.19956483
0.39327103
0.10351220
0.12944537
0.43323199
0.28561784
0.43739186
0.34550835
0.35453473
0.15499071
0.23953490
0.07754978
0.08433466
0.17907399
0.06674020
0.01747866
0.08921078
0.44113800
0.10915685
0.13919358
0.10856257
0.17482236
0.17482236
0.25809595
0.30836019
0.33867954
0.06923079
0.21064954
0.05722265
0.07388243
-0.00055092
-0.02520194
-0.00039527
0.28879689
0.21528943
0.12441014
0.08359596
0.10218441
0.08359515
0.06263174
-0.16079356
0.04916414
0.03964071
0.03964042
0.13256752
0.08213833
0.08213849
0.02170228
0.09695401
0.20208109
0.26539246
0.12702635
0.32884448
0.35989300
0.04219514
0.00269601
0.15797077
0.00269576
0.04289788
0.06127631
0.06127647
0.05786686
0.09225287
0.09225199
0.09315598
0.30220695
0.06694502
0.16346130
0.07417647
0.05097212
0.05097138
0.10742768
0.17667694
0.30611875
0.21836096
0.35818375
0.29213236
0.36027030
0.39983030
0.08292645
0.14288007
0.08292644
0.14288014
0.34125777
0.25670659
0.05239813
0.16166441
0.08009361
0.16904958
0.12786161
0.03546483
0.15374849
0.04364781
0.04229809
0.04148841
0.04784934
0.16682844
0.13097983
0.09554588
0.14431892
0.21951943
0.03924753
0.09596360
0.21280857
0.19204929
0.34594125
0.22991781
0.20103614
0.39701921
0.30227667
0.30820083
0.40789101
0.12301203
0.06753774
0.12301203
0.02460997
0.19143755
0.21485411
0.02460817
0.22382750
0.10284412
0.19314470
0.32690049
0.13519738
0.02625470
0.04392963
0.00651674
0.05267621
0.00651663
0.05071156
0.15417498
0.06591606
0.12340336
0.14966575
0.31839027
0.28517587
0.30414439
0.21880039
0.07753577
0.04066832
0.17370911
0.19440425
0.30287327
0.25413140
0.19442805
0.12898350
0.24661204
0.10407070
0.02336862
0.19707499
0.10653925
0.35214021
0.20470351
0.44818646
0.30618142
0.18187528
0.04299438
0.17540125
0.45006675
0.35022163
0.29926635
0.14231720
0.00141725
0.07903114
0.00141725
0.31562581
0.54794548
0.36999065
0.37798026
0.20547471
0.25407897
0.31117725
0.11408798
0.01059677
0.09997295
0.20046507
0.13091276
0.04617627
0.07970466
0.10677434
0.33850663
0.27945036
0.07780205
0.26479787
0.24846777
-0.08481704
0.01624664
0.01624737
-0.26719877
0.12306826
0.04384377
0.19140351
0.34992422
0.18228564
0.32057943
0.13320491
0.32515214
0.27156989
0.19782572
0.20936167
0.16104143
0.27605657
0.23678512
0.26671045
0.07517125
0.12750802
0.27264736
0.36575031
0.08775904
0.08775902
0.08775904
0.08775904
0.09744767
0.09104210
0.14306756
0.04610181
0.09170562
0.17656950
0.19144260
-0.02450225
0.04672640
0.16692743
0.08626908
0.17814169
0.07786442
0.04613056
0.04599808
0.20379225
0.05887340
0.00652210
0.06072374
0.14563508
0.09202544
0.09202536
0.09202556
0.12158183
0.23776280
0.33487349
0.19585816
0.16230051
0.08788455
0.20055663
0.20716823
0.33198105
0.20716823
0.30822743
0.14466153
0.04414312
0.02608003
0.02608000
0.38258730
0.05329235
0.00147344
0.06109831
0.28289211
0.00052163
6.40445190
0.15462919
0.17904044
0.26791781
0.17924229
0.40634529
0.08433278
0.07210838
0.33991630
0.04946991
0.20748330
0.32874798
0.02928822
0.08919194
0.08919036
0.41074965
0.23680055
0.03714775
0.32036343
0.33555919
0.04462161
0.04538161
0.04538157
0.10328302
0.31788428
0.09722203
0.13365062
0.20238027
-0.01272898
0.01191908
0.11623332
0.01191909
0.31356914
0.16062392
0.12778700
0.19386568
0.07032021
0.14083664
0.01535306
0.26863332
0.08997045
0.08162738
0.34532884
0.13082376
0.40910694
0.30428619
0.13453663
0.21573554
0.20803420
0.24154457
0.26906971
0.11390792
0.38153044
0.23854688
0.08580481
0.10992759
0.10068406
-0.00098592
0.27794426
0.17514167
0.14459977
0.19097961
0.28771699
0.07672216
0.17242185
0.10763263
0.14083786
0.20615692
0.01663692
0.15552980
0.13614676
0.18597941
0.15013171
0.26934052
0.05976647
0.21258776
0.22461288
0.16471944
0.22762664
0.19044360
0.21132145
0.24593168
0.15098762
0.18964026
0.18659945
0.03292905
0.17798102
0.10490653
0.04744463
0.28672988
0.05553397
0.35727124
0.05526822
-0.10203224
0.04243263
0.13182099
0.09166130
0.13737214
0.00572460
0.24438013
0.00572334
0.08149701
0.43167273
0.14868261
0.26147071
0.05761090
0.05246330
0.08447684
0.05761107
0.30019131
0.04340895
0.14035415
0.04041373
0.04535994
0.14261958
0.04535963
0.12746937
0.27618858
0.12620112
0.16342846
0.09439164
0.09439132
0.10193873
0.02806888
0.08917862
0.07536820
0.07536820
0.07536820
0.10540650
0.08546287
0.11659460
0.04433306
0.09736817
-0.00025505
0.12709469
0.04850331
0.05115389
0.04855359
0.13988302
0.25892381
0.42907083
0.00063237
0.05786225
0.11078699
0.07813551
0.07813539
0.11078699
0.13272487
0.08938317
0.12549690
0.10595022
0.25236133
0.04398496
0.23982853
0.74010515
0.08111727
0.31753160
0.06955810
0.13299175
0.46241167
0.42197466
0.22233822
0.31268546
0.08140446
0.02860800
0.08869101
0.20165880
0.45379395
0.48866085
0.24864687
0.13782116
0.23389611
0.23239261
0.25598961
0.41614284
0.24912801
0.08362315
0.15289708
0.07906290
0.14435980
0.01535863
0.01535811
0.01535610
0.35591228
0.11973688
0.12316632
0.13402079
0.03941589
0.03941584
0.29097290
0.04337265
0.19446107
0.29593756
0.27444611
0.07807552
0.00717089
0.00470449
0.00470450
0.03438610
0.00657593
0.20198346
0.16977754
0.03283928
0.17160387
0.23801941
0.19706610
0.05118793
0.17626061
0.01410766
0.01410760
0.01410760
0.09333513
0.15857976
0.15857976
0.09333520
0.22512227
-0.04125671
0.13240843
0.24265727
0.32060528
0.15775279
0.04395868
0.24845368
0.15416155
0.17648484
0.09318608
0.08838974
0.07710564
0.07029875
0.01359911
0.20946122
0.28705540
0.11443450
0.22741443
0.20016266
0.30314966
0.33604612
0.03975330
0.19419732
-0.00038540
0.18325675
0.21908256
0.55038600
0.30287524
0.21383962
0.13407577
0.11792510
0.13072938
0.08575129
0.28408077
0.25104341
0.31639040
0.28480780
0.16321257
0.10283852
0.14708887
0.15099975
0.14708881
0.11273664
0.01141602
0.18137759
0.03189490
0.14537800
0.12224931
0.02318289
0.02318298
0.08917977
0.11421119
0.19633597
0.10231016
0.07418309
0.22901669
0.18469810
0.18630273
0.24463825
0.13753493
0.01034085
0.20227837
0.04744709
-0.02149531
0.10854172
0.07787107
0.31125924
0.15137690
0.19534386
0.22095615
0.19079408
0.14939154
0.22092695
0.17895383
0.04466893
0.08679025
0.13812509
0.27206604
0.37297416
0.05931384
0.01776416
0.01776437
0.01776411
0.37017012
0.29851688
0.28999260
0.12582530
0.13222852
0.12664656
0.13222838
0.27482571
0.17311255
0.15513486
0.26215543
0.36792384
0.18781841
0.13200025
0.15385597
0.02542195
0.07391654
0.02542195
0.01803509
0.01803509
0.31627968
0.29197972
0.26568067
0.14928935
0.16615482
0.16648709
0.17267017
0.12691910
-0.04939182
0.00226415
0.17343056
0.07574109
0.21369865
0.07573928
-0.08796736
0.10295495
0.13746532
0.37585936
0.15755471
0.26393115
0.11942541
0.24786589
0.33788540
0.18649452
0.27068096
0.05226888
0.04570987
0.05226897
0.04571095
0.10135845
0.09257688
0.18393825
0.21258129
0.37554353
0.19202633
0.30225584
0.05092400
0.00278763
0.15209876
0.28395347
0.18226856
0.17233875
0.40021262
0.55030366
0.26564984
0.31795045
0.23085877
0.05872588
0.13114404
0.09527230
0.24621704
0.44442244
0.34041568
0.22139726
0.15636209
0.14157681
0.17420362
0.09547798
0.08407277
0.05583780
0.01506816
0.08364654
0.09828724
0.08364651
0.08364651
0.15242864
0.30519716
0.30071711
0.19960137
0.24706938
0.20505434
0.29854421
0.27310433
0.08361215
0.15896234
0.22035362
0.23490200
0.17915723
0.09416306
0.08539005
0.17487466
0.20437339
0.05304191
0.10636388
0.22319574
0.14817344
0.19953746
0.19126011
0.19090044
0.19090044
0.23042376
0.21524086
0.38285412
0.14896012
0.15938576
0.18724872
0.27381293
0.38938629
-0.00720074
-0.26163304
-0.00047662
6.76733280
0.04237314
0.24352040
0.21259786
0.22034626
0.17019282
0.08893279
0.05391521
0.05391516
0.05895084
0.18536165
0.05847371
0.08079297
0.04664914
0.06630386
0.11332068
0.04664912
0.19647345
0.15945865
0.12251908
0.16167181
0.30355368
0.19608661
0.23094698
0.15955669
0.02818245
0.02818245
0.02818245
0.11436182
0.23528305
0.02116597
0.10132675
0.18752749
0.04608583
0.28522825
0.33226075
0.04956949
0.04718567
0.04662827
0.05657464
0.13070291
0.00269017
0.14682107
0.14382467
0.12612401
0.06410568
0.20101656
0.16083026
0.16078351
0.14450056
0.31954126
0.45848092
0.43471485
0.32302798
0.10442304
0.21623528
0.21285344
0.11175953
0.00766730
0.00766731
0.00766731
0.17701266
0.14876836
0.11959437
0.08993115
0.08229733
0.08202340
0.18638291
0.11183405
0.18638288
0.11183441
0.44186170
0.26993872
0.18899007
0.19328112
0.19824609
0.00671108
0.01289887
0.15765996
0.00671088
0.15157908
0.15363648
0.19396032
0.14341097
0.34183034
0.49265626
0.30635029
0.47540723
0.28751725
0.12734895
0.31451076
0.13617987
0.01870937
0.01870940
0.09197420
0.24011758
0.00374204
0.06334816
0.22771221
0.01400421
0.17153193
0.07751186
0.02334946
0.31914273
0.09949267
0.21997956
0.14192306
0.29144343
0.14854349
0.25987629
0.07288631
0.17511578
0.21442667
0.00670258
0.56638260
0.07154368
0.11081793
0.16483571
0.09519172
0.23024432
0.09727430
0.10339994
0.35656686
0.13607024
0.07540731
0.01001034
0.11910244
0.05718910
0.10724145
0.05634963
0.00630007
0.03377002
0.06446120
0.04206562
0.04206563
0.04206563
0.30647857
0.20801874
0.48675223
0.01682734
0.01682744
0.11383430
0.08180631
0.06168834
0.06168831
0.06168834
0.06168834
0.14061828
0.15442571
0.14061842
0.38366052
-0.07398826
0.34292758
0.27795054
0.34292754
-0.00099464
0.11791744
0.17915968
0.20617176
0.17916029
0.03897569
0.01658847
0.01547858
0.58682411
0.62341391
0.40472752
0.46327001
0.42698162
0.33490315
0.42654205
0.36973118
0.18381635
0.30307699
0.28025894
0.29331084
0.07539775
0.19428191
0.10151923
0.09087019
0.09087017
0.12999390
0.63913493
0.14972921
0.16019324
0.23611041
0.27113718
0.21616170
0.27616729
0.05691524
0.07408835
0.17166938
0.16421394
0.12309912
0.15561396
0.12309971
0.27553617
0.06641893
0.08507245
0.19794559
0.06641893
0.40088892
0.05940482
0.07973885
0.15304238
0.15271744
0.23733370
0.39882349
0.18266771
0.00048155
-0.00201615
0.05842321
0.03424879
0.03434726
0.11681678
0.23561854
0.05618511
0.07815945
0.07213850
0.14721900
0.03654194
0.06623776
0.40201684
0.29337462
0.42196677
0.27332022
0.22499096
0.26305160
0.23138678
0.11526843
0.18555467
0.23747748
0.17231976
0.00224636
-0.16284006
0.01625546
0.11643475
0.35002841
0.06815363
0.08966994
0.12344757
0.12344753
0.40956751
0.02522698
0.09117567
0.10388640
0.30851926
0.16925904
0.03214358
0.25166567
0.28712296
0.07842389
0.12505329
0.16666284
0.20198443
0.29690610
0.36156356
0.25015453
0.08749051
0.16760616
0.16657509
0.14827710
0.16249854
0.15978677
0.09516975
0.09516951
0.25673200
0.22970321
0.39459635
0.29870871
0.02539269
0.18701234
0.43834515
0.07015402
0.01526157
0.09473806
0.01526158
0.17389254
0.00208225
0.04444263
0.00208143
0.11935853
0.03086379
0.20521726
0.02355207
0.24013092
0.26076802
0.14794867
0.21617802
0.21702655
0.12108467
0.11658383
0.11090379
0.11090374
0.11658398
0.11378374
0.06327134
6.11523190
0.19628980
0.36808717
0.05153113
0.05204677
0.08527135
0.08558370
-0.00006955
0.02891170
0.18477312
0.30305895
0.24580447
0.22098972
0.07703556
0.07703531
0.15873727
0.04634813
0.08278524
0.43318033
0.30152796
0.48554967
0.33725611
0.59093964
0.50530922
0.49423270
0.44633960
0.15937199
0.23867607
0.16126532
0.16244499
0.12216334
0.16436814
0.17097673
0.14997405
0.15400405
0.12672950
0.30607697
0.30742362
0.32787726
0.04728625
0.12170194
0.12479629
0.05029679
0.02083572
0.00452072
0.09744114
0.10398294
0.09745066
0.09240556
0.28371156
0.31452110
0.28933057
0.40311275
0.39694033
0.31257561
0.05704498
0.45062132
0.12241511
0.08795854
0.04367758
0.16617763
0.00127814
0.04563276
0.19379868
0.06570513
0.05039188
0.14393246
-0.00147508
0.12393016
0.06634548
0.26321146
0.43585225
0.36264469
0.19573417
0.08212528
0.10530676
0.38660624
0.22702017
0.22829701
0.05607538
0.19013225
0.05607527
0.34924793
0.43764135
0.41335335
0.09521657
0.31993290
0.05244652
0.13761932
0.16473793
0.02248694
0.02248694
0.05755692
-0.04190194
-0.08083714
-0.27440845
0.12491135
-0.05427618
0.01007858
0.33107062
0.61975337
0.03560661
0.02074083
0.03560621
0.13727299
0.00998322
0.10771236
0.00998315
0.17636642
0.00758281
0.21896263
-0.41728362
0.13275164
0.41170970
-0.03985860
0.03678735
0.35209724
0.47489014
0.42234251
0.06591856
0.06882090
0.09959550
0.11853679
-0.47728255
0.35570343
-0.00002660
0.01574431
0.03460641
0.14370500
-0.00209722
0.15682101
0.21567321
0.27971559
0.27971558
0.37233360
0.09994336
0.06995876
0.04219812
0.17312353
0.24751451
0.33614549
0.26222006
0.34476342
0.25206999
0.23694833
0.38884896
0.22060856
0.09991688
0.10003602
0.26628848
0.09097375
0.13933092
0.02476899
0.18451245
-0.02365339
0.21389813
0.20084359
-0.35885536
0.08588993
0.05295187
0.01531234
0.18620008
0.11468068
0.49119610
0.42735989
0.27206684
0.42309358
0.04555072
0.13806350
0.04648042
0.08336368
0.23853383
0.29491996
0.08958378
0.15114734
0.30083844
0.05995454
0.40248891
0.55191900
0.00242724
0.19905763
0.39118272
0.15523147
0.10798111
0.15901521
0.42034973
0.17161165
-0.08518821
-0.02949915
0.09328321
0.09328300
0.49861236
0.26788581
0.31705857
0.24166212
0.19101860
0.15519244
0.17974821
0.10485924
0.08006330
0.07464317
0.07340988
0.08006330
0.11696858
0.15827623
0.13243523
0.14525820
0.01639677
0.02709418
0.02709418
0.05066300
0.12425275
0.13647899
0.10963241
0.24927308
0.11423875
0.11695700
0.11394327
0.08439304
0.21624997
0.07081259
0.05481717
0.02309525
0.05482656
0.10601655
0.16810124
0.38036977
0.07813824
0.13366366
0.38451084
0.09801009
0.11200975
-0.06972563
0.00000121
0.04084091
0.20734676
0.05591693
0.05021449
-0.28682164
0.15074658
0.08693065
0.04465098
0.00700202
0.05971023
0.09685471
0.20800391
0.06307761
0.21626641
0.36475063
0.33474795
0.20500148
0.20150443
0.13725516
0.20564852
0.20564851
0.20564852
0.05320469
0.06065119
0.00640858
0.00539992
0.16320837
0.00269027
0.04893471
0.09738322
0.08153560
0.06926506
0.06972508
0.22940898
0.05968958
0.28742526
0.04300241
0.10545354
0.21589625
0.10538387
0.04820249
0.14451081
0.04460640
0.13268140
0.13929456
0.13268139
0.13268140
0.07779131
0.06034927
0.33637421
0.24840783
0.27510275
0.15664964
0.29863110
0.29870668
0.43410522
0.06721313
0.22585732
0.24708610
0.07771860
0.03099632
0.04258948
0.04917499
0.86520159
0.48323945
0.31457158
0.19799040
0.30371680
0.27948796
0.02701885
0.02701874
0.05172000
0.22025582
0.13889751
0.19864051
0.12949803
0.11151286
0.20545564
0.08391900
0.02117073
0.02117079
0.02117080
0.42863672
0.10252275
0.12827807
0.16166832
0.29536141
0.29475802
0.18012152
0.27367563
0.28591592
0.09651745
0.12116838
0.06367773
0.18189538
0.12213566
0.08893176
0.00988093
0.37575899
0.07952007
0.19065838
0.06970914
0.11769487
0.07818691
0.16412627
0.23408705
0.11957059
0.13464138
0.54223133
0.40656969
0.08391977
0.06900544
-0.18698421
0.19080340
0.15373816
0.28008105
0.15870237
0.48202133
0.29893059
0.40381505
0.29893059
0.03106887
0.28371372
0.10954357
0.09527835
0.07233527
0.04580031
0.09527835
0.16025307
0.15329576
0.08643969
0.07345312
0.17562206
0.18472990
0.18126716
0.31671416
0.36668864
0.06600366
0.37561289
0.18051161
0.00183191
0.14296146
0.14789124
0.14296125
0.14789124
0.02052142
0.03445019
0.02052142
0.02734560
-0.14430357
0.16009600
0.29937881
0.04434992
0.05756136
0.03626063
-0.21133127
0.14680141
0.11139987
0.03618933
0.10528356
0.08898451
0.03789030
0.08898450
0.07721976
0.07863381
0.21576059
0.17821417
0.11309220
0.15244464
0.21643557
0.15886964
0.15886964
0.21643555
0.18408002
0.23654934
0.11512821
0.37681776
0.11457583
-0.11817231
0.11801134
5.52871820
0.01086682
0.25857722
0.10481220
0.15106572
0.00259668
0.13908887
0.21833244
0.10014860
0.33243416
0.12821419
0.10083645
0.18729354
0.05521805
0.26303555
0.31019992
0.17967585
0.15761290
0.02452899
0.07708147
0.25320405
0.15213066
0.14298730
0.08555853
0.15914733
0.18825504
0.29427986
0.21236955
0.32422268
-0.15152208
0.10996087
0.14261855
0.12575440
0.26480450
0.12590215
0.12508636
0.25445260
0.05933609
0.21463641
0.13155125
0.34285078
0.17053900
0.24292751
0.25389238
0.24409058
0.28587803
0.33475309
0.30328423
0.40769245
-0.00033142
0.15939485
0.17710640
0.27961974
0.14306116
0.09547338
0.07639561
0.08928424
0.07639579
0.23099127
0.07435569
-0.15788828
-0.04541533
0.11856323
0.09903803
0.24746061
0.35129909
0.18427628
0.13286694
0.09594134
0.15623826
0.10413079
0.08241781
0.11370252
0.09404830
0.40160589
0.23528229
0.12542085
0.12267326
0.26280984
0.48482148
0.26023213
0.34663521
0.17208015
0.02600589
0.07550444
0.02600585
0.34972953
0.54740847
0.21477069
0.05497040
0.04970587
0.05497040
0.38708723
0.57576558
0.33005579
0.45452401
0.07470396
0.03836125
0.08573134
0.08667100
0.20501534
0.14647072
0.03016560
0.20764414
0.05806827
0.22066108
-0.01400238
0.21990721
0.15120131
0.23274144
0.24045635
0.06607918
0.41340453
0.53983967
0.14384962
0.30157231
0.10581433
0.25742963
0.17600612
0.24648187
0.28455036
0.38193193
0.05180812
0.07341151
0.05562594
0.12328049
0.26590926
0.13282836
0.00587395
0.13282836
0.05120109
0.12020762
0.16067460
0.03846083
0.15140240
0.14979099
0.17401568
0.01323980
0.16110166
0.34758770
0.07216501
0.13984890
0.07216500
0.31275340
0.31475469
0.26577720
0.18995572
0.08733141
0.12797129
0.13226722
0.25779167
0.46655821
0.18324777
0.55923365
0.39891263
0.26422358
0.29913518
0.34281883
0.23172124
0.01779712
0.13713513
0.06799351
0.03677731
0.20502638
0.07496812
0.07496811
0.06782958
0.22524635
0.09976286
0.07111571
0.05335799
0.08508704
0.08521025
0.08518948
0.10530977
0.38026078
0.10017479
0.04105790
0.43162780
0.11861539
0.27566582
0.16437348
0.24191018
0.15608509
0.16517779
0.15608504
0.12236168
0.06207188
0.31350776
0.24760226
0.36718091
0.30883473
0.12895925
0.14526096
0.36119862
0.00150560
0.22561896
0.02829693
0.02701342
0.02829680
0.19048918
0.19219926
0.07337439
0.01087854
0.05554380
0.02942607
0.11666005
0.28164251
0.32047051
0.38771924
0.35901974
0.16530949
0.11462511
0.17601829
0.23159923
0.11134643
0.10613383
0.13831019
0.13526429
0.01738182
-0.50837188
0.25072344
0.17596545
0.10270455
0.11810602
0.17083191
0.13428665
0.13316848
0.13592631
0.15295358
0.13669727
0.14137441
0.24875283
0.04338193
0.04338193
0.04338197
0.27120442
0.23509653
0.36376240
0.37839130
0.52309876
0.17828719
0.17828719
0.14167511
0.23944028
0.21873416
0.21873428
0.21907817
0.33045908
0.24855592
0.31445918
0.30563852
0.05631544
0.05631545
0.15656143
0.05631545
6.44061950
0.09820830
0.09820321
0.03357305
0.14285512
0.28765479
0.25380545
0.18237387
0.19923487
0.28515127
-0.00847380
0.11997559
0.29522502
0.01485686
0.07130787
0.17860484
0.06835928
0.03564823
0.17393829
0.08044139
0.07820743
0.08044150
0.42601072
0.25224651
0.26078649
0.26519338
0.37189727
0.14879952
0.27080020
0.08624169
0.12330428
0.12330181
0.25014003
0.01142877
0.06861042
0.01142876
0.18663539
0.11943146
0.38930187
0.37828445
0.08960356
0.08960354
0.12202345
0.30387455
0.11824515
0.23242840
0.11263759
0.52379562
0.30274774
0.28239697
0.21723768
0.01089236
0.21453371
0.13026930
0.54227843
0.13026930
0.31416330
0.10833527
0.19533515
0.12791338
0.22923006
0.53072933
0.12791335
0.14967429
0.02267720
0.02135431
0.17249132
0.12863188
0.32615595
0.45657909
0.34093330
0.14097534
0.10502065
0.12235233
0.13731682
0.23388088
0.16962531
0.30703737
0.46450719
0.09625464
0.07302651
0.02624321
0.02624321
0.07302652
0.06738501
-0.12959434
0.14239921
0.13533911
0.17143917
0.01227533
0.01227459
0.14817862
0.01227454
0.09234850
0.19953955
0.23178167
0.20027655
0.21576762
0.26027051
0.11050840
0.03824872
0.04214657
0.07876076
0.14154943
0.04178203
0.05838283
0.07651727
0.04880073
0.06284531
0.04868128
0.05822125
0.05822094
0.04868129
0.03145528
0.03839884
0.03094865
0.22270472
0.16794726
0.08687024
0.13367354
0.13781852
0.13979725
0.13760933
0.21630339
0.16968967
0.16865533
0.16968966
0.03574894
0.08387632
0.08112662
0.34184263
0.35334325
0.36143127
0.06089624
0.14766152
0.01990159
0.01990105
0.23055426
0.01990146
0.18900521
0.17866063
0.20637348
-0.28172360
0.23228339
0.00020828
0.25352745
0.77840506
0.59057634
0.53649298
0.09278768
0.16987362
0.24700164
0.25848483
0.21796463
0.28094337
0.24569603
0.25366529
0.08375741
0.03723491
0.04811062
0.07033093
0.24258029
0.16855936
0.07888653
0.14142454
0.16551831
0.16551831
0.37295508
0.06941850
0.15979138
0.19537053
0.06312878
0.08252532
0.10097263
0.39752502
0.00976126
0.09876283
0.24100292
0.42686771
0.22728361
0.34906831
0.26038615
0.12038654
-0.04443754
0.04888648
0.15539986
0.11266452
0.05802461
0.13944992
0.30011919
0.16807104
0.15606807
0.23641738
0.18239424
0.25677714
0.34380390
0.09524304
0.06487946
0.10743381
0.09094183
0.10090746
0.28793232
0.17587328
0.01986887
0.01986911
0.09364959
0.04947139
0.20188193
0.14642250
0.12884116
0.37359136
0.10629397
0.21748139
0.07341455
0.04603001
0.18670922
0.22243065
0.48936648
0.19015515
-0.12977416
0.09383912
0.10488949
0.10488949
0.11930915
0.10488949
0.26968931
0.17734811
0.12862090
0.12862092
0.01999461
0.01999490
0.01999461
0.08508883
0.11202792
0.15328321
0.06728191
0.18300232
0.05009240
0.54299919
0.42394100
0.36067194
0.22127510
0.08667942
0.11989983
0.05429986
0.10558639
0.11542365
0.39388684
0.09744462
0.03348704
0.17549066
0.03349147
0.12739033
0.09509887
0.13713196
0.06681823
0.06681822
0.10584223
0.14568156
0.30915755
0.26415700
0.35568938
0.20025471
0.15149483
0.07419925
0.12306688
0.08558180
0.11145320
0.01534572
0.38248997
0.26931545
-0.05433925
0.19140721
0.21426796
0.19495356
0.12609602
0.18455128
0.19758332
0.30504221
0.17718847
0.00252070
0.10833891
0.17228993
0.16752792
0.03535988
0.09438638
0.01925119
0.11065464
0.01925248
0.01925217
0.06282097
0.15883355
0.11759062
0.34627300
0.20247115
0.36172605
0.04259288
0.01138931
0.03518395
0.17762322
0.08980296
0.09291688
0.06308684
0.06308733
0.52629553
0.00696487
0.29951073
0.12310681
0.07005761
0.01638580
0.33267880
0.36535111
0.23321339
0.40021981
0.10402928
0.08109200
0.01301069
0.22964676
0.00753058
0.13030580
0.15151579
0.17729410
0.19262780
0.17729371
0.05322992
0.14533657
0.05322958
0.15256397
0.11756655
0.01502245
0.07386974
0.01502213
0.00439418
0.00439510
0.12601844
0.00439448
0.30241056
0.07733354
0.15774637
0.21507704
0.12670850
0.11831070
0.11831070
0.11005736
0.02092259
0.15436440
0.05780765
0.47838406
0.64767320
0.48078102
0.06424549
0.03111901
0.03111902
0.36742889
0.32811321
0.22386203
0.33554869
0.35002647
0.32901590
0.26911741
0.02745459
0.14715693
0.12054675
0.26828380
0.09581624
0.12778889
0.05569256
0.03257071
0.03249610
0.01283966
0.15628666
0.01284069
0.26722176
0.05912492
0.25548784
0.11393228
0.00199191
0.17046576
-0.09292806
0.01921937
0.08584144
0.01921937
0.01332967
0.14811838
0.08909330
0.06671336
0.15638131
0.05233082
0.09160588
0.07244145
0.12335922
0.08202409
0.06865586
0.12558587
0.15045297
0.10314292
0.40097062
0.28017290
0.01565966
0.13703537
0.12826375
0.06118001
-0.10201669
11.41828800
-0.19775711
0.27106877
0.29422021
0.05694265
0.06623983
0.21090919
0.14114277
0.10474920
0.43168113
0.32266466
0.12416011
0.07100216
0.22824718
0.02818786
-0.13215046
0.00259285
0.25053837
-0.12118101
0.19083098
0.03943533
0.04415148
0.03862455
0.21745305
0.22478366
0.21745308
0.05987539
0.12145309
0.09552792
-0.00018409
0.04240082
0.04449028
0.34368904
0.33537605
0.43359436
0.42714719
0.10387545
0.10541321
0.00000002
0.13722480
0.20065721
0.45246875
0.34346196
0.36962958
0.32542377
0.26609330
0.26343203
0.21898306
0.17549163
0.24192809
0.26806591
0.09915443
0.12934882
0.13342451
0.19880660
0.23349791
0.11080801
0.14246035
-0.10623878
0.10880683
0.10472583
0.15922678
0.08675195
0.07500288
0.06248009
0.02307204
0.05293314
0.18071521
0.09648690
0.08898593
0.19134901
0.15588739
0.17344664
0.39915562
0.43611226
0.33188831
0.32948268
0.50017179
0.10810711
0.13612547
0.13177141
0.10810713
0.17854973
0.09777092
0.05546752
0.06025255
0.05021340
0.06025255
0.05021334
0.21585267
0.16572476
0.32239311
0.27118128
0.12206857
0.11897217
0.11897374
0.14351480
0.14828530
0.11492979
0.08464464
0.14499019
0.01084642
0.02094514
0.49498254
0.34796364
0.38377370
0.28643191
0.01645615
0.01645615
0.01645614
0.34301544
0.23964716
0.16478850
0.13795599
0.13795597
0.21301101
0.10473809
0.05407957
0.02115479
0.23865962
0.29191339
0.24263447
0.12541474
0.18938833
0.15293125
0.29193969
0.43793310
0.24799450
0.45249175
0.36845866
0.57608697
0.13304602
0.22035057
0.04998529
0.15194773
0.13046068
0.12137182
0.05128855
0.01172997
0.00182707
0.12962890
0.08380999
0.19372394
0.06596717
0.45369028
0.36466545
0.36897996
0.53766886
0.47573516
0.25623294
0.17475603
0.17475684
0.25962575
0.11018686
0.11018647
0.13860689
0.24554002
0.28469650
0.29375805
0.28902612
0.08209439
0.08209425
0.12505429
