0.39242550
0.32267377
0.25068871
0.30838632
0.23971121
0.03500628
0.11990705
0.22302950
0.23237994
0.22463355
0.07152030
-0.54743507
0.35035249
0.13578361
0.18247816
0.07664183
0.14591982
0.25072537
0.34433004
0.17440024
0.11766121
0.77967024
0.37336829
0.30332854
0.11771781
0.05486509
0.20614871
0.26126409
0.30340093
0.04986150
-0.82013805
0.34281576
0.21158951
0.11311644
0.45126838
0.43664471
0.12467968
0.32873809
0.76720772
1.11040260
0.87780779
0.12475181
0.21328188
0.23053448
0.08019871
0.09618497
-0.32590874
0.00105112
-0.15714092
0.05422104
-0.24968855
1.40421350
0.00115755
-0.23744591
-0.01687729
0.35974628
0.19658126
-0.08261408
0.00871062
0.21045534
0.05612884
-0.06509625
0.08886127
0.74014248
0.74112425
0.70104061
0.73522097
0.06586178
0.11516574
0.16342846
0.22755572
0.15452922
0.24081865
0.17113480
0.15532121
0.22178839
0.33199646
0.51518697
0.21052008
0.26896641
5.88371030
0.53167336
-0.09408792
-0.51480793
0.06790372
0.28298929
0.22256468
0.07140729
0.25460866
0.44924858
-0.42580130
0.32223170
0.32624347
0.15450528
0.10869671
12.43999500
0.18068804
0.26280812
0.28829744
0.37349077
0.18588303
0.08905284
0.27871328
0.34383187
0.20137498
0.41592534
-0.34874587
0.28239222
0.07694811
0.42277099
0.38283807
0.52768341
0.36177242
0.39292854
0.12616433
0.71656538
0.25029064
0.25661390
-0.04008413
0.10894007
0.34948138
0.27663621
0.27386337
0.11944520
0.40370481
0.17560737
0.15925181
0.28528448
0.16217256
-0.28557232
0.31430343
0.27543431
0.00711182
0.08375781
0.16812792
0.16722528
0.08504961
0.54459745
0.42995880
0.21004730
0.04498614
0.32089376
0.36222923
0.24991609
-0.39943318
0.23105773
0.36221902
-0.17560547
0.67501584
0.04822450
0.02020697
0.02853634
0.05114914
0.28211386
0.43323434
0.09897049
0.01911595
0.07104822
0.02733566
0.09004040
0.05466248
0.44080950
0.43175284
0.51630648
0.03512152
0.03628302
0.32749342
0.33191477
0.43606704
0.19382006
0.18539921
0.68413324
0.27763002
0.35116516
0.11278073
0.09551294
0.16114061
-0.13416142
0.45991676
0.43918177
0.61503610
0.18916530
0.01715766
0.25644702
0.33817473
0.38975389
0.58374886
0.23321102
0.43305642
0.41063392
0.41127141
0.27896279
-0.56065488
0.38707916
0.00286268
0.18851685
0.35082620
0.20863608
0.59587531
0.29550828
0.16153947
0.10316020
0.27343786
0.59330696
0.47232582
0.51292887
0.56668865
0.41062351
-0.03789237
0.11112567
0.30440848
0.38586450
0.09624015
0.11378548
0.09789809
0.28672966
-0.62487440
0.31714145
0.14247942
0.33583545
0.39488719
0.39659611
0.07681116
0.20598407
0.37497131
0.38060705
0.15426186
0.37317476
-0.25218752
0.06474621
0.17366377
0.05078402
0.09129562
0.13900677
0.24832397
0.19550633
0.36374259
0.17046911
0.00532276
-0.05369754
0.45789555
-0.39511506
0.11450812
0.44305252
0.05232679
-0.41404857
0.55973176
0.03865439
-0.25093766
0.20897901
0.42788447
0.05994863
0.12923960
0.54470389
0.42120973
0.42539924
0.20399450
0.20224291
-0.24144219
0.36996841
0.25421180
0.07350495
7.19429660
0.19595176
0.53283615
0.22281760
0.31711312
0.07651808
0.06614752
0.05002312
-0.28597858
0.15229476
0.18746281
0.25040295
-0.36996859
0.43934580
0.65377182
0.24780262
0.35768836
0.20297010
0.27577131
0.17483854
0.14192981
0.17700420
0.29623855
0.29499247
0.28071795
0.19860268
-0.54098371
0.17625871
0.11644570
0.51746760
-0.42456617
0.37295318
-0.06617372
0.16372408
14.11294700
0.29316183
0.54105124
0.11168425
0.20242822
0.04172765
-0.59476849
0.37235957
0.38350241
0.18969947
0.00267932
0.66427044
-0.05739377
-0.63798918
0.27433467
0.31977673
0.16614179
0.25147525
0.29539158
0.27058786
0.10315233
0.48472658
0.69483609
0.45298876
0.16042155
0.43616739
0.56196336
0.03171756
0.17576005
