0.23258243
0.14107252
0.23326025
0.02434437
0.30545912
0.23752970
0.30913892
0.07394945
0.06778379
0.04471415
0.38058390
0.09125503
0.16767419
0.06748882
0.07879903
0.08981354
0.12133327
0.01098633
0.51083282
0.04285721
0.27245726
-0.25620692
-0.00017115
0.24968622
0.07643188
0.04072242
0.35377711
0.03564216
0.18845564
0.14683879
0.10628558
0.16091963
0.27723211
0.08736750
0.09180216
0.79714582
0.01100861
0.02716570
0.01887192
0.42504417
0.11936446
0.32824908
0.38284965
0.10374372
0.00814679
0.00820186
0.11840732
0.26528432
0.07365365
0.03186722
0.24103708
0.16063717
0.29097961
0.32858582
0.31153948
0.19573152
0.08396035
0.28623229
0.39813812
0.01146110
0.34816691
0.00732781
0.21924167
-0.23500862
0.13376179
0.12622632
0.36471932
0.63937855
0.02925935
0.39852445
0.52937067
0.04564611
0.04699886
0.50375680
0.35597345
0.07912963
0.34736365
0.08636780
0.09711202
0.07557290
0.07115109
0.24707789
0.19776246
-0.11954997
0.42021069
0.16507795
0.08962411
0.08962411
0.10204420
0.42234232
0.00140653
0.21281374
0.14777589
0.10975956
0.39460561
0.47631246
0.38108250
0.12126113
0.15418797
0.38719666
0.00770926
0.11243553
0.12114211
0.09787639
0.10565088
-0.14970788
0.06723961
-0.08869502
0.29571548
0.20207482
0.11673804
0.28146689
0.07164924
-0.54838123
0.27009356
0.21683926
0.02111593
0.00589648
-0.00435425
0.04508122
0.05477320
0.06439990
0.09273324
0.18120072
0.32254748
0.34637066
0.26631018
0.16807491
0.44666230
0.57099580
0.13379367
0.02881247
0.02881247
0.26121398
0.13938586
0.55972250
0.17012778
0.24021825
0.57157882
0.13831856
0.23654802
0.02262709
0.18946086
0.06276793
0.18436060
0.12009289
0.12974883
0.42049703
0.42956165
0.01881854
0.05376656
0.15781976
0.26841295
0.26928743
0.06986677
0.36619655
0.43441013
0.11481558
0.39794951
0.13688717
0.17193069
0.08977279
0.04333704
0.04288301
0.05160235
0.17298114
0.43244096
0.44204332
0.00975060
0.10068911
0.31707170
0.10012985
0.15729651
0.07849245
0.29858457
0.34242599
0.46469562
0.13585796
0.13083217
-0.65529124
0.04132987
0.06593409
0.10908869
-0.90333207
0.10655910
0.05920409
0.43706344
0.08133287
0.26194200
0.15495669
0.27778350
0.15637897
0.10876156
0.22331881
0.42234607
0.15020793
0.34473145
0.18582883
0.44382760
0.05901625
0.31505871
0.27143965
0.01954183
-0.00023987
-0.04758053
0.07811233
0.24570736
0.32793170
0.10275224
0.25652749
0.41690706
0.28070901
0.15795139
0.39305380
0.15407278
0.37973536
0.08416280
0.22632440
0.11753570
0.09944861
-0.11833623
0.11257372
0.29000465
0.28993076
0.19568454
-0.42339374
0.21399746
0.23439976
0.12836382
0.30182329
-0.28328708
-0.51684630
0.23303955
0.02781531
0.17865956
-0.03041804
-0.06613855
0.08072694
0.15847224
0.16895374
0.48655633
0.10084015
0.18963937
0.01770458
0.03936724
-0.12327709
0.45965832
0.00000023
0.31051128
0.29342880
0.30975045
0.00420810
0.02401373
0.03173274
0.11577537
0.14017460
0.33528295
0.24976028
0.25997992
-0.14206375
0.00367472
0.38914252
-0.30546916
0.23877084
0.00351969
0.08965804
0.09937554
0.19615744
0.22117950
0.48813921
0.38707318
0.00915156
0.16454822
0.32487798
0.26064056
0.07923934
0.11099750
0.08624153
0.11086020
0.10594498
0.51907369
0.55315738
0.48092926
0.05085138
-0.00226038
0.06872078
0.30185459
0.46020913
0.38850639
0.22262242
0.07486219
0.07486219
0.05372441
0.27839399
0.04712687
0.20420491
0.25758705
0.21926927
6.03554830
7.98572810
0.07511112
0.09524590
0.18851724
0.43018690
0.14924069
-0.30603443
0.40798188
0.11288041
0.27574844
0.33165236
0.05609868
0.06302737
0.16650575
0.31427075
0.03028787
0.03028777
0.09925272
0.13228673
0.02116563
0.47839541
0.46000300
0.22167606
0.40730738
-0.34441564
0.12513105
0.04817083
0.06160325
0.15205988
0.37053730
7.14166550
0.10524644
0.31926932
0.02428641
0.36442579
0.43483806
0.22820566
0.18063681
0.19121330
1.06607300
0.07675381
0.32150327
0.18344869
0.08441251
0.01429488
-0.04838489
0.10701407
0.27020882
0.17361589
0.08166309
0.14109559
0.18075130
-0.29580101
0.12230786
-0.03343817
0.54112004
0.12880464
-0.10727280
0.03719165
0.26915793
0.13072232
0.23383693
0.43721934
-0.08493190
0.58851737
0.06969439
-0.04974851
-0.00012007
0.20665864
0.15842293
-0.00474301
0.04694607
0.20419144
0.22115809
0.11087803
0.10709138
0.03059059
0.01061553
0.14981337
0.05697266
-0.17996633
0.12991064
0.06056056
0.52359397
0.34179104
0.44533685
0.39336843
0.10329360
-0.15541178
0.07882801
0.19850937
0.06658898
0.14330269
0.23494541
0.09668553
0.04499424
0.18190954
0.22524854
1.37858860
-0.05057345
-0.00662891
-0.01708230
0.10298573
0.00242032
0.05853283
0.12831664
0.07332313
-0.11081814
0.10186540
0.17813099
0.28210712
0.23486135
-0.01895120
0.16475926
0.12166658
0.23389658
0.06328691
0.09198892
-0.26140090
0.22527337
1.35565090
1.26738540
0.07013720
0.31705547
0.05815095
0.11480619
0.96937629
0.06815807
0.27453249
0.02984903
0.05210038
0.27593304
0.29166591
0.24835135
0.36740135
-0.98731898
-0.01212386
-0.33314004
0.25201935
-0.23989482
0.53836031
0.20722961
0.16307156
0.37232204
0.59562672
0.46166263
0.07256920
0.08299581
0.17249661
0.14582591
0.24956215
0.33829987
0.28819202
-0.84248924
0.33287169
0.60599446
0.13760986
0.25856968
0.24937092
0.00839061
0.13527312
0.00359804
0.05469970
0.18299963
0.05126662
0.02799775
0.04533540
-0.00299593
0.10086995
0.17159820
0.16221360
0.31039962
0.13018534
0.44873642
0.18811870
0.59619776
0.42969657
0.12576439
0.10582697
0.12765536
0.43281784
0.18604958
0.07493752
0.21502430
0.29810733
0.19707942
0.02920099
0.14757623
0.11762568
0.01391391
0.14176194
0.31805237
0.25887862
0.00674979
0.24288223
0.03812033
0.02587910
0.75490157
0.59712816
1.12860910
0.35878432
0.05004751
0.12221715
0.10233363
0.03479358
0.04330094
-0.70865320
0.06059532
0.32811183
0.03160628
0.27481775
0.17596510
0.41555654
0.24577439
0.17568212
0.05714277
0.11414815
0.09423770
0.13238778
0.14005991
0.28913131
-0.32366267
0.04342777
0.03523834
0.01661155
0.36189628
0.46877861
-0.00000182
0.25716317
0.13757531
0.35381809
0.35745612
0.25049163
0.17822493
0.19234024
0.56157026
-0.09117429
0.30199542
0.15564420
-0.14538153
0.10256246
0.18108054
0.10256241
0.07220133
0.29699391
0.57711627
0.05125955
0.23661230
0.16828230
0.17627478
0.01880150
0.26901643
0.49288861
0.03197160
0.33371981
0.03365268
0.00679455
0.13063882
-0.07951900
0.48733325
0.24830625
0.22374583
0.15919884
0.07267136
0.23002921
-0.04892943
0.09934431
0.10326516
0.11829049
0.15996203
0.11521512
0.29166254
-0.16574374
0.42958065
0.22924989
0.16040230
0.33056152
-0.01474459
0.04221869
0.23905735
0.00779514
0.08940419
-0.00651920
0.01492214
0.17636892
1.05513750
0.55072703
0.43329923
-0.02502249
0.01534242
0.11057679
