0.10116788
0.61796317
0.13795511
0.19093438
0.10397213
0.12618793
0.11448324
0.05150727
0.05082152
-0.04487995
0.11755005
0.33350064
0.41420023
0.14776519
0.17957964
0.06905287
0.61576969
0.29985305
0.26641980
-0.26823569
-0.16012988
0.10223233
0.49861585
0.15842720
0.00575893
0.24898996
0.09671167
0.21304354
0.01202651
0.07361398
0.16456695
0.02203762
0.04366335
0.37593540
0.55406243
0.08521708
0.08503030
0.15833744
0.06567912
0.09965297
0.36684563
0.18308687
0.13322596
0.06712984
0.06213957
0.09038820
0.06213957
0.53748082
0.27874993
0.05616130
0.08127520
0.10135565
0.07146710
0.10402475
0.07326768
0.37576102
0.20403867
0.01350707
0.00198924
0.01908281
-0.90791350
-0.00146727
0.03364777
0.33327133
0.18196930
0.03668161
0.03668161
0.15804618
0.04659195
0.29590013
0.31541083
0.02354402
0.33355594
0.13463750
0.44495638
0.10753320
0.04401913
0.12411559
0.04369878
0.04421540
0.04421540
0.06063897
0.06091981
0.40468333
0.07887149
0.22565875
0.19471481
0.32881607
0.66082180
0.27340375
0.06205895
0.08316767
0.35925392
0.12751393
0.15446837
0.19238571
0.24818014
0.15600949
0.15061400
0.07918539
0.24971429
-0.14925008
0.09250799
0.52726244
0.38573064
0.13328590
0.13322032
0.17538399
0.05757363
0.35880040
0.20635235
0.18907659
0.28388347
0.17346952
0.47933475
0.19086660
0.57125537
0.01789154
0.23685809
0.09352766
0.17163962
-0.04026845
0.19170064
0.07180293
0.29476775
0.23563441
0.01702119
0.33393274
-0.00239253
0.01955424
0.11344017
0.19482242
0.18507497
0.09393781
-0.00297334
0.14494604
0.18325676
0.18105166
0.18320242
0.22050778
0.03844110
0.22303125
0.05456634
0.02979796
0.07171572
0.19975238
0.44266239
0.22545404
0.16198131
0.18300011
0.07543537
0.07622617
0.04596710
0.08284350
0.25022861
0.14958651
0.39614257
0.19134026
0.39594066
0.02325824
0.04729188
0.25886691
0.15245967
0.14036964
0.22581736
0.12313676
0.14504464
0.14504464
0.12478502
0.16797807
0.41616713
0.27781841
0.07627468
0.01772908
0.14661481
0.26549146
0.02518487
0.10215895
0.10231838
0.09584793
0.21219754
0.11427486
0.46274500
0.21896241
0.10298787
-0.13107372
0.02130426
0.14554221
0.07212895
0.05997657
0.08128889
0.07383585
0.06872257
0.22860970
0.36959232
0.08201602
0.09188262
0.14773404
0.22726418
0.10845938
0.10112424
0.15959618
0.22342692
0.15877583
0.25165404
0.26885395
0.09507462
0.21959368
0.16308134
0.06904623
0.25285112
0.17445413
0.07756000
0.03564393
0.07832722
0.07166157
0.06355944
0.12842097
0.04600626
0.10084450
0.36971044
0.09220922
0.48318716
-0.02807343
0.08278502
0.17965322
0.16101637
0.14498196
0.18398170
0.17455979
0.08886626
0.16823425
0.13161171
0.21044891
0.66639779
0.36164959
-0.05842163
0.44646032
0.13522844
0.16039497
0.09334656
0.15294816
0.07806323
0.14222343
0.40823600
0.06408561
0.16036269
0.02275372
0.23871831
0.12712202
0.20282772
0.36552974
0.17351982
0.20440107
0.09171048
0.00175924
0.36550402
0.41465270
0.09654781
0.50164179
0.08739843
0.03644186
0.49259371
0.11046640
0.31059770
0.27987959
0.25925126
0.14222887
-0.29482379
0.06882428
0.03219893
0.41965165
0.02667878
0.02667874
0.02667877
0.38303814
0.23587117
0.18085409
0.48986157
0.18354737
0.21036679
0.21139584
0.13027485
0.11694235
0.00241833
0.17556634
0.13355820
0.04642735
0.10761766
0.16111329
0.23735901
0.20001172
0.20001169
0.31047020
0.03039222
0.09982605
0.03039368
0.09892069
-0.00007847
0.16080496
0.42086371
0.29817269
0.19153814
0.24014458
0.19761167
0.01495215
0.14752740
-0.01200846
0.11313479
0.29447311
0.02622168
0.22698480
0.22698480
0.24939741
0.15596059
0.43019023
0.03094288
0.15108257
0.14164579
0.14690132
0.10371350
0.03997699
0.00082027
0.05713158
0.04154964
0.14259148
0.24404925
0.00213007
0.20715324
-0.08691150
-0.21034019
0.12008923
0.13294511
0.15768254
0.57899705
0.22235413
0.03885206
0.04010581
0.30760603
0.19612360
0.14928500
0.02387876
0.02250351
0.03150032
0.16553033
0.09645185
0.15741202
0.13962650
-0.16289882
0.15970595
0.04780976
0.02841187
0.04793306
0.02248461
0.02248461
0.33753638
0.19021475
0.11197383
0.08333346
0.16158683
-0.14922177
0.40643279
0.12267999
0.14110959
0.12268055
0.11903492
0.20197215
0.04654549
0.04654552
0.25856217
-0.00009692
0.04057174
0.14408023
0.10915709
0.05323188
0.00969950
0.16234214
0.04617444
0.03627176
0.08604009
0.09455355
0.06082671
0.04979540
15.20918400
0.08929978
0.12638584
0.16928722
0.11651875
0.18248636
0.29818466
0.49323397
0.03676735
0.15563613
0.03963673
0.09372493
0.09526390
0.12498037
0.13364634
-0.19269251
0.45079182
0.41404077
0.06736882
0.05923516
0.18794834
0.05609905
0.01839593
0.01839597
0.04518822
0.06337149
0.05825624
0.22826809
0.31816619
0.35294502
0.44208534
0.46923238
0.34906491
0.30794805
0.04214678
0.11099888
0.08943060
0.17841730
0.24791590
0.15698812
0.28014518
0.12754182
0.16152747
0.09104174
0.01994509
0.01994509
0.34830037
0.22422520
0.29395976
0.21144371
0.10642004
0.13537610
0.21108056
0.23437001
0.38072836
0.12761223
0.06079546
0.15931358
0.06079546
0.17541204
0.17570545
0.17595501
0.06936436
0.06938351
0.06902022
0.06924698
0.12523027
0.54985471
0.00930336
0.01584800
0.12858518
0.20245862
0.34404952
0.08345878
0.09987651
0.13448853
0.14479876
-0.06152830
0.26182943
0.17463816
0.07166518
0.17041889
0.04174127
0.05843139
0.07439338
0.06398344
0.31604859
0.07554077
0.05108236
0.05029721
0.05113962
0.13751450
0.20184781
0.26299348
0.17558929
0.24914437
0.15026885
0.17670298
-0.21158724
0.20748746
0.24863535
0.06014475
0.23875439
0.06106284
0.04900123
0.26266132
0.13753590
0.30215965
0.37675506
0.16250049
0.36306882
0.15897695
0.04735070
-0.14861928
0.07322496
0.06734552
0.33794461
0.48165391
0.33236401
0.03064747
0.02301642
0.12257892
0.17749050
0.05671044
0.44485210
0.17772771
0.23423321
0.22822938
0.06057372
0.25584961
0.06720031
6.33885510
0.43938254
0.29184680
0.11045326
0.22408048
0.04179672
0.00699475
0.01888923
0.26020993
0.07954516
0.08476871
0.77531050
0.45133406
0.11883637
0.12133274
0.11902635
0.36138912
0.12277524
0.08115972
0.41456246
0.28461031
0.16408043
0.06705373
0.06480708
0.23100104
0.34031659
0.11030980
0.19528387
0.12480703
0.06818506
0.25046474
0.35761254
0.00188988
0.17793241
0.21749229
0.25093513
-0.42703124
0.21472134
0.18781373
0.01493200
0.13447729
0.12038374
0.12415491
0.37213248
0.18416124
0.16093555
0.16093555
0.19969199
0.37320633
0.29309333
0.06662948
0.26128197
0.18165796
0.44340523
0.38186388
0.11954279
-0.11989054
0.03363609
0.17822021
0.28583619
0.42223430
0.36315848
0.09621062
0.31788467
0.12299929
0.35227770
0.24625981
0.25470030
0.06703096
0.15940341
0.15046863
0.18984643
0.25874627
0.21122237
0.27000621
0.22485479
0.30125018
0.12511328
0.08980965
0.19061165
0.00595998
0.08441783
0.09083465
0.21220217
0.00514622
0.27951019
0.08293880
0.08036326
0.15757464
-0.00510680
-0.00512434
-0.21794654
0.18931652
0.03195057
0.15849972
0.15034856
0.39999309
0.20579649
0.15435953
0.04854337
0.94479529
0.21571326
0.01594782
0.13917749
0.10136892
0.20575714
0.01092387
0.01011077
0.15313845
0.20334969
0.15422366
0.04947738
0.32692492
0.32490271
0.30621406
0.18135257
0.16675078
0.13868756
0.24814302
0.07791076
-0.23989420
0.11367895
0.13788278
0.00833225
0.34313621
0.41172291
0.00675316
0.05634438
0.13738037
0.31785096
0.08121160
0.04108167
0.10125668
0.13201203
0.42186579
0.10582629
0.12275981
0.22090181
0.00809565
0.07742802
0.11735287
0.34512329
0.15538905
0.01472629
0.31764808
0.00960862
0.05197138
0.12802388
0.20494787
0.27257750
0.00962812
0.30170409
0.07667538
0.26796488
0.09632529
0.29509808
0.26462659
0.26546105
0.69346403
0.12779998
0.13048250
0.13513314
0.17162429
0.05528660
0.17130736
0.06046221
0.02260482
0.02260482
0.04407641
0.03872063
0.18793959
0.18794009
0.57116069
0.22285739
0.10968698
0.25576714
0.07245590
0.41586487
0.37622485
0.30233499
0.45459363
0.44104600
0.07916200
0.19865317
0.12317737
0.07484463
0.13703883
0.10652533
0.20764476
0.16424336
0.02535085
0.07281496
0.07669250
0.14086695
0.15964050
0.28228106
0.08606531
0.11471133
0.39342010
0.12855451
0.03376460
0.23220321
0.15362146
0.14589280
0.21531332
0.17605713
0.20641327
0.09948743
0.37935678
0.49036664
0.35001940
0.56667069
0.36085860
0.36545635
0.12238972
0.10857833
0.22994936
0.21539706
0.08695509
0.01805513
0.04241799
0.10750073
0.01258969
0.20927425
0.41164487
0.36236893
0.37900542
0.08978461
0.29352404
0.08978472
0.04592824
0.27964660
0.30228193
0.31343526
0.25535205
0.59467865
0.07735233
0.17524096
0.05003406
0.08135180
0.10519029
-0.00550674
0.18003971
0.19869486
0.02333533
0.04301876
0.02333533
0.06686079
0.34725654
0.23464798
0.42175580
0.19888923
0.38964116
0.30980368
0.13112515
0.09623395
0.11504354
0.01308537
0.01308537
-0.01655094
0.02867839
-0.11664863
0.32635833
0.33775885
0.31689406
0.20263761
0.28515548
0.15051685
0.11965695
0.34144759
0.70040999
0.02055965
0.09798484
0.02055951
0.30590987
0.28634494
0.12774022
0.13991256
-0.84727110
-0.06157667
0.05143716
0.15003314
0.26502764
0.06039917
0.35908556
0.30506952
0.22317973
0.16675880
0.08399513
0.24166225
0.12896526
-0.05687581
0.12424075
0.51909721
0.38473189
0.31816334
-0.09441219
-0.49463911
0.08347707
0.20479129
0.04869764
0.09253004
0.37923283
0.33140045
0.52444098
0.45376321
0.55486621
0.01127279
-0.02052348
0.39027783
0.48059611
0.14865072
0.25049993
0.08657277
0.30333560
0.15438788
0.17910333
0.34228297
0.47377820
0.33401250
0.08436772
0.19411517
0.09699279
0.06978450
0.08208593
0.17009699
0.08208612
0.04518082
0.13717986
0.07797580
0.00000730
0.23374296
-0.43446192
0.25573602
0.38033530
0.34987486
0.18796904
0.08561476
0.14597476
0.10631194
0.08377382
-0.08959503
0.30834861
0.09817024
0.08095373
0.31712968
0.12627223
0.21274244
0.11981811
0.10941094
0.30490572
0.06184890
0.11656086
0.16145033
0.07035533
0.06657729
0.39063493
6.55596070
0.20515606
0.24631281
0.26323265
0.19013384
0.31054452
0.29018088
0.10188207
0.16935054
0.08076922
0.15299844
0.13120649
0.13102439
-0.00349738
0.04506101
0.04506397
11.74489600
0.11643854
0.61838036
0.60266714
0.22415571
0.01087602
0.01087602
0.09940050
0.14653528
0.31422638
-0.08765336
0.16048283
-0.01163338
0.15580820
0.12415483
0.05269924
0.00276761
0.39761526
0.14824732
-0.29739951
0.37127078
0.29301719
0.25637298
0.02059348
0.01134252
0.00163842
-0.08433118
0.08518939
0.02372593
0.02386047
0.17272850
0.32796196
0.41339012
0.31160794
0.20196355
0.12311733
0.12080643
0.14461783
0.25805849
0.32166092
0.17539376
0.10604870
0.21528074
0.06546484
0.02914949
0.12116752
0.12822457
0.25403280
0.25048338
0.10140382
0.00489010
0.11913207
0.31532258
0.21314712
0.10711746
0.23327020
0.31830838
-0.00000416
0.09310149
0.20322958
0.27863718
0.31208950
0.09878827
0.09878827
0.11990327
0.11283843
0.00618560
0.01916645
0.42697191
0.11322888
0.16857230
0.04910531
0.11511058
0.23769977
0.03582851
0.02569071
0.04982384
0.32041331
0.06483821
-0.00180066
0.14389359
0.00923175
0.00923223
0.38158460
0.09681269
0.18911608
0.05210779
0.19847143
0.02553565
0.16021424
0.16429687
0.16784595
0.02474030
0.00390163
0.16511057
0.42303739
0.04265487
0.27925025
0.20534345
0.16759550
0.38102821
0.16981062
0.23526793
0.13765735
0.23467327
0.31281828
0.47676029
0.01390734
0.03532178
0.16354866
0.06788163
0.11971118
0.18861658
-0.00752436
0.16327889
0.37276335
0.12723380
0.00870946
0.02424142
0.03662472
0.02424142
0.17692377
0.07225510
0.41807886
0.11253466
0.17504444
0.20915081
0.12695064
-0.12380165
0.17018303
0.14161025
0.05050670
0.01890706
0.11781787
0.05626416
0.16469237
0.08425766
0.29554768
-0.02670374
0.11565206
0.05296130
0.07738419
0.14131132
0.00461807
0.45735900
0.09205628
0.23183422
0.15162059
0.02720903
0.12368842
0.05699894
0.34290923
0.06439636
-0.15485575
0.22473032
0.14082405
0.24080098
0.11886563
0.40054214
0.19053005
0.32723558
0.42635329
0.07085112
0.13032560
0.30481772
0.24898683
0.13926122
0.13926135
0.25846669
0.31787760
0.16643483
0.47264778
0.28111528
0.29422092
0.04634901
0.04634898
0.04634901
0.10410065
0.09950158
0.07400588
0.03665971
0.29593740
0.50108091
0.25500599
0.25542368
0.00453600
0.00745271
0.11769168
0.33590948
0.13740133
0.09119487
0.26307902
0.06386930
0.01899081
0.16871731
-0.01426714
0.09862468
0.17726996
0.06753473
0.06755023
0.06721250
0.22089592
0.08957777
0.08957726
-0.10670142
0.16765650
0.22640118
0.12608874
0.15877464
0.09505084
0.09505085
0.17242044
0.73113065
0.09949217
0.09949213
-0.07781047
0.00754426
6.82917180
