0.06508397
0.09585502
0.20818120
0.07011368
0.01523862
0.01523862
0.10048260
0.01523835
0.05250866
0.05250865
0.12173140
0.05250868
0.19102990
0.39070261
0.23427131
0.20104262
0.21514845
0.00557219
0.14592908
0.11662312
0.29297197
0.08992312
0.12781671
0.24649235
0.19499541
0.10929825
0.08619067
0.01763674
0.05064742
0.18774572
0.18084084
0.07039239
0.28669236
0.29279648
0.01625340
0.18797395
0.42898342
0.34416673
0.39081479
0.55362667
0.29323330
0.27039999
0.23975449
0.28463840
0.02196104
0.02196104
0.02196104
0.06970256
0.06967398
0.05399730
0.18446099
0.04383741
0.24968184
0.09283936
0.16369189
0.09284420
0.32554091
0.00945861
0.13680284
0.00945766
0.15976973
0.09950302
0.15243801
0.08999220
0.32981596
0.02007889
0.05512787
0.16157589
0.11842557
0.20923198
0.05239554
0.32717038
0.05366699
0.03914860
0.03914902
0.13319352
0.15058073
0.04607736
0.15194726
0.10570939
0.09461882
0.09528786
0.10570942
0.24018960
0.18639713
0.23551127
0.22685779
-0.10443091
0.07093201
0.12645015
0.16617874
0.24284027
0.19840450
0.16041635
0.12855447
0.12341344
0.13451381
0.13037786
0.21890911
0.14398077
0.19790823
0.14243151
0.12575988
0.12299639
0.14243141
0.16002323
0.11989525
0.08698391
0.19562678
0.23675679
0.29877796
0.14902487
0.24187293
0.14793384
0.15015746
0.01211652
0.01211553
0.01211639
0.10580073
0.41981647
0.08781003
0.11023970
0.06187053
0.06876304
0.07962310
0.06187102
0.15398108
0.23421648
0.12937179
0.16332857
0.08309763
0.35187232
0.21825756
0.08309770
0.20290821
0.24501506
0.28666919
0.23551064
0.16499968
0.26765898
0.15849125
0.25400700
0.06808270
0.21529624
0.10492966
0.12647957
0.05422336
0.16866033
0.05623090
0.17734123
0.10092836
0.28152610
0.16178926
0.15830761
0.21834298
0.18943950
0.10790921
0.17347723
0.11197109
0.17555438
0.13416279
0.11197122
0.18287457
0.16761283
0.17663795
0.32299902
0.07730196
0.07473450
0.10677217
0.07382008
0.15250475
0.09876550
0.09876547
0.31486446
0.15599005
0.12190127
0.31510260
0.13496356
0.22048940
0.17449901
0.11693666
0.44776345
0.34726346
0.10261249
0.03891196
0.10065699
0.20328046
0.04641210
0.16953476
0.41029075
0.25230980
0.14960628
0.09878423
0.15083947
0.07803266
0.15082013
0.17797291
0.08315720
0.12070779
0.11349065
0.28033999
-0.04322651
0.12079335
0.17098397
0.10617824
0.17098397
0.10606885
0.13951697
0.04469160
0.04469198
0.15347749
0.02739849
0.03547143
0.03547125
0.03547188
0.05417676
0.05417675
0.05417672
0.15219521
0.29723703
0.52739430
0.40404602
0.40974311
0.12052642
0.11977146
0.11977144
0.12479477
0.14732862
0.22030128
0.25898080
0.17520188
0.05339671
0.08523259
0.08250760
0.08523264
0.08196732
0.21309982
0.08196734
0.12579510
0.12026561
0.19722575
0.13446540
0.13235538
0.19018262
0.43322138
0.38773033
0.25411404
0.10744002
0.18838718
0.19605954
0.10743975
0.12152999
0.18862731
0.16721603
0.13763739
0.10283504
0.09707618
0.21157253
0.09707615
0.07402066
0.26037561
0.19325427
0.07402044
0.08326327
0.07398770
0.12706122
0.07398738
0.06098580
0.20596154
0.06098601
0.09086950
0.28063047
0.37569106
0.38804742
0.31450165
0.00269792
0.18720245
0.02469152
0.02942063
0.02942064
0.02942064
0.04106114
0.23941370
0.08525427
0.06175270
0.14239528
0.11726833
0.11007632
0.06504171
0.24664243
0.22205916
0.45029931
0.15026908
0.17339873
0.17339898
0.16271983
0.31455297
0.10861616
0.11075846
0.30078700
0.04592110
0.10403905
0.11402387
0.04039529
0.00920614
0.15417113
0.07864447
0.28995743
0.22409840
0.06994997
0.16876845
0.02098424
0.02780286
0.07854404
0.25750836
0.29675113
0.32031693
0.14026357
0.24253471
0.29558021
0.32667511
0.20559566
0.00177847
0.16045955
0.04000160
0.03391579
0.10663231
0.10663290
0.17594605
0.10663254
0.08297957
0.07106406
0.19651289
0.08560349
0.17689559
0.26186915
0.37346689
0.15569639
0.03441509
0.18559694
0.03441513
0.01364795
0.17700007
0.01364788
0.05421343
0.19248813
0.18361414
0.05486566
0.03356613
0.05803939
0.07854489
0.23043371
0.23787277
0.13426597
0.00922004
0.07865245
0.11637395
0.10914992
0.15824467
0.20676150
0.30643215
0.26867996
0.19251985
-0.00541448
0.21827897
0.30482687
0.36958785
0.21827896
0.18699989
0.17969396
0.29027862
0.23591722
0.01285057
0.10969868
0.01285059
0.01285059
0.21664006
0.09553098
0.16537409
0.09553106
0.21640226
0.08388694
0.19136621
0.23716427
0.07236651
0.12831025
0.07400156
0.02877403
0.12331976
0.02877390
0.26854817
0.07827594
0.05012384
0.13416501
0.11806961
0.07435717
0.22998479
0.10851999
0.04716774
0.04716752
0.11928731
0.34237128
0.30360473
0.31777986
0.34891463
0.12638280
0.04137904
0.07739253
0.15091411
0.08273318
0.02352008
0.02352009
0.02352009
0.17119368
0.02651674
0.25522586
0.13776577
0.49465648
0.27152377
0.44056374
0.27152400
0.27152400
0.20087494
0.24707874
0.27037508
0.20087479
0.28239639
0.34482971
0.27853192
0.37738182
0.02467744
0.02467746
0.08373510
0.00638947
0.12984229
0.00639013
0.00638996
0.14001276
0.10917102
0.07055487
0.12469319
0.10686556
0.07055419
0.02353581
0.25788168
0.19845348
0.15461001
0.13792726
0.17038915
0.37875798
0.04006774
0.04313153
0.04006774
0.33096287
0.33442724
0.25442250
0.39962222
0.29058859
0.22051639
0.31953065
0.10527718
0.07555561
0.16292850
0.10527716
0.20478344
0.10737448
0.10737389
0.20537023
0.45539020
0.15597530
0.29363971
0.21643120
0.26205876
0.00756974
0.18487311
0.15655440
0.20619295
0.35600872
0.39706383
0.13541737
0.23909667
0.17436490
0.24197714
0.02277774
0.04773666
0.10129347
0.24493863
0.18399811
0.17819936
0.18006204
0.08518153
0.25833502
0.23632538
0.10017742
0.10017777
0.12376357
0.08437767
0.05557705
0.08437771
0.03374813
0.14506180
0.14809217
0.31836293
0.28443728
0.27471055
0.27968625
0.10956235
0.28498419
0.29181469
0.23803722
0.11183097
0.09045676
0.11213593
0.06158254
0.29285936
0.09298799
0.20492005
0.15116658
0.26952070
0.16126369
0.26725385
0.05505568
0.23520667
0.05505503
0.06986326
0.02810084
0.28339241
0.02566759
0.02566759
0.05567971
0.18298944
0.18460407
0.29703030
0.18460407
0.18460408
0.05922623
0.14703639
0.14281067
0.05922635
0.09671617
0.00404728
0.13834905
0.29704759
0.30226845
0.29425774
0.47249358
0.06634611
0.08366180
0.06634574
0.00499243
0.12394869
0.14684809
0.00802066
0.10080474
0.07356927
0.07740888
0.32539175
0.17640869
0.12100250
0.14137521
0.32141238
0.45616000
0.31482209
0.25440262
0.57309961
0.26933051
0.28133418
0.34307105
0.09242915
0.07234988
0.07234912
0.09242954
-0.27893911
-0.32786206
0.15834365
0.26741719
0.42723461
0.27136335
0.26654545
0.18944435
0.26226306
0.25901262
0.05707314
0.13588385
0.16978503
0.05341157
0.03242485
0.03242481
0.05154833
0.05871699
0.05154833
0.05154830
0.01493032
0.20805740
0.09806467
0.15076343
0.12350411
0.17650522
0.13821807
0.03524643
0.23304287
0.04779370
0.03524620
0.03861610
0.10127273
0.14962116
0.03861614
0.14371053
0.40767920
0.19928977
0.06180858
0.23012175
0.06180844
0.05917245
0.15502312
0.05917241
0.12873153
0.42641367
0.10554911
0.18440025
0.31552044
0.29914572
0.09724606
0.23888621
0.25338719
0.21585133
0.04668195
0.21454796
0.04681036
0.24205292
0.24330137
0.21342315
0.07086702
0.10814575
0.06247367
0.16793473
0.11274357
0.02683390
0.14957455
0.10805106
0.14103781
0.06322480
0.06389294
0.06322417
0.19991342
0.04378137
0.07862173
0.23409573
0.04378271
0.08283629
0.03570352
0.07912306
0.17817817
0.03295184
0.20253407
0.32641753
0.20253407
0.37943593
0.25716522
0.25901137
0.19853181
0.25716550
0.40270121
0.34334136
0.34118779
0.40610221
0.20713599
0.13578493
0.22126820
0.32633604
0.18838111
0.24287659
0.20558549
0.14204108
0.05608024
0.03177547
0.05607863
0.03177548
0.13416522
0.19741907
0.13416568
0.16439494
0.37015834
0.34264797
0.10026310
0.10119293
0.12678825
0.07244191
0.03917534
0.18902670
0.04306551
0.15871217
0.22989430
0.22404909
0.15871218
0.09000006
0.28190164
0.18875625
0.09000053
0.03116880
0.03251440
0.11930734
0.02567297
0.20059406
0.20319999
0.07557688
0.10350491
0.05260243
0.08566386
0.14304773
0.08430261
0.34751436
0.40554818
0.30929589
0.33536471
0.19217650
0.26506532
0.13444974
0.06672118
0.35817654
0.13452105
0.20779337
0.01477458
0.10285281
0.20239862
0.03835439
0.08717843
0.11087917
0.08717866
0.02707548
0.02769083
0.02707550
0.10929195
0.21532786
0.15802460
0.19419757
0.18693532
0.17700900
0.18694639
0.17700897
0.10198807
0.10199044
0.10199047
0.30878862
0.39224213
0.27176689
0.33817304
0.28722090
0.16484058
0.19981164
0.15872867
0.30174522
0.35019316
0.31755381
0.34364930
0.31268183
0.13491881
0.22175653
0.11694423
0.24715310
0.26006699
0.27451875
0.21658509
0.23840069
0.00792190
0.12537255
0.15419747
0.25289698
0.12473743
0.25040477
0.17044471
0.24654405
0.17986227
0.12087445
0.05614283
0.26435413
0.22523825
0.25273041
-0.02589283
0.12330422
0.12346789
0.17008907
0.13084880
0.32165944
5.60874330
0.17396685
0.09221446
0.06040997
0.02474990
0.09049764
0.02474990
0.11950230
0.26795704
0.11950231
0.11950231
0.12345457
0.24400257
0.14174204
0.37733535
0.14388175
0.11725271
0.30985272
0.17237728
0.17042132
0.20222868
0.07655185
0.07904079
0.07904060
0.08529258
0.12791615
0.10243955
0.14499491
0.06329760
0.22448679
0.19368771
0.23220223
0.18555843
0.06498805
0.10154241
0.08616693
0.04155054
0.04133287
0.18953377
0.14729273
0.16240225
0.18950215
0.16091438
0.07686490
0.02632948
0.14143356
0.13049474
0.12330912
0.12330911
0.21038725
0.20833549
0.24846369
0.15078409
0.09107508
0.12424225
0.12424236
0.09107491
0.18926140
0.13012703
0.23708644
0.28383706
0.16593562
0.16661705
0.27306241
0.11981447
0.21548788
0.04806473
0.13117646
0.04806272
0.05502187
0.11941281
0.32258366
0.11900454
0.13058065
0.01820785
0.08713909
0.25095636
0.23804469
0.17183075
0.21643313
0.12145420
0.12145420
0.12145420
0.12145416
0.13044378
0.33202833
0.39723213
0.13504152
0.12179185
0.15323927
0.12179184
0.12179187
0.14890442
0.15832050
0.11889542
0.12583760
0.15304334
0.19724491
0.12583686
0.00795647
-0.05973507
0.00795631
0.02863338
0.02603352
0.11237682
0.02603350
0.19609640
0.14793771
0.19609638
0.18964380
0.09463260
0.06039465
0.28676455
0.17663986
0.00792072
0.10307796
0.08345311
0.05773185
0.20510540
0.02799032
0.02253142
0.33857246
0.25353438
0.27571533
0.31823026
0.27158659
0.12498356
0.12496878
0.12498346
0.26717401
0.29747109
0.18927377
0.10828962
0.09691951
0.30149621
0.25695948
0.23307411
0.37162706
0.49681609
0.11015914
0.10753798
0.01655445
0.02881434
0.02881486
0.06362072
0.15176790
0.10006635
0.05309515
0.10006636
0.08150686
0.12164068
0.01586992
0.14941021
0.14941044
0.05264541
0.09703927
0.04440213
0.15854307
0.18149229
0.26248041
0.18149222
0.36981645
0.04650044
0.08957374
0.04650257
0.10701953
0.05365911
0.08388384
0.05365912
0.06088127
0.19158884
0.16249271
0.18883281
0.18675707
0.12792059
0.13619517
0.13010947
0.12792066
0.24270324
0.09462600
0.09462599
0.28765778
0.16556421
0.08513541
0.08513542
0.19375064
0.09790913
0.10878884
0.34424843
0.19943873
0.29543348
0.10946059
0.21332687
0.22527593
0.22122124
0.18354060
0.15621844
0.20300632
0.09593568
0.10275054
0.07005264
0.13336448
0.18804046
0.23783400
0.33910355
0.57465736
0.41573743
0.20869456
0.22204901
0.14606894
0.13701989
0.04868401
0.18658872
0.22447057
0.02470829
0.09746948
0.14543734
0.12595980
0.14543728
0.15885197
0.14099643
0.03576263
0.21585877
0.22136162
0.21585819
0.22771533
0.34836368
0.33985011
0.39661749
0.42928937
0.26173479
0.30993375
0.26726735
0.23544108
0.12402858
0.17191064
0.01904351
0.16257895
0.17274676
0.27425768
0.43230577
0.03891696
0.03891696
0.03891696
0.03891697
0.23335746
0.13838884
0.29479499
0.23585724
0.07428890
0.07428891
0.07428891
0.15191200
0.22148870
0.24938909
0.34588098
0.06726237
0.00526625
0.00526632
0.05300952
0.07779474
0.07779474
0.16271514
0.22704807
0.16218859
0.10661963
0.00513116
0.00513130
0.19463789
0.07713928
0.17047388
0.18310833
0.29228544
0.21076639
0.20648168
0.24331218
0.13306523
0.20784706
0.24707453
0.13306522
0.07185432
0.31515055
0.24803912
0.07185414
-0.22663538
-0.20241952
0.05928380
0.12418824
0.18131449
0.23811877
0.16739556
0.17411399
0.34910569
0.25406077
0.37938370
0.24611762
0.01941555
0.18834757
0.24371349
0.11208180
0.22517044
0.03482164
0.18172827
0.03482161
0.18525164
0.10933860
0.10933859
0.10933859
0.23444498
0.03224391
5.48274090
0.27043335
0.08863943
0.20549695
0.13740090
0.10619808
0.13075299
0.14659903
0.11746382
0.08630271
0.08630273
0.08630273
0.14395250
0.38337204
0.25544417
0.19774865
0.21949129
0.44613866
0.15824368
0.28553323
0.27007561
0.20890676
0.04668020
0.13402379
0.12680484
0.06952836
0.25559371
0.31519582
0.18316407
0.15376044
0.09269093
0.09269098
0.09269097
0.34338489
0.16186108
0.16185911
0.25912801
0.09350847
0.03974336
0.03974336
0.25334988
0.52812097
0.28494405
0.17473480
0.08890204
0.11725873
0.08890241
0.16343411
0.22033454
0.19322440
0.08732376
0.22423512
0.10663315
0.19389898
0.26828450
0.15279140
0.15279134
0.21418233
0.27475342
0.32794921
0.26828807
0.19100345
0.09689107
0.15560550
0.14951795
0.08769443
0.08645313
0.28731524
0.20512873
0.10698439
0.04609505
0.16293254
0.09335459
0.23252532
0.13102635
0.14451363
0.11776388
0.12393845
0.13286914
0.07446292
0.07446336
0.07446336
0.12809386
0.21314428
0.23136078
0.01261660
0.01261694
0.01261694
0.00288404
0.23960124
0.12026734
0.10239833
0.23396410
0.29517466
0.18270822
0.29891330
0.18793863
0.01590096
0.07379642
0.12999368
0.27294666
0.10819446
0.20835344
0.25050832
0.11639475
0.16247319
0.08505907
0.14571853
0.14571836
0.23281330
0.09800658
0.19505682
0.05483702
0.22690809
0.25580325
0.32398260
0.17202093
0.24246391
0.33744645
0.34967445
0.39359232
0.04680584
0.04680582
0.04680582
0.04680582
0.22731830
0.22850190
0.27831834
0.21186574
-0.17117042
0.00092756
-0.09561413
5.37723390
0.31734156
0.23344487
0.23344489
0.21550854
0.22871029
0.17173096
0.20103527
0.17159400
0.05912790
0.14779259
0.09045531
0.05912787
0.07041361
0.06659345
0.06659280
0.07041546
0.15288386
0.11144744
0.09389467
0.11701010
0.20553192
0.14584503
0.26431873
0.16373428
0.17177099
0.20699281
0.25432180
0.17177095
0.13157691
0.19488363
0.21350727
0.13207335
0.11590154
0.14536503
0.29512041
0.10448858
0.16212212
0.29543878
0.13921898
0.05072771
0.06961961
0.24742259
0.06829914
0.03156337
0.13880289
0.11386414
0.03156337
0.17689540
0.19941795
0.06909458
0.19989949
0.24045063
0.20233014
0.14663543
0.02281546
0.08970128
0.06227535
0.03817899
0.12044232
0.06471819
0.34838719
0.27548825
0.16474280
0.25139204
0.20106297
0.03357052
0.03356181
0.03357061
0.43853544
0.24707109
0.30050689
0.24707111
0.13426560
0.03620151
0.18122548
0.13791260
0.32424881
0.29504638
0.17819058
0.27198860
0.15246146
0.13797391
0.22158397
0.09514882
0.31537852
0.41576823
0.36921273
0.26228061
0.13069682
0.02723955
0.02723956
0.09248921
0.21042661
0.21715246
0.21042666
0.37882858
0.02931490
0.18225904
0.10425467
0.11061432
0.09825838
0.08601006
0.09853283
0.08676434
0.06211820
0.05918246
0.09367942
0.18228512
-0.06811877
0.26306652
0.06490647
0.29045794
0.26439494
0.29045793
0.18408976
0.23121872
0.25634434
0.20895389
0.01468465
0.01468466
0.01468469
0.10211858
0.10178424
0.10211857
0.10406796
0.06838347
0.10203365
0.13904861
0.06327905
0.21857142
0.03373065
0.07978097
0.21879296
0.30220395
0.07978105
0.33460834
0.34736839
0.06122516
0.04363683
0.05570372
0.15417931
0.11130382
0.16569428
0.22327724
0.44761292
0.27650392
0.39832288
0.16010600
0.46567812
0.22871688
0.20688705
0.25244822
0.19088126
0.06512241
0.11899417
0.03263529
0.04933068
0.03263530
0.63903949
0.37136694
0.39372495
0.39896121
0.15616227
0.08553938
0.14369961
0.30516814
0.10603499
0.13557263
0.21388613
0.13841471
0.19772400
-0.15665068
0.10858104
0.07870487
0.08861793
0.03879560
0.03879556
0.03879556
0.03879556
0.24845089
0.15862887
0.15270168
0.24366929
0.15382354
0.17197757
0.24512522
0.27090493
0.15356843
0.08536770
0.20281829
0.20442505
-0.18144713
0.04763873
0.22272667
0.13454942
0.20777972
0.05676222
0.15675398
0.14609110
0.02822602
0.05178311
0.12350236
0.07574261
0.07581491
0.04238125
0.26408824
0.14108667
0.05505509
0.17662811
0.19172142
0.19448438
0.07907277
0.08827984
0.16232365
0.13464150
0.12475699
0.06175281
0.23402297
0.21793511
0.12550393
0.10698157
0.03542903
0.09388547
0.12930757
0.03540086
0.18786292
0.24535009
0.29944473
0.23323715
0.03812015
0.03812013
0.03812013
0.03812011
0.12949555
0.12869567
0.08526075
0.08150386
0.30459032
0.29862197
0.30459033
0.26844747
0.14067039
0.11726608
-0.00351233
0.18744588
0.07879458
0.07879452
0.26993836
0.08256235
0.12229167
-0.07274691
0.03042111
0.02826740
0.02826749
0.19141305
0.19303230
0.08136612
0.04467616
0.06828192
0.10821490
0.07765368
0.07024883
0.05188015
0.03812972
0.21013237
0.21209575
0.22626205
0.24339257
0.26684524
0.23256886
0.28999933
0.36070283
0.27334586
0.35654124
0.26940203
0.26309583
0.19240275
0.23701873
0.14896799
0.11427977
0.04607729
0.18721492
0.13852000
0.28965652
0.12356369
0.28948034
0.10116416
0.10394449
0.10380905
0.15826898
0.12911962
0.28737434
0.10366893
0.11824247
0.25075827
0.30538977
0.21571553
0.25045070
0.00571410
0.04126792
0.03165391
0.11192484
0.46500124
0.32168432
0.34914331
0.27554254
0.32256072
0.29177055
0.13017296
0.41513252
0.15658894
0.10606947
0.07274397
0.02574061
0.18273893
0.09174107
0.06176414
0.16407478
0.10703452
0.10703474
0.29854294
0.30289509
0.25868810
0.18618534
0.04963592
0.11579169
0.17170696
0.08699110
0.14187341
0.13410209
0.08699099
0.08014460
0.22785731
0.16134455
0.08014158
0.13619186
0.24717779
0.12755017
0.13021020
0.09557371
0.05229159
0.31062182
0.15337573
0.26303945
0.24574880
0.18318220
0.18728523
0.02735323
0.15823554
0.02470270
0.15612384
0.11166765
0.06492062
0.04394651
0.15037239
0.29984701
0.06416105
0.08326940
0.08326940
0.06416103
0.03881472
0.05657598
0.03881467
0.05508448
0.18664889
0.20954900
0.26922068
0.26944655
0.38358885
0.35149638
0.24383248
0.38812931
0.07793212
0.11613513
0.25948415
0.30457302
0.25948415
0.25530566
0.12140184
0.04850807
0.14846776
0.25021132
0.13579951
0.07191407
0.08660975
0.08240780
0.05900293
0.08240783
0.05900472
-0.04516905
0.04792823
0.16238934
0.17567619
0.17569484
0.35404601
0.14545785
0.09121954
0.05596220
0.09121955
0.13537135
0.02319922
0.32720857
0.02195550
0.02195547
0.02195488
0.18254808
0.14702147
0.13815618
0.22195765
0.24155392
0.07801417
0.07801417
0.07801417
0.39748658
0.23449112
0.28491397
0.10298757
0.10298756
0.10298757
0.10298756
0.22969750
0.08964561
0.26189235
0.31317016
0.29092724
0.32818770
0.16451831
0.22989880
0.02775642
0.02477638
0.02775938
0.10846202
-0.03139686
-0.00034187
0.29204942
0.08175973
0.20849325
0.08726270
0.02310416
0.22923884
0.14031195
0.09564060
0.10175310
0.09564064
0.09564066
0.11568282
0.10863920
0.11827820
0.10567725
0.23897069
0.19089151
0.18967927
0.16598701
0.15354385
0.05221558
0.14937136
0.32981746
0.10289896
0.08253397
0.15605704
0.08253387
0.08253387
0.09564301
0.14732145
0.09564297
0.09564075
0.11263577
0.21227043
0.22767765
-0.30763646
0.11702890
0.15962603
0.21869347
0.11702889
0.11694051
0.21832629
0.21864141
0.14662762
0.13738043
0.15283736
0.32844867
0.13737996
0.05973377
0.11290368
0.05973378
0.05973378
0.36552631
0.36084144
0.26965581
0.28524562
0.05905367
0.06220306
0.13712706
0.06500617
0.06500617
0.06500617
0.06500617
0.15685982
0.14113155
0.16633257
0.11631376
0.18976682
0.19727323
0.03709710
0.19375934
0.01572106
0.01572089
0.18496209
0.00026764
0.12283466
0.07536844
0.06046542
0.09566147
0.17022946
0.09566148
0.09566148
0.30372883
0.36066379
0.25360615
0.36535916
0.03327677
0.03327677
0.03327677
0.03049764
0.29374488
0.35110281
0.27137628
0.41062195
0.21312474
0.25602792
0.18721988
0.29595272
0.20318203
0.19297992
0.15498344
0.31202731
0.34560051
0.12731690
0.15524661
0.25473798
0.16848224
0.04872415
0.06110740
0.06689280
0.32929961
0.13277402
0.31493814
0.07810678
0.19606412
0.03000827
0.01633274
0.09587997
0.14783089
0.41015118
0.35129449
0.04197506
0.04197506
0.28969421
0.18683454
0.18213067
0.27264673
0.17257427
0.09215678
0.13310457
0.17178098
0.11353957
0.24635212
0.14902979
0.22522663
0.28445716
0.29060507
0.33655806
0.27333803
0.03108590
0.00137358
0.04954765
0.04732262
0.01399013
0.10702508
0.00977072
0.17045329
0.20017416
0.13363130
0.11962215
0.16277652
-0.02036496
0.17221312
0.05580210
0.32932459
0.16208857
0.09545602
0.07885267
0.07698412
0.07885267
0.11104184
-0.21121870
0.11687865
0.25208132
0.11687881
0.11687865
0.11248636
0.17915269
0.11570766
0.11490100
0.13502590
0.17618040
0.13502575
0.21055383
0.05452153
0.06616682
0.05452150
0.04949711
0.19602759
0.17637630
0.17019517
0.23028177
0.11870299
0.11016058
0.10770394
0.11231734
0.23129527
0.24207551
0.27803398
0.30596455
0.42834030
0.24860644
0.26809575
0.27307468
0.02646685
0.02646689
0.16370764
0.10787703
0.10717853
0.19746188
0.15303797
0.17455644
0.28288163
0.07435121
0.25828079
0.19036505
0.09770262
0.47640063
0.03506232
0.03506232
0.17375326
0.23367407
0.14291517
0.07867021
0.27088058
0.15165859
0.18183440
0.15373688
0.15936716
0.41486238
0.25139765
0.35813945
0.29007428
0.23721775
0.18028469
0.16895364
0.25040817
0.31495154
0.32965426
0.33616995
0.32965426
0.20504207
0.32379124
0.31925009
0.32679650
0.20563161
-0.04119222
0.11630155
0.08900931
0.06644329
0.01513700
0.22030657
0.19758567
0.27350353
0.25889889
0.19709653
0.19288947
0.13633525
-0.12992942
0.12869808
0.16735586
0.12882665
0.06870693
0.05262555
0.07351871
0.05317086
0.17114629
0.28222648
0.23165173
0.20291042
0.07352958
0.07352956
0.07352958
0.10092141
0.08120621
0.08120621
0.10568961
0.09715477
0.18263750
0.16258022
0.09715477
0.15863905
0.15445081
0.12442582
0.13670949
0.05362773
0.18797971
0.05362790
0.07251744
0.26654262
0.30121404
0.18172246
0.14623307
0.05765880
0.03665496
0.05765819
0.03665595
0.15447697
0.23697670
0.15447697
0.25771882
0.17970191
0.21286086
0.15550260
0.23718247
0.32059670
0.24636075
0.21131794
0.05359423
0.11629696
0.10988012
0.20828040
0.11838018
0.15835348
0.26060681
0.45403172
0.28332766
0.32220686
0.12546677
0.05907291
0.05907297
0.10584645
0.18039761
0.25281016
0.24377974
0.18039749
0.02546835
0.02836626
0.02930008
0.01826088
0.14115335
0.34523217
0.10115326
0.27549987
0.11540278
0.23429704
0.22187896
0.09409935
0.16072071
0.09409772
0.09409828
0.09021268
0.13135996
0.09021269
0.08957480
0.15980211
0.35172788
0.20079666
0.15980227
0.20861368
0.18887963
0.25357444
0.26202196
0.17471608
0.04767437
0.06145587
0.18502388
0.30588336
0.20271351
0.18502380
0.11319521
0.14083031
0.26929665
0.24017052
0.05799113
0.08575639
0.05799120
0.08575637
0.05734912
0.17303900
0.31541702
0.10556354
0.13964267
0.10556467
0.26246414
0.09281942
0.13428224
0.25959182
0.14381090
0.04840222
0.15901088
0.00463167
0.02561444
0.47146773
0.35183468
0.29810830
0.43855561
0.18027036
0.05259325
0.08595717
0.12066092
0.32465125
0.18759336
0.18759326
0.03350667
0.03350667
0.08247925
0.17002971
0.16661351
0.03411297
0.13028819
0.20445153
0.18116808
0.02420699
0.09895946
0.17735296
0.10192862
0.19434480
0.03656447
0.01879172
0.04973313
0.01879199
0.24938955
0.28724191
0.26084945
0.13432324
0.17580702
0.08852296
0.13977207
0.09972970
0.13977205
-0.00092460
0.05668337
0.28358476
0.31685384
0.28446210
0.16044758
0.16389350
0.24890234
0.08168854
-0.49620131
0.02976553
0.19207488
0.33544048
0.26567599
0.37458049
0.28699450
0.18424217
0.20351160
0.30847436
0.07572723
0.06706563
0.16615054
0.06706564
0.07788115
0.05836595
0.08199669
0.05836587
0.29727127
0.15269666
0.03761120
0.18224785
0.18391327
0.25290631
0.07087111
0.20470169
0.04584654
0.00410195
0.02124486
0.02124485
0.02124486
0.02124478
0.03755341
0.01366728
0.06129175
0.10247947
0.21026197
0.21026196
0.21026183
0.37681608
0.09540839
0.05641884
0.05641880
0.09540357
-0.11642909
0.09687651
0.09459334
0.45559410
0.43474058
0.43985862
0.48237355
0.27553756
0.18905729
0.24890236
0.26374083
0.18441089
0.25040273
0.13603697
0.21591318
0.04207314
0.04207271
0.01541635
0.28123758
0.14736984
0.20908112
0.10928935
0.14869022
0.27069681
0.20539862
0.13138906
0.22155102
0.17236590
0.20759921
0.20937579
0.31196027
0.13285830
0.13285830
0.13285824
0.36258272
0.16327214
0.17186914
0.14673350
0.24645099
0.09979881
0.07355717
0.03518540
0.23490892
0.09156583
0.18318468
0.34933923
0.22769891
0.11297514
0.07915586
0.09969619
0.07915587
0.09970222
0.33137001
0.34467980
0.22502148
0.14974160
0.07002423
0.10391426
0.10391247
0.14015256
0.15569610
0.00455013
0.01130332
0.18359051
0.14941255
0.19909412
0.19300320
0.17393187
0.22585751
0.17393183
0.23793553
0.05743104
0.12027475
0.29265941
0.32284099
0.36354698
0.29186763
0.16134320
0.31547156
0.42327371
0.23667966
0.07968521
0.18226988
0.24103267
0.07968518
0.01382154
0.20429305
0.01382060
0.25420102
0.12415781
0.17307086
0.07186292
0.18596817
0.02553225
0.02553227
0.10020070
0.11123025
0.10020080
0.10020068
0.15382533
0.18734860
0.17359028
0.15233314
0.19885850
0.12390061
0.05001365
0.11198282
0.11075210
0.11518343
0.27028474
0.06932141
0.14989936
0.19345686
0.24242896
0.29780915
0.26826320
0.22289699
0.26910341
0.20699012
0.34262195
0.31458073
0.34297862
0.32611598
0.16586976
0.12887025
0.15691966
0.34921034
0.30543134
0.18863163
0.10915471
0.06019740
0.29759733
0.16153578
0.04840275
0.03242972
0.04632007
0.07075745
0.04026015
0.16138570
0.04026015
0.26051853
0.38258266
0.13519201
0.21862579
0.36887711
0.23887720
0.23887705
0.12620797
0.24133671
0.34095597
0.24107504
0.28164591
0.01964868
0.20553912
0.02817696
0.02820008
0.21200224
0.02820085
0.11862854
0.01793617
0.01793669
0.03240296
0.01793663
0.04893702
0.10807651
0.21312988
0.04193020
0.05080135
0.13464146
0.25819908
0.05080134
0.08947381
0.34850154
0.17000345
0.31694150
0.16667851
0.13696101
0.12643368
0.34832355
0.10180481
0.01875313
0.16554784
0.27946815
0.29607928
0.10969253
0.22435735
0.05293578
0.05296324
0.05393830
0.05293578
0.25628829
0.33302121
0.31540314
0.25187279
0.10108783
0.07596472
0.10108784
0.20924208
0.14392063
0.11804828
0.05465457
0.14029481
0.16723022
0.09513131
0.01586060
0.17447477
0.04057945
0.03280142
0.11218988
0.11218988
0.11218994
0.11218988
0.13315830
0.13482752
0.18374921
0.38884005
0.16081764
0.02770299
0.13474967
0.23953178
0.23684655
0.15563508
0.08804356
0.08804350
0.05561932
0.37488320
0.01690625
0.09016656
0.01690628
0.01690607
0.33113164
0.40970459
0.36778776
0.43145868
0.09945185
0.12420853
0.09945093
0.09944989
0.10717678
0.11125122
0.26479444
0.18531752
0.23229395
0.38847403
0.16279296
0.04605898
0.04605909
0.11785989
0.14430236
0.26110331
0.16978856
0.14737467
0.14737467
0.14737452
0.17064516
0.02360624
0.06803158
0.06009779
0.20204392
0.14430146
0.20535927
0.09124952
0.17187327
0.27559612
0.23661503
0.21250274
0.49677437
0.10888293
0.12640221
0.12640437
0.10888306
0.05666029
0.05506399
0.05666140
0.04968993
0.09464267
0.12999956
0.12082016
0.26444845
0.24251430
0.37006243
0.09001206
0.21336718
0.14501286
0.12445679
0.05711801
0.25569402
0.13926931
0.14344088
0.21642785
0.07841789
0.18192260
0.15233601
0.00433804
0.14533238
0.15704909
0.08163605
0.05833147
0.21743142
0.05064314
0.05064313
0.13304765
0.05064314
0.23122880
0.22899034
0.21476198
0.16716638
0.09179027
0.13579803
0.11342724
0.19669013
0.29769408
0.41951865
0.21696355
0.05929290
0.00669218
0.10663024
0.29708896
0.11764215
0.18267120
0.12990475
0.09106105
0.07614188
0.07614189
0.28991032
0.16059232
0.24236320
0.15083228
0.30639417
0.17544738
0.16695964
0.19059065
0.16708652
0.25389475
0.16405757
0.38734791
0.17242831
0.18240730
0.17955433
0.17090325
0.11457188
0.04343724
0.04343723
0.04343728
0.08556711
0.33030155
0.24630850
0.19979589
0.35203999
0.06497597
0.16942072
0.09344364
0.01287070
0.18611514
0.28616498
0.21660378
0.33071203
0.05995684
0.05995684
0.14803827
0.05995685
0.18271819
0.19051761
0.13058540
0.18815113
0.20775370
0.41662370
0.25856858
0.32133007
0.02299445
0.02299447
0.02299447
0.02299440
0.09680163
0.04066339
0.08184718
0.15905851
0.11652370
0.10813998
0.11184497
0.10744340
0.24443467
0.22910463
0.28775317
0.29505299
0.01176797
0.11174342
0.05041856
0.01176896
0.13355746
0.12225837
0.10241726
0.19814932
0.18100417
0.16831979
0.14590694
0.12848815
0.21369481
0.01388597
0.16597132
0.15305604
0.25797174
0.24654524
0.01701775
0.19451916
0.32430360
0.24606004
0.29860403
0.19370986
0.25448656
0.05002449
0.03844301
0.05004497
0.05002458
0.24856675
0.53088129
0.38590734
0.04388922
0.12711721
0.04388892
0.01860951
0.16871381
0.17762140
0.22282324
0.11187120
0.14522460
0.12879701
0.10967123
0.28989901
0.26759089
0.33027989
0.24393892
0.29853536
0.25868597
0.34375986
0.27030500
0.26401626
0.12995058
0.13230339
0.10229013
0.20862234
0.26075711
0.45852004
0.25246701
0.18804301
0.30682534
0.09715809
0.03158862
0.13891044
0.13891003
0.03158863
0.19074057
0.03087504
0.23167582
0.03087412
0.05138539
-0.05511970
0.07452395
0.18400829
0.27887204
0.16173841
0.07283056
0.07283069
0.07283056
0.07299348
0.40981282
0.20363115
0.07296785
0.08384585
0.38892572
0.12309528
0.08384557
5.82719970
-0.00086737
0.11719659
0.14823135
0.15511981
0.13243731
0.08601087
0.03710923
0.04067574
0.01073250
0.09004220
0.13401740
0.09004238
0.18918972
0.10655641
0.00363290
0.14901861
0.18814348
0.19646075
0.19989389
0.13120213
0.49642151
0.44717284
0.47319780
0.37533288
0.00238704
0.05307216
0.07477745
0.07477758
0.07477762
0.11387581
0.16066731
0.08933882
0.20205448
-0.18252956
0.21046993
0.10723055
0.15593412
0.10978987
0.15291813
0.09816582
0.25355844
0.31758160
-0.22050351
0.33348239
0.27241944
0.25499958
0.32563144
0.27486514
0.04006438
0.10939953
0.08588152
0.11484445
0.01972178
0.14605348
0.13889658
0.27075449
0.26254675
0.21920014
0.13718903
0.07391835
0.15125879
0.07902791
0.18788253
0.13992693
0.07208831
0.04661636
0.07073600
0.03305054
0.06568115
0.17304003
0.07184408
0.13194798
0.13591235
0.08883070
0.24761337
0.12507703
0.26425668
0.22582515
0.30724232
0.39364432
0.07430313
0.02753288
0.03065824
0.09640192
0.08679993
0.11953069
0.08679993
0.22191123
0.07935422
0.14488319
0.04109756
0.07885263
0.19626013
0.11717741
0.12664120
0.12537126
0.30665102
0.12664352
0.29088957
0.27594449
0.15968826
0.01759196
0.01785665
0.01759184
0.12512713
0.15689459
0.16204304
0.09584574
-0.05589081
0.15905458
0.05069970
0.26012985
0.26714647
0.26714648
0.32130972
0.14165318
0.19535834
0.19226521
0.28100727
0.02717667
0.02717736
0.02717673
0.07116365
0.07303017
0.26061781
0.07150400
0.12259371
0.13612148
0.10204936
0.10204935
0.13614139
0.20930232
0.18670949
0.19720538
0.24764168
0.09884889
0.16723198
0.02241451
0.01521477
0.21237968
0.01026615
0.03350668
0.01026617
0.20578803
0.20703166
0.14047887
0.03376850
0.03376850
0.12180593
0.03484653
0.05005441
0.03484652
0.06484349
0.25657322
0.33085515
0.30215841
0.30702948
0.19404524
0.23201040
0.16218612
0.31189275
0.37597590
0.30690964
0.16757969
0.15755708
0.23512597
0.08801179
0.20894204
0.22524246
0.24162841
0.17786833
0.24313993
0.10180802
0.10220754
0.05463356
0.18917608
0.14345688
0.05463290
0.01381165
0.28818227
0.01797134
0.03541804
0.03541705
0.03844343
0.13049016
0.11199751
0.43722746
0.30110952
0.01187657
0.20278695
0.19303832
0.09980680
0.30482852
0.34769730
0.18892137
0.24941574
0.06132158
0.08554435
0.06360657
0.40425931
0.28183527
0.00626032
0.00626056
-0.03778753
-0.46031829
0.11346620
0.12560019
0.11346664
0.24682694
0.17336021
0.29171596
0.17336019
0.44182461
0.08515840
0.11670634
0.08511244
0.06810224
0.07495450
0.06810221
0.22759480
0.07948425
0.21645564
0.07948427
0.29734419
0.09192238
0.05983648
0.10363561
0.06810404
0.14781214
0.14760054
0.11485378
0.06324234
0.01098347
0.00254165
0.10962047
0.28470339
0.34386058
0.11112524
0.13993585
0.13110015
0.28465280
0.18331651
0.33425713
0.11835960
0.14445860
0.07218859
0.07406371
0.35647956
0.15608293
0.03052594
0.01444823
0.09319483
0.05359509
0.44174669
0.29757005
0.30802280
0.19053601
0.25400909
0.19389374
0.19053601
0.25723315
0.07171829
0.27949246
0.29661676
0.12091859
0.24253150
0.04282805
0.32311690
0.16789675
0.03684015
0.09079354
0.05226323
0.28614247
0.20633797
0.23004782
0.21009726
0.24951436
0.22031076
0.18794312
0.31008828
0.22831665
0.21091165
0.22831677
0.01834400
-0.57126280
0.01474595
0.09095308
0.19169278
0.12801688
0.15017207
0.14391300
0.31369939
0.37080618
0.26099375
0.04327274
0.09353293
0.22323255
0.08931195
0.08670535
0.08931184
0.08670536
0.07325464
0.07944806
0.19551327
0.44421586
0.29181287
0.46816046
0.14517762
0.06441271
0.03260440
0.19021442
0.12391266
0.22640615
0.15806890
0.12293750
0.01175485
0.02287046
0.01175486
0.09579102
-0.00103091
0.03397405
0.30005349
0.11465573
0.06183159
0.04685537
0.06766701
0.33610221
0.08644070
0.20646838
0.19181094
0.27217115
0.35531716
0.09585097
0.42606539
0.51818460
0.05627237
0.08118965
0.05587888
0.28211126
0.08790798
0.18585039
0.38288200
0.20505857
0.37082151
0.03316598
0.15922096
0.20597191
0.15922100
0.19316765
0.09366718
0.02338770
0.04352557
0.02338797
0.30213252
0.20940721
0.48923924
0.27897243
0.05143254
0.02487914
0.22891499
0.12576457
0.12576425
0.34351810
0.26042409
0.01473192
0.02350456
0.11609326
0.03263696
0.12516138
0.15677212
0.15070139
0.14149320
-0.31946021
0.26209142
0.23627628
0.24709115
0.23492333
0.10825978
0.23052395
0.11513043
0.11469255
0.15856587
0.08767780
0.06192972
0.14462034
0.34173100
0.16388469
0.08464958
0.12535260
0.15180853
0.24603514
0.12395844
0.09506049
-0.03520130
0.10346290
0.00672990
0.08399878
0.17854252
0.09122909
0.41213824
0.05781453
0.17432478
0.25258522
0.19059496
0.10691226
0.11976097
0.11976048
0.15492250
0.15492250
0.25429536
0.15492254
0.20799934
0.23670078
0.26233159
0.28605997
0.49387443
0.29211602
0.41908935
0.30189971
0.06936995
0.15815801
0.24585942
0.16635705
-0.14045857
0.19923105
0.20049618
0.10720241
0.10635054
-0.00002589
0.01147336
0.01648613
0.17155004
0.30394277
0.02700564
0.01253407
5.69195240
0.05688523
0.07434517
0.05688523
0.15302017
0.11460684
0.11001661
0.25405062
0.03900399
0.03900389
0.16548234
0.21665576
0.16979763
0.17650397
0.31495332
0.29893881
0.30109807
0.29876213
0.15821725
0.28394221
0.11599226
0.00957929
0.05692097
0.16114292
0.19610904
0.16719635
0.18657484
0.04902923
0.03961150
0.09684346
0.05395020
0.16526244
0.19199404
0.24885430
0.28803599
0.11810923
0.12629147
0.09879630
0.25604144
0.04747215
0.12786985
0.04747215
0.10310253
0.25371815
0.26732074
0.02984981
0.02163492
0.02163492
0.02163492
0.07951559
0.07928749
0.07928749
0.07951565
0.12588637
0.10928692
0.06605391
0.02323607
0.37345385
0.31175494
0.32030678
0.00054924
0.03596440
0.18443039
0.20175919
0.01072008
0.08039903
0.08623519
0.01072092
0.22198458
0.21033828
0.24117327
0.07584588
-0.52752855
0.07631322
0.01467889
0.14469548
0.22135245
0.10603479
0.15368741
0.01682301
0.09334354
0.03969516
0.29861875
0.32385563
0.20156432
0.33215537
0.23753352
0.16160969
0.15668522
0.11332785
0.22840131
0.20761116
0.38900277
0.17097801
0.07859976
0.17855851
0.21060835
0.17877922
0.16644303
0.14772535
0.00879767
0.21925338
0.19015852
0.10254448
0.10033103
0.10009478
0.10009476
0.20906911
0.10009478
0.25100566
0.20588398
0.15711018
0.21102832
0.09302486
0.14921540
0.19151510
0.03358597
0.03358610
0.62463403
0.40821426
0.53888778
0.21136286
0.13845115
0.10880895
0.12398378
0.17640598
0.07174536
0.15081058
0.00346610
0.03259847
0.00965395
0.02091199
0.10804184
0.14246142
0.03514101
0.11423865
0.20042916
0.13049568
0.28350529
0.13049565
0.12201891
0.00543195
0.09423437
0.00551771
0.19632751
0.07484074
0.07484069
0.23393667
0.06419786
0.06419785
0.06419767
0.16245763
0.26422569
0.25523872
0.18047293
0.29459921
0.02728638
0.02830088
0.02610119
0.02637496
0.10230964
0.13660122
0.30027821
0.10875770
0.07654697
0.07424436
0.18288964
-0.13537085
0.26077699
0.15303629
0.17976686
0.15722365
0.04330789
0.07987415
0.17397545
0.19681328
0.21377067
0.07064980
0.18777331
0.24517249
0.27809435
0.13606558
0.44314514
0.06974914
0.16223190
0.13841617
0.06974916
0.11870665
0.14719563
0.26254386
0.26253679
0.04011665
0.21197623
0.23393219
0.11129793
0.19065637
0.05321930
0.21434228
0.05343923
0.27619137
0.10216678
0.15823491
0.02685465
0.11289563
0.04935185
0.23423920
0.20864873
0.17346311
0.23369873
0.09981091
0.19489796
0.23372835
0.25331084
0.08724927
0.19560912
0.27592247
0.25972281
0.19751832
0.17725048
0.14037908
0.31206858
0.30298333
-0.33590910
0.12515089
0.18466459
0.12515051
0.09191570
-0.09141547
0.12884533
0.04898432
-0.00002406
0.15328840
0.19286427
0.03638280
0.03638279
0.03997697
0.12003051
0.24618108
0.12003049
0.07163707
0.22267155
0.20805768
0.18389452
0.28014552
0.26140545
0.25705104
0.10050855
0.10282911
0.14330447
0.10628689
0.10628688
0.10628688
0.00317466
0.03585223
0.03585223
0.23208569
0.10215308
0.02917869
-0.07717605
0.10648434
0.17294616
0.15714045
0.15713999
0.17294614
0.30284607
0.26492717
0.20166207
0.23694945
0.19937719
0.19257549
0.28077567
0.25781375
0.18611960
0.06602088
0.06602086
0.06602086
0.35014323
0.20960413
0.19585269
0.28417579
0.15716181
0.20165874
0.20778374
0.14157170
0.17695539
0.19642349
0.09701715
0.02266478
0.25633601
0.15978721
0.40469252
0.37019418
0.25156761
0.02015239
0.04137228
0.21884932
0.00897391
0.03804312
0.00897391
0.22462236
0.09362835
0.08988308
0.19312896
0.09066053
0.09066052
0.09066046
0.19939647
0.06713769
0.04801983
0.04801968
0.06713775
0.10166736
0.01928998
0.16858998
0.07802666
0.07032220
0.13094618
0.05434416
0.28326933
0.28314930
0.37995575
0.32547380
-0.15824280
0.27110657
0.27073447
0.05039691
0.08115134
0.06580804
0.15196251
0.22350130
0.21454984
0.32409125
0.12439816
0.37840796
0.17209852
0.12569087
0.09795993
0.10582920
0.12529312
0.09795993
0.02777419
0.02777376
0.09392941
0.02777422
0.10204948
0.10040937
0.12641983
0.24153925
0.15088990
0.08444372
0.11612954
0.08444422
0.28853636
0.20036825
0.29949364
0.18890964
0.02489904
0.00173562
0.21209948
0.09249088
0.22622296
0.15790581
0.21266041
0.06152381
0.15666454
0.06152399
0.10723477
0.15776028
0.10723477
0.15939238
0.17661851
0.26971420
0.18350869
0.20040349
0.14923249
0.30419110
0.14923233
0.00776431
0.14282301
0.01723509
0.10698346
0.21982737
0.23264802
0.20170767
0.11475771
0.12143896
0.09404827
0.53842316
0.26165293
0.09730793
0.09730792
0.15800886
0.12479775
0.15859963
0.21541732
0.28957323
0.11552703
0.06143858
0.27890455
0.03535051
0.24611801
0.08628738
0.07376394
0.08215237
0.00133453
0.25050854
0.14813390
0.02238432
0.00950533
0.04577359
0.07566214
0.18494754
0.01393383
0.01393383
0.01393383
0.17989605
0.04266498
0.06340791
0.04266505
0.32516179
0.24418696
0.27059687
0.10896118
0.12046443
0.12046444
0.12046443
0.18569794
0.08406887
0.12709394
0.28567967
0.03530125
0.04576781
0.03917573
0.04447885
0.03058860
0.08557115
0.00790431
0.16438992
0.11365907
0.35842351
0.28028090
0.24394855
0.17463188
0.26699860
0.16814431
0.19326266
0.16814425
0.12719302
0.13403313
0.11201859
0.19081596
0.16389099
0.24703358
0.02572093
0.08725499
0.07947893
0.02555302
0.02555297
0.02555305
0.02555337
0.10672985
0.01988703
0.11789415
0.21162398
-0.14777238
0.16479501
0.04013263
0.04013263
0.04013263
0.04013524
0.11627373
0.11596380
0.11606688
0.53421223
0.30526898
0.33477964
0.23302946
0.15325129
0.11885415
0.16766791
0.06677349
0.04468080
0.04467387
0.03492585
0.04468081
0.37023356
0.37116361
0.33290022
0.33046149
0.14961403
0.09368737
0.17827320
0.05341641
0.05341532
0.05341641
0.05931813
0.08220339
0.06722663
0.03760438
0.03760435
0.03760451
0.07914410
0.13904744
0.03219922
0.44389534
0.15964320
0.31919826
0.12512018
0.12239863
0.12239860
0.10516110
0.31200316
0.17420472
0.20830285
0.30979003
0.35025588
0.39744438
0.29635142
0.33462028
0.39110710
0.23438867
0.22470116
0.12985257
0.20210024
0.07101025
0.12611050
0.16814744
0.10130803
0.10130813
0.17681140
0.29042769
0.24915451
0.28081640
0.39338510
0.06698540
0.05245537
0.19722725
0.09894526
0.33721170
0.12577198
0.09560447
0.24438387
0.08397817
0.19867597
0.14619435
0.13955438
0.05530704
0.43444300
0.25366333
0.23680258
0.24071948
0.05868643
0.03916029
0.13417590
0.09225037
0.09248260
-0.00683330
0.20399356
0.35377168
0.17974275
0.17974272
0.18939555
0.06087108
0.04209632
0.14025823
0.14901129
0.15101384
0.14901128
0.06405827
0.22716303
0.06405832
0.09140053
0.18651630
0.21441203
0.17516962
0.28066135
0.09488792
0.10331678
0.10415235
0.18388303
0.21108218
0.00487060
0.00487111
0.00487132
0.44722328
0.12677424
0.09080786
0.10400142
0.09080721
0.10400140
0.26875987
0.07783719
0.11491608
0.11423742
0.11754798
0.03111508
0.07131761
0.04471242
0.01041246
0.36523535
0.20727522
0.12776681
0.16626464
0.09674065
0.01123220
0.01123235
0.14526961
0.43152090
0.16310490
0.28065240
0.15383027
0.13412846
0.06734559
0.07915171
0.07579394
0.19506638
0.11655045
0.19432195
0.13099354
0.36915236
0.24968399
0.36278641
0.24566900
0.16243563
0.18321253
0.15638236
0.16748655
0.40615887
0.29599340
0.41632095
0.28776762
0.34172727
0.05102830
0.15319220
0.05102888
0.09986918
0.09986918
0.11134252
0.09986918
0.26297130
0.37907904
0.07319602
0.11480858
0.11841514
0.09005874
0.00028325
0.02721692
0.02836811
0.19780089
0.07826583
0.10093641
0.18514833
0.06741395
0.22181267
0.27521862
0.22371077
0.28514054
0.29043000
0.24569657
0.28834753
0.25535383
0.16560594
0.24837869
0.20465425
0.11720325
0.29830452
0.23059362
0.28305926
0.10832981
0.17866707
0.13503534
0.15896352
0.15400257
0.39880488
0.36168863
0.35099996
0.26259517
0.17693996
0.07282229
0.16773643
0.43523301
0.08358646
0.08137227
0.13393470
0.20334723
0.08175436
0.26247582
0.17055942
0.17237848
0.06672403
0.19883682
0.09997110
0.33111704
0.17614605
-0.04458578
0.11621373
0.23797189
0.26848085
0.25725820
0.12961207
0.16481303
0.12961204
0.29822098
0.14078797
0.27594072
0.14078785
0.26109177
0.07246725
0.07458220
0.21471092
0.27617341
0.17146313
0.07262516
0.05206968
0.07162924
0.02931924
0.00994523
0.06838862
0.23043708
0.18708666
0.25303355
0.26277292
0.38567112
0.17318671
0.17430550
0.34265077
0.05797240
0.21275715
0.22472773
0.35387871
0.20042871
0.11472974
0.02578796
0.17300392
0.01517496
0.13682077
0.09022080
0.03020849
0.03020848
0.06695187
0.08066484
0.08066483
0.20898405
0.08081035
0.16981165
0.04769123
0.02389666
0.02389663
0.02389666
0.02389661
0.13767373
0.09718394
-0.02410202
0.09982866
0.09921146
0.26011704
0.36806940
0.23232530
0.17800148
0.03365511
0.00734904
0.21013660
0.27260624
0.09625229
0.13463296
0.32480310
0.28413302
0.30123208
0.34837895
0.09369853
0.11874072
0.08944821
0.05644289
0.25120003
0.05989877
0.20609360
0.19624893
0.15692016
0.19624893
0.15692017
0.33823342
0.22068571
0.34972745
0.28009076
0.05765507
0.22213549
0.10221475
0.06962772
0.00315779
0.07538301
0.17371225
0.13894288
0.08255802
-0.01178616
0.26536828
0.14408307
0.26153747
0.13505157
0.11955319
0.11955306
0.15344407
0.10455132
0.05538022
0.05538016
0.11344884
0.08802509
0.08802509
0.08802501
0.08802512
0.28963867
0.16653841
0.16653849
0.23368060
0.08404894
0.12450053
0.11391879
0.08611019
0.18481016
0.16075229
0.16722681
0.17796778
0.22107584
0.31924812
0.17624887
0.19043442
0.27511021
0.11797300
0.32905780
0.32035522
0.01882133
0.26747781
-0.04413148
0.02193271
0.16961339
0.12729307
0.32918513
0.13073903
0.12729264
0.29529165
0.34520374
0.27039452
0.40725984
-0.14675807
0.17409400
0.07762619
0.07762621
0.13994033
-0.15482926
0.27874642
0.22645952
0.22645927
0.19303747
0.32653649
0.24253122
0.26019947
0.43885172
0.13203122
0.02113423
0.09530380
0.02113401
0.12514671
0.06477909
0.07471462
0.21591208
0.17945048
0.09456737
0.14139671
0.09456737
0.30322435
0.17569183
0.27529871
0.18351293
0.09669683
0.10218595
0.14878106
0.02016372
0.10589227
0.06279542
0.01999961
0.10328840
0.05014960
0.03706928
0.05780540
0.13140438
0.13140406
0.05780539
0.05092844
0.07647684
0.20122901
0.07230168
0.15354607
0.07327484
0.17134105
0.13062342
0.17853956
0.17853956
0.27815372
0.17853955
0.31373454
0.25125431
0.13723763
-0.04936882
0.09944070
0.41478417
0.31040811
0.31525918
0.36104759
0.07646670
0.09352067
0.28407483
-0.07223673
-0.00016300
0.27453188
0.05464698
0.12564976
0.11739037
0.27588807
0.29565424
0.12964828
0.18894533
0.16072894
0.09662041
0.10601010
0.06823624
0.01743663
0.01484926
0.01484931
0.01484930
0.18786604
0.01200416
0.04478532
0.26344356
0.06462318
0.05683405
0.06462337
0.07782563
0.45343051
0.34857428
0.34467800
0.26136504
0.10181487
0.14726302
0.10930396
0.11807656
0.17667469
0.16985783
0.26266482
0.14218716
0.21669738
0.34926894
0.11599650
0.23703361
0.05066946
0.04824299
0.26999874
0.17326831
0.20783014
0.17326831
0.13829819
0.10255667
0.16708511
0.15801948
0.24350527
0.13420846
0.13796642
0.16579697
0.26644099
0.10901892
0.07720116
0.17266292
0.20131579
0.01927460
0.05426960
0.15644742
0.04615762
0.19679254
0.07046799
0.08384564
0.27889106
0.25879652
0.12440825
0.13930587
0.12352860
0.03520236
0.06292249
0.08324784
0.00709542
0.01368386
0.00709550
0.14157623
0.14288604
0.21195714
0.26896245
0.03430488
0.12373178
0.07876300
0.15121759
0.09347028
0.18869109
-0.00000157
0.18631804
0.18708470
0.18631832
0.07879897
0.22746774
0.07267947
0.28239488
0.42532876
0.21258085
0.27600313
0.06003563
0.17411347
0.26138953
0.05560729
0.19670465
0.05560691
0.10389991
0.25470789
0.13937642
0.11622412
0.10737517
0.15863034
0.05585202
0.05374466
0.19532480
0.26578842
0.32429926
0.30965308
0.18655893
0.02227410
0.00817118
-0.08632602
0.00817159
0.23209969
0.14134999
0.14135000
0.09683331
0.11920335
0.07964533
0.14039634
0.17564911
0.06449528
0.24896909
0.06449528
0.03279476
0.05288806
0.01175404
0.03279477
0.22154663
0.19937199
0.12206214
0.22263923
0.09296702
0.15627784
0.09296705
0.07779742
0.06289654
0.05403541
0.06289580
0.25594409
0.20125973
0.25874069
0.23726076
0.23012707
0.29564472
0.25348934
0.30565294
0.31268880
0.16670445
0.19029429
0.19605681
0.08587827
0.06486380
0.09904337
0.06486377
0.23240437
0.05775082
0.05775174
0.05775174
0.07735680
0.07735678
0.15993413
0.07735678
0.26585430
0.08388041
0.21241939
0.11908189
0.03510607
0.03510609
0.08383697
0.11136656
0.08176939
0.26269356
0.12454166
0.10032323
0.10088400
0.12454166
0.10221292
0.19901551
0.10221293
0.31277996
0.27586399
0.20771800
0.24909878
0.23673419
0.04146202
0.12686068
0.04146211
0.06566233
0.03533604
0.09981758
0.03533603
0.03533603
0.23651839
0.17360887
0.15843932
0.21337553
0.23058898
0.19867416
0.13593865
0.21570542
0.12535871
0.17290599
0.13317157
0.14709937
0.16925264
0.19588199
0.14230090
0.22531118
0.22109642
0.12987722
0.17520611
0.22861987
0.08202300
0.18420965
0.10055498
0.31238276
0.28157647
0.18806162
0.24302201
0.31135705
0.14183017
0.22533446
0.21511003
0.26600142
0.14744211
0.22552464
0.16270178
0.26970801
0.26074711
0.48432460
0.18844202
0.21533307
0.21223512
0.20464620
0.02879192
0.14567316
0.04763388
0.06578981
0.09236416
0.04229392
0.18279026
0.13562233
0.19975674
0.19975678
0.19975678
0.19975678
0.03954338
0.03954338
0.12313658
0.03954338
