0.25087258
0.15055632
0.13417491
0.49405989
0.56439859
11.74483600
-0.45409808
0.10074954
0.32313800
0.26753991
0.37957118
0.14589397
6.37321490
0.22585606
0.05014656
0.10761306
0.32878564
0.33986909
0.27179096
0.70265541
0.71411938
0.57316953
0.74157738
0.09290402
0.24114425
0.49783220
0.36075484
0.36387300
0.17513084
0.04974398
0.04869663
0.36239199
0.53189078
0.30442677
0.27392587
0.52513119
0.41318700
0.41996306
0.06618071
0.27118802
0.46771098
0.08624269
0.08020685
-0.10769199
0.07626152
0.12981847
0.25372832
0.56901682
0.22612068
0.10933751
0.03714750
0.22942018
0.12542382
0.48805552
0.69265546
0.52544879
0.84389696
0.02424011
0.06530428
-0.70081946
0.15508742
0.34905373
0.38670193
0.31527997
0.21377824
0.61466896
-0.03087245
0.19512284
0.15752251
0.25548720
0.38368643
0.16821797
0.07853943
0.26454809
0.09947929
0.13357184
0.08120885
0.19940606
0.11560208
-0.01668199
0.11333360
0.63800410
0.26940106
0.54498863
0.22363043
0.32497928
0.27506733
0.11852035
0.11805442
0.27537074
0.35247168
-0.00043233
0.17853396
0.38867757
0.11142901
0.29725430
0.53046785
0.56851899
0.43164419
0.24717708
-0.46824246
0.10072360
-0.13177577
-0.13316485
14.04057800
0.72552721
0.56454741
22.99132300
0.28376384
0.31518357
0.49075136
0.37580862
0.16907137
0.25920690
0.16376257
0.23120066
0.04791294
0.08117892
0.17521623
0.07689981
0.24445408
-0.00045727
0.16422519
0.31961576
0.48753090
0.19864680
0.23859832
0.35839520
0.39783366
0.29375766
0.11100532
0.43790472
0.44358876
-0.44232290
0.09173732
0.38689634
-0.06729244
0.03064214
0.27174178
0.47022034
0.41453700
0.53495654
0.40395945
0.13655561
0.46721508
0.27221666
0.30910043
0.69046438
0.51264976
0.52081597
0.41897208
0.62003114
0.41863155
0.20644975
0.15880050
0.11594322
0.06908405
0.07690650
0.02491421
0.14555894
0.11630477
0.08335476
0.13998261
0.06516425
0.09588424
0.41684655
0.63554009
0.36171754
0.44091282
0.44594837
0.67341404
0.51125947
0.49551368
0.38795673
0.31834647
-0.02655032
0.09914924
0.09916038
0.09932803
0.10806324
0.12725261
0.14364316
0.18743381
0.47859115
0.79523627
0.15223641
-0.18150601
0.18155837
0.09100233
0.05244018
0.38570931
0.16168704
0.25907449
0.19634676
0.47856531
0.68358402
0.73121975
0.46991769
0.13816517
0.29888308
0.47556401
-0.68646525
0.32363321
0.43015746
0.28823830
0.18762890
0.27695920
0.27342372
0.24832647
0.28462184
0.32178336
0.51854103
-0.15065506
0.10424327
0.40234236
0.43253404
0.13530715
0.14159308
0.15539303
0.35015712
0.29292661
0.32148049
0.14860842
-0.05606177
0.24005989
0.29702291
0.47361416
0.68967803
0.31008328
0.18609654
0.03620897
0.47257191
0.35560197
-0.31884276
0.22520684
0.23196550
0.07925806
0.12500935
0.25689491
0.26933262
22.18029900
0.26705188
0.25075625
0.39277282
0.49506500
0.48218802
0.46509260
0.41269203
0.30881318
0.15543594
0.07226397
0.11103478
0.03110547
0.24791814
0.08916004
0.40659053
0.26364615
0.58176551
0.24361176
0.56765775
0.48922935
0.05732615
11.23010700
-0.45904557
0.08912122
0.31298746
0.12441597
0.56416556
0.17076730
-0.17491278
0.00015055
0.19812496
-0.00073113
-0.27476023
0.17258499
-0.87501895
0.35888603
0.36690132
0.07539210
0.14305904
0.23470623
0.16890877
0.13144073
0.13397402
0.23729246
-0.02758743
0.33095905
-0.07532788
0.23659458
0.37322235
0.31399273
0.12817312
0.42542634
0.31413002
0.28193370
0.42924451
-0.02609336
0.09626874
0.06632886
0.43160010
0.32325735
0.34853945
0.30425882
0.59513596
0.43948747
0.47245027
0.14892147
0.39664922
0.46812955
0.40600739
0.51862995
0.08564143
0.20967555
-0.55174993
0.11777055
0.63753246
0.35155945
0.30003044
0.33798639
0.13336062
-0.28680944
0.03546096
0.07650258
0.44381086
0.58341589
0.24082022
0.25239681
0.04270862
0.07269309
0.10875229
0.69510653
0.80958146
0.41276044
0.39090993
0.02136275
0.13404538
0.38407084
0.09656320
-0.22996339
-0.55377245
0.18096790
0.24642012
0.24316739
0.42891414
0.14315373
0.24101266
0.28590937
0.42867137
0.32445709
0.37925023
0.40568797
0.26523531
0.18232179
0.13537148
0.33640951
0.61610447
0.16029509
0.34779104
0.54136185
0.37657449
0.05324758
0.13657746
0.13900482
0.34833199
0.25630976
0.17235060
0.23429330
0.52193609
0.14911458
0.23106107
0.05994222
0.20949924
0.04829383
0.16379785
0.62737236
-0.13578503
0.51693119
0.46164306
0.48903132
0.56602518
0.20256472
0.06873569
-0.14692275
0.33977281
0.30560342
0.16785089
0.20452376
0.42553566
0.15295757
-0.03474325
0.50822504
0.18440643
0.12794895
0.27580704
0.45879447
0.27789630
0.10745289
0.52091337
0.49684292
0.42355533
0.08567160
0.28190597
0.42637415
0.14182647
0.46120020
0.11157750
0.28497278
0.11187390
0.45753497
0.22641954
0.06229247
0.28004137
-0.79022853
-0.11787816
0.12910065
0.47027479
0.51068600
0.25485651
0.31324356
0.49963587
0.30795665
0.57857882
0.15414828
0.03851646
0.05579334
-0.00068852
0.41930468
0.30488701
0.26528769
0.41395686
-1.02679910
0.28455036
0.32670374
-0.04027182
0.41031811
0.60845259
0.12514893
0.30335501
-0.23358194
0.13824406
0.36827493
0.37293998
0.42826964
0.23036745
0.16280883
0.19415638
0.04903683
-0.18197814
0.95683084
-0.04833652
0.20389357
-0.98378230
-0.21698809
0.01514489
-0.22240607
0.34641921
-0.15741681
0.13566121
0.05026181
0.11710952
0.12506037
0.36712375
0.21269515
0.10042876
-0.12362372
0.16115606
0.30899739
0.11920631
-0.00014776
0.24472818
0.12072436
0.44541969
0.30711818
0.19908289
-0.19319884
-0.00029074
25.18656400
0.19477797
0.18264964
0.19640625
0.39499865
0.13744399
0.24706067
0.12274133
0.25192797
0.07376528
0.04942070
0.19805237
0.99632379
-0.09677062
0.07347976
0.13555382
0.30905169
0.19003420
0.25705705
0.36703368
0.25344299
0.03106708
0.44952913
0.22229794
0.24691872
0.31117375
0.40114148
0.00522289
0.12065095
0.35511263
0.53292512
0.28720342
0.10945396
0.41999707
0.14357171
0.20271172
0.17930591
0.17069252
0.58352530
0.48435042
0.50742105
0.69468768
0.38682202
0.18257992
0.50859879
0.30651306
0.07712088
0.27917504
0.10249662
0.14363152
0.11106167
0.33083078
0.09623997
0.28553757
0.12731104
0.52384876
0.11934878
0.02611706
0.07156220
0.04370499
0.19406246
0.15287145
18.59447300
0.05347191
0.13469085
0.66071533
-0.41352711
0.12656723
0.14735936
0.37065155
0.47984944
-0.08243417
0.47123223
0.43997475
0.26817830
0.09276414
0.30044967
0.23915736
0.35966001
0.24748097
0.29143348
0.18837537
0.30390577
0.16466857
0.20542000
0.14523792
0.16874601
0.26258544
-0.11623018
0.17774178
0.46863150
0.10155147
0.18080126
-0.33952662
0.26638060
0.29804314
0.19428419
0.38557114
0.59218967
0.70185179
0.11549978
0.11611476
0.17797848
0.36411733
0.51357977
0.35943988
0.36156017
0.32128796
0.49866182
0.25235439
0.11454476
0.27276837
0.37072558
0.22151384
0.34692335
0.03649281
0.19106180
0.21576887
0.42117480
0.92374622
-0.14495892
0.08048445
0.22775876
0.08465320
-0.20739775
0.16317668
0.23485908
0.39124302
0.21749316
0.12783014
0.23012223
0.14191601
0.30366565
0.36384218
0.14566093
0.03467215
0.36376643
0.30395704
0.21265342
0.10418325
0.08758728
0.11744659
-0.05598785
-0.16471063
0.34711619
0.06080761
0.08417215
0.17742236
0.44432277
0.32956842
0.21222801
0.35632278
0.36810813
0.46664222
0.11038999
0.44294411
0.18559426
0.32297462
0.20095638
-0.00649493
0.10285057
6.75016300
0.11126877
0.04241338
0.15025463
0.62069358
0.51122937
0.77041987
0.38649091
0.11413686
0.01005122
-0.02713240
0.13208923
0.06346931
0.11338487
0.19076884
0.17087718
0.48164900
0.81809361
0.44200677
0.31988581
0.18328016
-0.09915824
0.26657156
0.09267094
0.52557064
0.37100257
-0.00022537
0.69361948
0.05431663
0.48265107
0.62767846
0.74499493
0.08750624
0.29821783
0.11675681
0.13613719
0.28561862
0.33297418
0.22701369
0.30945946
0.19145068
0.06146840
-0.01794021
0.05938378
0.10601128
0.13265098
6.88789840
0.22709888
0.11896938
0.41316360
