0.66433942
0.29874313
0.03411969
0.13804070
0.14105251
0.04229228
0.17539099
0.00056077
0.26446751
0.25863507
0.12808015
-0.53545676
-0.11925692
0.18133724
0.10080955
0.70820962
0.11412639
0.23735264
0.07551102
0.15675617
0.09525389
-0.00086846
0.08015443
0.45777999
0.16324017
0.07771701
0.25353561
1.51582300
1.56742860
0.04581870
0.08437686
0.00920373
0.04588387
-0.11855618
0.08495864
0.22526578
0.32659575
0.37725187
0.48518561
0.05464391
0.19627378
-0.28069150
0.02160769
0.04855657
0.14022260
0.43736555
0.09878223
0.15383662
0.52964040
0.31526997
0.15661472
-0.06678533
0.01153804
0.15169172
0.14192728
0.06667729
0.04277621
0.09311802
0.22964497
0.16100162
0.45962930
0.10712835
0.36453295
0.07514382
0.16849851
-0.07099391
0.03003272
0.06818112
0.64464444
0.27607157
0.18302852
0.03704516
0.20861155
0.20139074
0.04906645
0.09080138
0.02928519
0.01453012
0.32437015
0.02046938
0.12196596
0.02345568
0.02053684
-0.00051108
0.27208966
0.27336714
0.02415682
-0.00370404
-0.07371841
0.49913343
0.06841578
0.47970289
0.45551908
0.42348092
0.01389638
0.21400519
0.01388695
0.07195965
0.07072697
0.07258356
0.02473905
0.26608555
0.16915848
0.01670981
0.13831497
0.14545617
0.46339858
0.14562902
0.71464260
0.15367969
0.19326335
-0.21649236
0.08231417
0.07969114
0.04924979
0.24466434
0.04924281
0.05725592
0.38415385
0.05704504
0.22076902
0.24515213
0.40079620
0.51825809
0.16371693
-0.24344383
-0.02646539
0.05483481
0.20515387
0.01824729
0.07509089
0.14137498
0.34119656
0.10472868
-0.13856242
-0.04150849
0.10904150
0.13975624
-0.03536731
0.42585891
0.08766934
0.17163750
0.09946011
0.23066519
-0.07948981
0.05967926
0.08561682
-0.07267065
0.22346129
0.44875745
6.58870110
0.08614959
0.34525602
0.27322747
-0.16685924
0.07305084
0.69080297
0.32180403
0.28152770
0.18357355
0.13443441
0.01654207
0.00087805
0.22916130
0.20687285
0.60928169
0.29363376
0.11800601
0.02990780
0.16878864
0.39852069
0.03175148
0.27162203
0.11236607
0.28176784
0.14697850
0.47934682
0.06783521
0.39781970
0.10048466
-0.00020632
0.09223189
0.51563217
0.29016701
0.30612504
0.55633792
0.82022088
-0.23651805
-0.15850404
0.23939605
0.31659143
0.35753060
0.01333183
0.73668832
0.00699551
0.04137072
0.08851803
0.07705923
0.26298403
0.05806461
0.08257350
-0.00968464
0.42016236
-0.15476925
0.33703317
0.01651633
0.10841683
-0.00979811
0.11425208
0.15497374
0.05736222
0.18316799
0.17411124
0.40972933
0.36085545
0.19495354
0.12993614
-0.05851225
0.13832779
0.27002771
0.23329829
0.03378968
0.08858313
0.02384572
0.01602043
0.05830662
0.14403006
0.41045078
0.35381619
-0.05134594
0.09973897
0.00125879
0.25518466
0.23365304
0.45729721
0.27571414
0.23417739
0.27245206
0.24009503
0.21497803
0.34146034
0.29250529
0.13505305
0.39959481
0.26429518
-0.07939694
-0.66405984
0.16210120
-0.75412643
0.13690454
0.10453879
0.07604052
0.21861803
0.37462311
0.15421093
0.18320058
0.29336135
0.10483145
0.27231612
0.24883903
0.27042485
0.57260300
0.14372243
0.26218186
0.31957733
0.11184016
0.14102406
0.11419178
0.32550139
0.12231451
0.40947346
0.04265628
0.17620173
0.27467702
0.18143032
0.17772121
0.07952002
0.24801686
0.44597811
0.39729935
0.17232564
0.27432642
0.20114535
0.14474362
0.18636170
-0.28932896
0.12010809
0.25679236
0.19336339
0.55240529
0.25339227
0.11675061
-0.00008351
0.43939462
0.09833333
0.30981619
0.10089966
0.05036692
0.34598841
0.14216134
0.14288180
0.22656177
0.11195492
0.11208888
0.12479585
0.07643954
0.13506705
0.49249534
0.05603592
6.29834270
0.40854386
0.10657084
0.03683594
0.01247398
0.25890628
0.19473602
0.53846868
0.23885172
0.08331390
0.52492863
0.12068544
0.20362616
0.01603694
0.44144388
0.21185518
0.37310604
0.06153977
-0.03447757
0.35406500
0.23542180
0.50661602
0.18751126
0.06720095
-0.10366732
6.22328900
0.00658988
0.48718913
0.06939937
0.05218804
0.13749643
0.51636023
0.48989241
0.24109291
0.21752039
0.10529545
0.04131167
0.13757133
0.24608586
0.07914779
0.19518582
0.16680823
0.36553987
0.17191696
0.08595341
0.05025735
0.07411709
0.42758695
-0.14455035
0.07941130
0.00915028
0.33285848
0.08165172
0.31130117
0.07162860
-0.07186221
0.33459719
0.11700536
0.18419517
0.07151891
0.09479293
0.15423043
0.15108520
0.42075936
0.37555319
0.72216445
0.11283669
0.41835466
0.04938956
0.44133765
0.26777429
0.03205671
0.00236596
0.05527134
0.16190749
0.20204199
0.01673059
-0.15394720
0.29005845
0.12881012
0.09938401
0.28939595
0.37807415
0.22991343
0.19553821
0.43288609
0.31169819
0.18850674
0.08972159
0.03713637
0.24660738
0.06857781
0.08548577
0.01495324
0.08147101
0.01462220
0.40656709
0.06337372
0.06349888
0.53892199
0.06824493
0.31142999
0.66165255
0.49713265
0.07819139
0.45083128
0.33288269
0.08026439
0.26933703
0.17294809
0.20213432
0.31555936
-0.08448246
0.14773495
-0.07740853
0.00624823
0.25852903
0.16817914
0.00456532
0.24961397
0.31705115
0.26777382
0.14294123
0.00291217
0.09970682
0.16580013
0.21381582
0.10343838
0.29133484
0.13358889
0.16434507
0.38149816
-0.68090178
0.19368027
0.43408841
0.05058210
0.03137288
0.29996008
0.07071462
0.10433462
0.06225974
-0.02344232
-0.05910564
0.12078314
0.23508855
0.06140984
0.06091407
-0.14450089
0.31754987
0.22985559
0.00801697
0.16514904
0.13718109
0.34262023
0.39651180
0.18212021
0.18804157
0.28680763
0.03851143
0.06479604
