0.29784755
-0.09932198
-0.28336542
0.16840642
0.08512447
0.10944767
0.11817339
0.23597653
0.61529794
0.37699618
0.35887381
0.47276961
-0.09646655
0.07613506
0.53102303
0.46011862
0.34832716
0.49416759
0.72596593
0.24653256
0.25157495
0.12753003
0.23046352
0.26293490
0.10008693
0.57730174
0.13152556
0.23214976
0.07606968
5.58975530
-0.19211152
0.53338190
-0.19618193
0.27416535
0.23531794
0.33180686
0.47644362
0.23903627
0.10486344
0.28450334
0.09717864
-0.09842092
0.08222811
-0.12094289
0.23287853
-0.17454804
0.10282787
0.07639587
0.23979358
0.19909056
0.00687232
0.09305236
0.13494728
0.27796241
0.33822667
0.10693367
0.12673215
-0.12749474
-0.00073454
0.22783735
0.33455197
0.10155611
-0.00363136
0.13427480
-0.02135502
0.32035691
0.29055875
0.35573136
0.15099611
0.20997704
0.16788302
0.17941700
0.27846606
0.10506466
0.14291981
0.20946572
0.34497096
0.20261961
0.15729826
0.33378414
0.35441929
0.44036363
0.21670167
0.26131773
0.78259778
0.32836165
0.12455209
-0.12025451
0.35357736
0.19533842
0.16737122
0.22578006
-0.54343925
0.20823546
0.21073905
-0.29021111
0.14421490
0.13541003
0.16527597
0.09801727
-0.10397252
0.23097427
0.62910710
0.53181288
0.43621779
0.03026093
0.17688891
0.28522309
0.41593146
-0.12258032
0.12034226
0.26636050
-0.11144364
0.23222037
0.28839239
0.24477863
-0.11247685
0.63778683
0.27382948
0.55179961
0.10876877
-0.35258781
-0.12435442
0.21204130
-0.01547119
-0.09452974
-0.25896253
0.06575725
0.19755631
0.08221573
0.08044329
-0.08661778
-0.16062336
-0.16993580
0.18744175
0.41010401
-0.29639123
0.34504212
-0.10638843
-0.33011359
0.47959005
0.55875405
0.57206807
0.43414606
0.17256845
0.30864444
0.34472382
0.11867710
0.15401405
-0.06792007
0.23124644
0.24147261
0.20990269
-0.14796086
0.17042891
0.21832777
6.18329580
0.03869182
0.09706180
0.11926492
5.11626510
0.33142554
5.20298420
0.31850362
0.34893447
0.38671143
0.21029900
0.22711193
0.13797728
-0.09384216
-0.11719033
-0.01210804
0.23493689
-0.19602035
0.39984180
0.37212930
0.23323687
0.36140622
0.09818689
0.11121589
-0.45284376
0.48421692
0.47619289
0.38581936
0.25794181
0.36372694
0.16823785
0.09972730
0.44121918
0.13603044
0.20125599
0.32718862
0.34092285
0.22073556
0.23422580
0.28179948
-0.24307843
0.38505468
0.35279049
0.33676170
0.45544848
0.41833746
0.15093144
-0.13450453
0.23459575
0.12075046
-0.00852491
-0.11275302
0.31802074
0.24221243
0.10270467
0.20589895
0.14844871
0.39066886
0.47909380
0.13804632
0.21001539
0.24368527
0.29689454
0.25567236
0.11912625
0.38593220
-0.00891929
0.26518598
0.37932882
0.20131334
0.38246518
0.15921979
0.14440975
0.15888674
0.10598076
0.08240208
0.22946733
0.09389095
0.19960999
0.12209465
0.30161856
0.29302961
0.27036574
0.37859020
0.27826752
0.49572647
0.27552880
0.28733596
0.42443098
0.04902392
0.06230077
0.15920424
0.24824619
0.18264063
0.12324218
-0.07619842
0.16096289
0.16376521
0.30759518
0.15004556
0.00014261
0.24503740
-0.24127745
0.12097550
0.09889802
0.08000984
0.25626078
0.24299759
-0.22711393
0.04230561
0.11803845
0.25421047
0.19973621
0.34973417
-0.28237268
-0.26654996
0.13262236
0.25544946
0.34722255
0.12699922
0.12916676
-0.13745967
0.14708678
0.28633590
0.04755536
0.16709025
0.08296128
0.16567880
0.08372807
0.14638765
0.14825917
0.28520433
0.20170770
0.07133769
-0.41190777
0.26812359
0.05677732
0.00547041
0.35154148
0.13062667
-0.08319317
0.23685016
0.61797013
0.62085156
0.00335015
-0.11867174
-0.00267357
0.10872299
0.05245859
0.11210620
0.22296135
0.12603301
0.10911621
5.87557790
-0.18994564
0.31969748
0.64705848
0.19361608
0.29211920
0.06536410
0.24679259
0.24997716
0.16803258
0.02679782
0.09769093
0.29728408
0.03268788
5.83799350
0.17510510
0.02470220
-0.08650350
0.10992669
0.37720985
0.34099083
0.17972606
0.08299863
-0.07780123
0.30313882
0.27580932
0.47501242
0.16522401
0.26919473
0.17373020
0.37887473
-0.07432236
0.42362990
0.30880004
-0.06606771
0.34930973
0.12569837
0.41296071
0.34745745
0.38364162
6.46410130
0.09871492
0.23147422
0.26519509
0.47706523
0.42567925
0.13793559
0.49859417
0.56282535
0.36001178
-0.30709897
0.23137247
0.31030155
0.41973221
0.08478170
-0.00001395
0.13000566
0.32112796
0.13072152
0.10088746
-0.25310284
-0.43253296
0.28513109
0.21366111
0.31323527
0.17154579
-0.07485930
0.11094256
0.43088329
0.38567831
0.26461204
0.40831739
0.65672787
0.39495987
-0.22624249
0.49326465
0.41456918
0.09365381
0.22016967
0.06086041
0.07163417
0.29612677
0.38810926
0.13776720
0.24819110
0.07302234
0.36922412
0.02917510
0.27998422
0.14757553
5.56191500
0.13957644
0.14883854
-0.14752350
-0.11463219
0.16718393
-0.00046416
0.39702739
0.11408331
0.22467260
0.13457088
0.29797489
0.12010091
0.20973996
0.25799685
0.13000282
0.12669623
0.41810422
0.32653616
0.31123617
0.12765446
0.15898406
0.45089957
0.38715050
-0.14854835
0.47367621
0.30923923
0.30403048
0.40355551
0.27965820
-0.05661326
0.16214606
0.45607237
0.20305244
-0.09726485
-0.58435820
-0.15425011
0.38708700
0.32362929
0.47981163
-0.13612930
0.37476658
0.27440090
0.32053660
0.37411315
0.13666997
0.21749371
0.48384868
-0.12725717
0.01428729
0.18152202
0.33988846
0.20899470
5.57998520
0.20544060
0.11817965
0.34131674
0.12138712
-0.39293001
0.15415573
5.59757220
0.27009566
0.27063282
0.19977250
0.16529071
0.58567294
0.53748094
0.58088656
0.39749872
0.19454449
0.16347218
0.34242242
0.08432827
0.22289138
0.45725704
0.18344415
-0.41963331
0.26165015
0.66419765
0.27250601
0.39763226
-0.03602579
0.23387580
0.21138754
0.27414969
0.12060605
0.29956859
0.36200765
0.15560745
0.15218533
0.26578471
0.11469749
0.15668217
0.28635121
0.38950396
0.23606013
0.38223079
0.48812085
0.42261432
0.33903478
0.25033493
0.19431057
0.42903820
0.31087136
0.05399375
0.34564763
0.37758736
0.28915606
-0.03346887
0.34101966
0.72755278
0.47336081
0.79398507
0.53735483
0.24518833
0.11901961
0.32728071
0.27686960
0.16910399
0.08431184
0.38483313
0.45336910
0.18707268
0.12020192
0.11990744
-0.00025704
0.37183458
0.09822424
0.14852250
0.17105614
0.37968009
0.10232337
0.32856256
0.51450387
0.14654918
0.04823100
-0.63349782
0.04653644
10.26583400
0.33810940
0.09450443
0.19147608
0.09687000
0.11504985
0.10338942
0.34751531
0.50763460
0.18107339
0.09946652
0.15115609
0.10258343
0.33815059
0.20091494
0.25130773
0.24922820
-0.13449251
-0.20392235
0.14882082
-0.14767040
0.24728197
0.18738376
0.31141002
0.32995907
0.26269256
0.05746928
0.31346425
0.31046640
-0.34652119
0.24074999
0.23647847
0.28614107
0.09693435
0.11004193
-0.20153577
0.18197828
0.43174187
0.09453713
-0.33684625
-0.09990135
0.12964582
0.21070717
0.11217838
0.23707954
0.58969743
0.33540768
0.32581471
0.39554871
0.31292469
0.10910038
-0.35483426
-0.52342074
0.19707331
0.22937781
0.18768960
0.09592338
-0.03260998
-0.25430703
0.20311615
0.09245499
0.23955038
0.19853936
0.35631193
-0.12199133
0.11840609
0.49568938
0.17317189
0.12707690
0.13193361
0.25092290
0.19747440
-0.30712067
0.09227083
-0.30626431
0.31220424
0.17805034
0.19772181
0.21474805
0.03233685
0.17439746
0.23055316
0.29502221
0.28332998
0.30345183
-0.24538178
0.61947250
0.23042745
0.38010891
0.35621179
0.63269553
0.32263250
0.01174681
-0.11595165
0.16835882
0.00409559
-0.16436627
0.00365174
0.32189771
0.07131121
-0.33940348
0.26749654
0.29498639
0.18948793
-0.63357612
0.12075767
0.17566618
0.37726469
0.36949054
0.26717672
0.33172518
0.61695172
0.18980994
0.11654234
0.11603137
0.23170969
0.30150360
0.12161071
-0.12881549
0.01539520
-0.47640364
-0.15602264
0.25818852
-0.15789367
0.18086713
0.27590887
0.25439621
0.33664527
-0.00082849
-0.49051714
0.10872102
0.15314566
0.24008300
-0.00340504
-0.10525870
0.22939165
0.21875534
-0.30538013
0.24927180
-0.27275221
5.74007440
0.18187690
0.26054458
0.27537341
0.27784919
0.47693865
0.12050393
0.20392926
0.09256130
0.18692471
0.24067789
0.23958579
0.21868715
0.20997801
0.31275344
0.06811617
0.18081789
0.12337054
0.07270443
0.12972843
-0.14287427
0.35196861
0.30397106
0.30336907
0.33660359
0.13870669
0.38770430
0.50907125
0.41283843
0.05872728
0.21399623
0.09270824
0.07958798
0.45093147
0.07222924
0.02079497
0.25028769
0.12009890
0.18330008
-0.23192204
-0.27511048
0.09690329
0.31509051
0.31407722
0.15546873
0.50372994
0.26079987
0.56049489
0.38616062
0.48327378
0.32072233
0.35274752
0.30467843
0.04610799
0.00100793
-0.11775303
0.27975722
0.42976264
0.12661163
-0.11246739
0.13378623
0.50003263
0.23266813
0.13290927
-0.22464420
0.09253365
0.03135168
0.43914818
-0.60600975
-0.37479232
0.52955786
0.27420003
0.32273939
0.26278090
0.10235420
0.19527630
0.50741315
0.20496209
0.33987483
0.00702121
0.13160240
0.33859097
0.42209394
0.23621038
0.15969844
-0.08467599
-0.37566923
-0.09241821
0.26466255
0.30174001
0.30280451
-0.66929691
0.31354906
0.25325542
0.14811744
0.20489034
0.39741963
0.25273467
-0.37071132
0.10516365
0.01913499
0.07886213
0.21944513
0.17849451
0.10083376
0.14643947
0.30864446
0.35542182
0.23826242
0.43242796
0.49939446
0.11916754
5.91027390
0.31377218
0.10814550
0.16159662
-0.00016362
-0.13310668
0.22511898
0.08023366
0.23184428
0.19998997
0.03849296
0.35934695
0.16665698
0.45943567
0.32615468
0.29697463
0.28303643
0.21256086
0.20287219
0.01207110
0.07803873
0.11410252
0.05860478
0.14659197
0.26739372
0.15143874
-0.00027497
0.11727715
0.13892061
-0.23625581
0.19422927
0.36587834
0.22985159
0.45877369
0.16630707
0.29907037
0.16425584
0.25937374
0.12589692
5.00310860
0.32007948
0.36638133
0.20147323
0.24345479
0.54373514
0.55634173
-0.15796744
0.23076840
0.05520243
0.37857993
0.28906685
0.42656929
0.11108354
0.22765697
0.29920958
0.24222235
0.25185342
0.34763683
0.24647691
0.16454734
0.34133653
0.30001987
0.14340666
0.13501613
-0.00040234
0.05016216
0.15017215
0.50196229
0.12643735
-0.09777055
0.15025168
0.08989240
0.14203225
-0.43614974
0.20864067
0.05908630
0.40449446
0.45883790
0.55763191
0.37349037
0.46362950
0.15143330
0.11266248
0.17822826
0.11299622
7.70494320
0.46574871
0.17973222
0.11198126
0.24699210
0.17855687
0.23702450
0.14219024
0.36530845
0.24642364
0.16934804
0.07833440
0.29647425
0.37392942
0.32320173
0.44269158
0.02577131
0.08814469
0.18415591
0.77556050
0.64181286
0.49742219
0.11100802
0.32863363
-0.39744097
0.24865646
0.13858380
0.29840598
0.56317190
0.56911598
0.39873759
0.49678896
0.20975533
0.12615034
0.13899654
0.22739208
-0.14042340
0.29262272
0.10043192
0.10071206
-0.30932247
0.32240826
0.09874046
-0.00378653
0.27455195
0.43964336
0.34963259
-0.21234508
0.28347161
0.27478140
-0.14179411
0.20959143
0.25923603
0.17459455
0.17212866
0.06992421
0.08769647
-0.06683855
0.17951436
0.15033453
0.35573960
0.05896963
0.31839453
0.25767702
0.23115904
0.18831116
0.18186692
0.10103018
0.27421924
0.10774729
0.04997456
0.06902312
0.39591413
0.23825415
0.32417730
0.17491634
-0.13739088
-0.00050901
0.30273024
0.33019622
0.34822611
0.08689162
0.18765602
0.12583260
-0.09357488
-0.05354543
-0.16242242
-0.27039053
0.37476149
0.04066031
0.18087406
0.47009362
0.15659516
0.24369464
0.08140618
0.27350734
0.12792203
-0.21083433
0.43658052
0.25525879
-0.06458993
0.31516693
0.06850276
0.58902698
0.31532678
0.53652657
0.10902157
0.25110300
0.43656040
0.28874960
0.32881664
0.41793858
0.13166493
-0.14188751
0.21773697
0.51880767
0.68372252
0.27070597
0.77122414
0.85577314
0.19981398
0.06080927
0.35319375
0.02614236
0.17385079
0.38371733
0.13670705
0.32825591
0.18983787
0.20136717
0.16668361
0.39237809
0.02891362
0.05025736
0.21732694
0.15187536
0.16493318
0.26851190
0.38647734
0.47407765
0.04611583
0.36001650
0.33480967
-0.00369769
0.29579595
0.30146986
0.39915725
-0.00588513
-0.07520740
0.29982453
0.42180558
0.18083854
0.38325141
0.32817117
-0.02177476
0.13012665
-0.21898549
-0.05047612
0.04677518
5.81363380
0.22763305
0.27530080
0.03046718
-0.16517975
-0.02757823
0.24251433
0.25737547
0.06625033
-0.24151849
0.04837581
0.11353619
0.07714012
0.39822538
0.26187035
13.39608900
0.57390412
0.85490448
0.47564786
0.21839999
0.10671807
0.35866937
0.19670324
0.32662856
0.22553274
-0.11339761
0.23764882
0.05259750
0.27748572
0.02922271
0.05409191
-0.24081017
-0.01896910
-0.02298328
0.30279624
0.31655368
0.13946798
0.11183714
0.22117900
-0.11124287
0.52562850
0.62824081
0.17039999
0.10022833
0.19483197
0.14867622
0.36980076
-0.61502966
-0.36729974
0.08661211
0.42419611
0.11075087
0.21597390
0.29720506
0.21660111
0.10913960
0.22218990
0.10941040
0.05223050
0.42052143
0.29417325
0.09691503
0.08741968
0.04353439
0.70729914
0.08998273
-0.24373235
0.13969056
0.48060238
0.49633895
0.42485566
0.18502456
-0.08622811
5.42421700
0.29535234
0.09563460
0.12182199
0.14160729
0.45377243
0.14610845
0.29379941
-0.00413527
0.22679384
0.45346880
0.37842279
0.43228814
0.33070660
0.56643966
0.16063085
0.42849174
0.33795413
0.13755838
0.22635148
0.17361109
0.29323218
0.28701859
0.27519452
0.32499552
0.14903805
-0.33378005
0.31150481
0.29231473
0.04152528
0.10541120
0.17267748
0.57503331
0.38106187
0.42129179
6.08991180
0.15536114
0.19936490
0.22632442
0.28244826
0.44965287
0.16922032
-0.60507767
0.18035280
0.11572398
0.01235099
0.25064270
0.38597510
0.08143462
0.19665952
0.13647447
-0.25248129
-0.08795375
0.36617318
0.10720553
-0.09318702
-0.22341104
7.68778310
0.33601587
0.21414685
-0.17504221
0.31095716
0.28402714
0.22254477
0.09819712
0.14361757
0.30863533
0.36319520
0.51610234
0.25159569
0.49829571
0.33617919
-0.09294994
0.21879808
0.24101661
0.34775227
0.37914690
0.06045701
-0.25296002
0.35081103
0.10843205
0.26689808
0.07563842
0.38823784
-0.13023010
0.21413643
0.67806636
0.51767431
0.46505830
0.29805336
-0.11587481
0.09691160
0.42312079
0.32675559
0.17069895
0.13091321
0.09520073
0.31108828
0.06040499
-0.10713097
0.69272436
0.45761950
0.56867048
0.76561545
-0.01279479
0.01678836
-0.02379148
0.46127726
-0.07936457
0.18791397
0.12075026
0.07481456
0.02202972
0.18792698
0.36654390
0.28235829
0.49219412
-0.02010061
0.06203678
0.37027745
0.25425687
0.17659940
0.05835626
0.30600121
0.42619188
0.66047122
0.50295360
0.01817072
0.10915993
0.21024454
0.17753823
0.16878150
0.34942178
0.35942829
0.34375771
0.06720862
0.14834725
0.26966424
0.27947179
0.29208699
0.40460220
0.07229752
0.42190340
0.31647416
0.29407817
0.28679981
0.05524718
0.02836322
-0.32308959
-0.32828411
0.44488728
0.30072294
0.09099256
0.24036516
0.28637754
0.07891715
0.07456866
-0.30882048
-0.12235696
0.23443350
0.32747824
0.12959160
0.13716615
0.21873728
-0.00083186
0.02226290
0.06414157
0.15750899
0.27810449
-0.12566579
-0.40425648
0.13307778
0.25149139
0.28481703
0.35750910
0.33228543
0.02752603
0.09563036
0.03435869
0.38591969
0.42202058
0.10966373
-0.10862427
0.12552392
-0.56717521
-0.04495794
-0.40864645
0.14094071
1.11237220
0.91729050
0.14158297
0.08805153
-0.08481688
0.22742998
-0.00893388
0.18812151
0.29000954
0.33432975
0.18363920
0.40465129
0.26101604
0.36666762
0.04971508
0.03463423
0.04978948
-0.33102446
0.29971099
0.44466070
5.57432270
0.11116226
0.21472438
0.20334452
0.15429065
0.24461298
0.33531115
0.45930278
0.22974201
0.31110057
0.18174223
0.42981281
0.43938736
0.49602240
0.20365421
0.33385409
-0.08674953
0.12729927
0.63889051
0.72711452
0.14846782
0.16787523
0.44339663
-0.09735392
5.14645630
5.56225420
0.17309573
0.17175437
0.43966010
0.40408488
0.05838329
-0.29529733
0.24976176
0.28461987
0.32073755
0.29745016
0.15030077
-0.07763125
0.38756438
0.28644703
0.37718094
0.09668397
0.43551753
0.16619791
0.60837592
0.21418821
0.24666208
0.13375234
-0.00582714
0.13404619
0.36396744
0.33867777
0.30523832
0.10477991
0.29960366
0.33728590
0.13162229
0.18066643
-0.07412227
0.21017828
0.39948886
0.37733248
0.09059564
0.06438009
0.33786026
0.19959927
0.27595923
0.24333782
-0.25204645
-0.05239736
0.15135530
0.17616490
0.45566168
0.47099006
0.32268661
0.04705490
0.11175388
0.11202387
0.20356700
0.09003105
0.09691298
0.50347077
0.71213129
0.78531354
0.95244137
0.32603938
0.26444961
-0.27929868
0.36144509
0.15105776
-0.29897921
-0.10118944
-0.28310898
-0.08147048
0.10584544
0.30547651
-0.02886100
0.06155096
-0.00036330
-0.51302743
0.25156889
0.13039687
0.33034269
0.23098576
0.10183387
0.15444050
0.24363080
0.54398976
0.37879345
0.25190721
0.24830171
0.19786146
0.28526551
0.55488140
0.43011146
0.94352284
0.64188295
0.17328141
-0.18291872
0.43986314
0.20970792
0.10484363
0.09600442
-0.00173927
0.09844572
0.14421335
0.12221810
0.21495960
0.40626981
5.71165030
0.27770456
0.11626724
0.08416443
0.24839646
0.31376123
0.39413965
0.62598628
0.79419304
0.16120892
0.19199495
0.19658629
0.27292361
0.22181189
-0.08376890
0.15194070
0.35883254
0.31429611
0.20898170
0.25775558
0.21219302
0.24888861
0.13720434
0.49358605
0.52083760
0.33055394
0.17347495
0.20793600
0.46227228
0.48868655
0.31506355
0.13011005
0.11364627
0.11673486
0.11390119
0.42539896
0.32759424
0.26751744
0.37407849
0.04186094
0.09806084
0.09826253
0.18669059
0.35053324
0.32920431
0.23533347
0.31838527
0.49603482
0.23619185
0.38165609
0.35922721
0.47707432
0.39950540
0.18398019
0.36622541
0.20117259
-0.13783748
5.83274400
0.19757717
0.03797815
0.19285105
0.28112051
0.12024055
0.13767316
0.13436278
-0.00280282
0.09276591
0.06515846
0.16743799
0.27810051
0.25865570
0.02571628
0.14971286
0.12219398
0.22745776
-0.02962379
0.38937179
0.70784135
0.17050345
0.22004363
0.37857218
0.28171751
0.12436092
0.56928567
0.32948300
0.06624470
-0.17556601
0.12829834
0.26093468
0.02372852
-0.22547442
-0.39634474
0.24887182
0.41513859
0.19445699
0.18200647
0.27887202
0.24761134
-0.13515407
0.26533068
0.14289786
0.19020251
0.05372461
0.09341264
0.39278421
0.13653409
0.20837118
0.12022852
0.13075458
0.22637240
0.11097747
-0.05008115
0.34465961
0.10057147
0.63678274
0.20833481
0.43856957
0.11021801
-0.20026872
0.14848011
0.11037646
0.45202005
0.62172800
0.50979729
0.10726019
0.39602102
0.10832309
0.11563921
0.25916571
0.51895672
0.41036546
0.12996109
0.00697990
-0.25448726
0.07641896
-0.02671547
0.22881457
0.47985646
0.12676468
0.13022516
0.17521309
0.11062185
0.36628309
0.25192643
5.40790090
0.02092433
0.59287540
0.17842319
0.10647332
0.09054984
0.32420094
0.37337859
0.20168139
0.36401950
0.54149651
0.30580880
0.20907350
0.13005115
0.39650954
0.13593420
-0.39383136
0.08853397
0.11894808
0.25508644
0.27201179
0.13296100
-0.34068851
0.19893580
0.12312650
0.01645351
0.68896167
0.22705515
0.74643775
0.08135141
-0.02502294
0.16008713
0.20571287
0.18851724
0.36696661
0.49624344
-0.00255632
0.18700660
0.14545605
20.50284100
0.17336326
0.19951170
0.54126611
0.76851734
0.18098058
0.13674678
0.26751975
0.14558344
0.12253537
6.58022510
0.66477903
0.12992592
0.12663151
0.12437347
0.16510787
0.45532369
0.29278057
0.47718817
0.34405657
0.07341443
0.00024343
0.03630817
0.25028066
0.07867928
0.05742771
0.11721243
0.12951624
-0.21976266
0.09831326
0.25383991
0.10888469
0.01352254
-0.07157822
0.33728640
0.16399164
5.76573870
-0.07170575
-0.27727716
0.17631765
0.26696968
0.23049758
0.11976135
0.12117584
-0.27523701
0.02007607
0.85082744
0.13161622
0.21770120
0.12194619
19.82855600
0.00359765
