0.25190554
-0.00817570
0.22937003
0.21334891
0.16888307
0.34637019
0.20846928
0.45533482
0.39469679
0.10344566
0.38932963
0.23361989
0.05081976
0.28390694
0.26706164
0.29832615
0.09810675
0.29588507
0.18058588
0.25745258
0.14524664
0.26942225
0.14697564
0.39907608
0.44930269
0.69702862
0.18933484
0.19325037
0.09577833
0.55128278
0.03483532
0.34435501
0.49812710
0.26553063
0.17408849
0.18377957
0.01787513
0.01787481
0.25672624
0.17795516
0.13250810
0.13536281
0.03295522
0.18880403
0.35444549
0.11763863
0.13015136
0.13800387
0.14128210
0.10044609
0.10917569
0.07763900
0.12973184
0.12959369
0.40322834
0.02582394
0.01599621
7.16090070
0.29824970
0.09153655
0.20854439
0.80069842
0.18697148
0.42314872
-0.09395086
0.34876554
0.29987404
0.17990270
-0.11928565
0.31740492
0.25205452
0.17778792
0.19807799
0.24938428
0.26079333
0.18629078
0.24045253
0.25265211
0.08538735
0.08538255
0.17733159
0.29552814
0.21442695
0.36585630
0.40759602
0.21872665
-0.23948020
0.24211239
0.23762478
0.24608298
0.05591802
0.31130582
0.48493703
0.04383668
0.07767196
0.08225694
0.09679484
0.19967289
0.16348265
0.26100427
0.26240534
0.15106756
0.45755960
0.27212433
0.16843051
0.39820733
0.30691993
0.50410477
0.64080954
0.47563017
0.26900333
0.07189060
0.37680000
0.74250709
0.04658279
-0.00621194
0.28569348
0.27812833
0.18533023
0.24661366
0.01069075
0.27755326
0.33812240
0.14731133
0.28109598
0.09530651
0.14760632
0.00264630
0.05673860
0.05634898
0.03482492
0.11690532
0.02835757
-0.50824553
0.29746600
0.13691737
0.25686072
-0.28154860
0.09154675
0.09008673
0.00785152
0.49881911
0.33800905
0.22320972
0.13341733
0.11631634
0.02504706
0.22266629
0.52544086
0.11202467
0.30610118
0.23303950
0.25500350
0.25445544
-0.04164401
0.46468794
0.12388942
0.38255390
0.30636207
0.24921231
0.33469442
0.25052848
0.31642348
0.09756331
0.16753892
-0.52869238
0.00671440
0.15625724
0.20003607
0.21958513
0.20323729
0.03981892
0.14142793
0.09606432
0.11661885
0.13578522
0.02616087
0.28380075
0.22063192
0.48277608
0.24094793
0.13089339
0.20401343
-0.00038061
-0.00464925
0.46719233
0.03622584
0.10904971
-0.02653641
0.10105453
0.07779293
0.33198860
0.10427104
0.18945468
0.17056579
0.19967603
0.08561611
0.22908927
0.08231902
0.23450877
0.41660841
0.02909116
-0.37987525
0.20594722
0.29188237
0.15894297
0.29440864
0.47855800
0.35424016
0.38982690
-0.08931874
0.22256389
0.20825475
0.44971498
0.48975050
0.28389640
0.22846678
0.17844381
6.87839950
0.75481751
0.30500817
0.04345864
0.26066920
0.43251451
0.24954755
0.04985292
0.42113474
0.07474298
0.30081455
-0.18727938
0.36214247
0.20629059
-0.00172154
0.56159499
0.25196285
0.65406944
0.08022583
0.04308571
0.30665597
0.09302376
0.71847616
0.34046751
0.32121627
-0.74882578
0.07479703
0.07076266
0.43591210
0.42630039
0.65267541
-0.77369821
0.34941534
0.24075501
0.34829864
0.35875890
0.34882396
0.17095181
0.27733422
0.08554120
0.15923710
0.16057154
0.04676594
0.45779359
0.08013536
0.07295799
0.13327119
0.09864472
0.02637243
0.04704146
0.37672081
0.06740998
0.47136104
0.19444980
0.22938595
0.12758170
0.01462543
0.35218524
0.40252053
0.15886886
0.12102128
0.10554591
0.08048376
0.30214831
0.14534231
0.13867103
0.18656971
0.07978564
0.14952441
0.06345090
0.47520229
0.11399015
0.08759903
0.13630924
0.21560690
0.52896806
0.39226462
0.54183762
0.14384263
0.22841500
0.32596820
0.31083614
0.23536767
0.28870445
0.02678156
0.02677982
0.02336268
0.40554802
0.24940446
0.18386882
0.31981972
0.15268607
0.22092280
0.20260828
0.20131808
0.32906011
0.44107820
0.20355230
0.14280404
0.29717452
0.33134060
0.13173220
0.25907368
0.10188358
-0.45329712
0.19916554
0.09443348
0.25596713
0.36317170
0.34271193
-0.49605935
0.04527240
0.04631773
0.08004238
0.02156012
0.09919536
0.32442863
0.25765789
0.03190973
0.02491096
0.01156109
0.02071372
0.14412193
0.28165492
0.15924091
0.29356088
-0.00139620
0.01811242
0.21816502
0.12407806
0.03572786
0.44559680
0.25118061
0.44052538
0.09764340
0.07577675
0.22307011
0.01092230
-0.07026366
-0.50472408
0.22676786
0.53646020
0.21085523
0.32263541
0.14645114
0.25106170
0.08305306
0.33831750
0.20537688
0.29373777
0.22053841
0.05256781
0.55511280
0.42297691
0.08218645
0.07293239
0.14644510
0.21024076
0.01987823
-0.27882366
0.26103569
0.00969919
0.38205084
0.19555573
0.27611832
0.27558932
0.09481020
0.28287926
0.03437566
0.09249820
0.22916823
0.05671785
0.23468777
0.12072977
0.07259569
0.11315731
0.15621886
0.18139631
0.04492933
0.40628642
0.36044737
0.55351017
0.15072093
0.21815713
0.56271941
0.21461111
0.16103769
0.28129265
0.30011726
0.54886804
0.15472074
0.17745587
0.18636333
0.28019610
0.17936930
0.25898545
0.32539537
0.17442765
0.10900816
0.10900816
0.26611516
0.17957187
0.45942651
0.13590004
0.47323611
0.28860663
0.46173137
0.22753589
0.44292632
0.14978673
0.00664280
0.02135741
0.44750970
0.21956486
0.15425323
0.15957488
0.12586725
0.02678631
0.15074642
0.09211968
0.02006534
0.24675375
0.35656762
0.39339973
0.16178428
0.36465411
0.19983900
0.04897816
0.04690954
-0.00784510
-0.03628258
0.52082662
0.11887677
0.49929897
0.29629906
0.21377578
0.14651220
0.23463333
0.25829633
0.36853290
0.28317506
0.13950554
0.08931669
0.37174460
0.36194339
0.05053337
0.05053328
0.05053373
0.12643589
0.20716118
