0.09498712
0.22353285
0.07359758
0.27966285
0.05148489
0.05614049
0.14183113
0.44557176
0.10082783
0.22425630
0.40581457
0.13763462
0.09171971
0.63238001
0.03483975
0.03483975
0.41340081
0.05560464
-0.11880760
0.74744359
0.38194252
0.38799506
0.09091663
0.25564867
0.21552962
0.10125998
0.25068916
0.06182525
0.12620888
0.15463066
0.16729071
0.10637500
0.10656786
0.02793343
0.22163891
0.49316440
0.23720132
0.39704736
0.12910368
0.02207932
0.19263322
-0.16040572
0.24930503
0.09241998
0.13373203
0.17855960
0.08768647
0.29295989
0.26359145
-0.00286736
0.10961390
0.10535535
0.03480353
0.18247460
0.02844281
0.08400808
0.44973143
0.24201321
0.19837744
0.16886031
0.07453898
0.07295000
0.14653077
0.14161372
13.04113400
0.13100984
0.20192843
0.11579981
0.01970809
0.20896022
0.02700964
0.01181686
0.09124914
0.60049323
0.07646780
0.07730161
0.35680281
0.06603695
0.08451434
0.08016867
0.31335012
0.02992328
0.11590946
0.13641480
0.07594835
0.25008011
0.22881650
0.05437953
0.07078065
0.24473979
0.00240307
0.14350640
0.15615057
0.08884867
0.05772261
0.05542894
0.05928653
-0.70336596
-0.00961189
0.09631197
0.09349311
0.11803378
0.48454031
0.04724384
0.10955158
0.09644480
0.20275952
0.02323593
0.01010001
0.00087602
-0.00119841
0.01592549
0.01432482
0.23017424
0.01282426
0.10074565
-0.70273496
0.08744379
0.39139664
0.25241814
0.30345689
0.33066040
0.06869691
0.01484821
0.07887066
0.07934248
0.52185307
0.40219005
0.31469096
0.15556340
0.12197548
0.00576519
0.11356445
0.24461442
0.20854993
0.24696836
0.29767667
0.18198895
-0.00027387
0.24762523
0.23915778
0.05727034
0.12427423
0.06931970
0.06982206
0.03444651
0.03456790
0.06187607
0.01185926
0.08149142
0.01072856
0.11785332
0.15113402
0.04770331
0.13605032
0.16845389
0.08227554
0.12218429
0.60078528
0.35607839
0.14066500
0.11218965
0.00999977
0.30422278
0.08602725
0.21797695
0.08807381
0.09035569
0.10394868
0.29420506
0.36773360
0.40210255
0.33745396
0.52315792
0.03457550
0.11305977
0.01399431
0.22704051
0.15996758
0.14317344
0.35126528
0.35341614
0.39812412
0.43008870
0.33378653
0.19233008
0.06481222
-0.15678535
-0.60350980
0.22829850
0.24222636
0.10085966
0.27564802
0.05733451
0.18517667
0.04361458
0.01973596
0.13724460
0.25564373
0.00871843
0.22061501
0.23686627
0.13796802
0.28188140
0.09417179
0.11523227
-0.11833725
5.84769750
0.27790673
0.09629919
0.13223922
0.15269718
0.33680807
0.14795737
0.14795737
0.14795737
0.30245068
0.08410639
31.55676100
0.06770472
0.16285271
0.27954740
0.23875026
0.18807129
0.01748833
-0.03183540
-0.08238573
0.24206820
0.12186815
0.49847843
-0.08335371
0.22267157
0.08518367
0.40785502
0.17124734
0.05694317
0.29449666
0.15531031
0.22612472
0.25335516
0.14245372
0.16646829
0.05343216
0.36558860
0.18196090
0.14954783
0.30349713
0.13849260
0.07335389
-0.48234342
0.00789736
0.00789712
0.30283811
-0.02920530
0.29930192
0.10510808
0.19475985
0.12644929
0.14719949
0.19950222
0.27612067
0.27136351
0.45506207
0.24454399
-1.05263350
0.21370477
0.24113796
0.27252509
0.03669358
0.09961395
0.03213258
0.13782570
0.13864468
0.69840301
0.51976194
0.35608457
0.00561607
0.23009797
0.09892803
0.06204480
-1.03577460
0.35527082
0.69748436
0.24382929
0.19167292
-0.02055227
0.12819484
0.03212268
0.06916607
0.07190873
-0.11320366
0.13753700
0.56692871
0.29917065
0.55604079
0.23919510
0.14046771
0.47684385
0.33779194
0.04672257
0.13342927
0.03290808
0.14420505
0.06721794
0.05718609
0.12050170
0.10658165
0.10348597
0.13029426
0.16095830
0.18844016
-0.15062447
0.27175814
0.14067890
0.22026870
0.41482077
0.28203785
0.02419284
0.67237726
0.53910618
0.11508397
0.65226525
0.18863951
0.09456906
0.18844141
0.09933833
0.29408817
0.33515707
0.05304293
0.21378733
0.30209968
0.10753111
0.08127827
0.08127827
0.02530751
0.20525747
0.08776072
0.03815448
0.13833208
0.14496630
0.07242334
0.49025682
1.15793210
0.16848438
0.20702507
0.04207674
0.33214644
0.23585081
0.17532269
0.03428713
0.04330839
0.44735686
0.55854042
0.65041853
-0.00023159
-0.02693126
0.16599191
0.14164186
0.11707126
0.24236474
0.11441585
0.02857823
0.03179668
0.19140790
0.02782021
0.42453529
0.07663885
-0.05110732
0.10541643
0.06332729
0.08892797
0.31979820
0.15566255
0.13267643
0.03559913
0.05817297
0.12246791
0.15229146
0.01116573
-0.14157546
0.06201750
0.26584908
-0.21681973
0.07098187
0.55638640
-0.00083301
0.02294136
0.27653783
0.11903779
0.04466172
0.22162793
0.24898966
0.21260326
0.04487071
0.20160009
0.21151032
0.12994215
0.35517228
0.10792833
0.08495683
0.15714448
0.15042606
0.09951783
-1.02664660
0.10569310
0.32061224
0.13204251
0.26433200
0.24228695
0.32918791
0.18787935
0.02299944
0.05441295
0.16596174
0.34098003
0.32689879
1.18438640
0.32593962
0.11301371
0.25521426
0.20849097
0.34087556
0.30007478
0.38723390
0.29399303
0.47132568
0.04653139
0.07000936
0.18221004
0.01665900
0.30512495
0.14473508
0.31384354
0.04430888
0.30891847
0.28949904
0.31153470
-0.28891913
6.47261990
-0.19799076
0.08060905
0.12154930
0.20625346
0.12153462
0.28035845
0.09626466
0.18355746
0.11765025
0.22719886
0.08534532
0.02014897
0.35514731
0.06967171
0.12960350
0.17490078
0.41773776
0.18643206
0.15484732
0.64438660
0.02204889
0.22590567
0.62143733
0.10111080
0.18901374
0.51621096
0.08853334
0.13531603
20.91090700
0.14376089
0.16599623
0.35294512
0.63914924
-0.02107340
0.40705064
0.11026445
0.13656603
0.09194470
-0.01350276
0.06757247
0.07195142
0.02216116
0.07776963
0.25106264
0.14232265
0.22740291
0.14213367
0.05223049
-0.36177596
0.05122808
0.21435213
0.17115001
-0.01298691
0.25550710
0.01759241
0.03484767
0.03484767
0.29911047
0.10097881
-0.00029493
0.03054018
0.18486460
0.14726755
0.18467355
-0.12401762
0.28649587
-0.64483762
0.58187681
0.16601540
0.12364908
0.22513516
0.17813490
0.13953756
0.04837348
0.04837346
0.05736275
0.10031776
0.31914788
0.09418492
0.19748368
0.05311798
-0.00000253
0.07311593
0.06021240
0.03948263
0.30924483
0.23527508
0.27599502
0.17357299
0.03647915
0.48083363
0.33374277
0.17015026
0.37315143
-0.00361577
0.09229113
0.53756455
0.00067261
0.25757968
0.39494962
0.23248005
0.31863482
0.05789544
0.22017122
0.43415413
0.20365629
0.14305402
0.10789690
0.17429731
0.15658720
0.09262254
0.44952697
0.18623854
0.15209054
0.17141782
0.29158602
0.15731159
0.14760807
-0.00047170
0.10804918
0.04638693
0.12565402
0.25211514
0.01509811
0.06903980
0.01234994
0.01411504
0.06592875
0.60594882
0.14380615
0.09596565
0.18575551
0.12404771
0.09595564
0.02527614
0.12270169
0.32565505
0.17358360
0.13281370
0.13144523
0.09824952
0.08829928
0.09671042
-0.07917939
-0.01644935
0.32751213
0.14085059
0.49836972
-0.01143769
0.01302738
0.28739656
0.10310428
0.05519980
0.32794268
0.13256197
0.08446304
0.67363321
0.06018729
0.18787613
0.42677314
0.59786595
0.28971409
0.26370089
0.21839583
0.14673159
0.34198351
0.47330189
0.02516197
0.17843172
0.26163023
0.00957840
0.93535501
0.22088024
0.04683509
-0.05089213
0.08140223
0.24100159
0.05659434
0.41691070
0.23824017
0.51133751
0.49393953
0.10877842
0.01540335
0.06981117
0.01540332
0.01540333
0.13723417
0.14440527
0.34243435
0.07210296
0.14278032
-0.81423763
0.17451702
0.61340206
0.10113261
-0.07399601
0.32260138
0.02117136
-0.90837614
0.13604346
0.27739160
0.05096438
0.15815981
0.20397196
0.18985891
0.18739301
0.07288606
0.04529635
0.14007874
0.18965920
0.17802086
0.38878952
0.25809119
0.15884540
0.19192568
0.04435158
0.07550431
0.11703675
0.12364646
0.14857535
0.16699740
0.14772460
0.08708995
0.14294846
0.13452124
0.12739417
0.34440755
0.17378519
0.27515697
0.01646555
0.15804414
0.10024870
-0.43738415
0.02953192
0.38035208
-0.05052277
0.09303113
0.03665886
0.78836236
0.82179050
0.07717295
0.12727960
0.00513729
0.25474403
0.22019258
0.08369455
0.03855591
0.14228894
0.15303836
6.38187150
0.40772955
0.40066897
0.13969631
-0.07840135
0.58209131
0.30941841
0.32641423
0.37892998
0.06967112
0.36100857
0.41322475
0.52698187
0.08436251
0.10555259
0.02661133
0.13987208
0.11906965
0.06961064
0.05656521
0.15582018
-0.46192040
0.13055812
0.05701293
0.26720269
0.13012475
0.17106542
0.22369846
0.31599476
0.08047259
0.36161163
0.21206411
0.23126480
0.59372362
0.50363961
0.44529148
0.39764878
0.15161662
0.38205050
0.17369614
0.20879290
0.39601423
-0.05147741
0.29622945
0.15151165
0.01867369
13.69129100
0.01812065
0.33191438
0.05750054
0.17116484
0.31407497
0.12283116
0.05947868
0.02695980
0.13848486
0.20352483
0.08518497
0.43868187
0.33755769
0.09691494
0.08944542
0.15818330
0.14082225
0.11266660
0.20890637
0.08764300
0.07491671
0.26074787
0.44535025
0.17331103
0.23045410
0.17328188
0.36599212
0.11038511
0.44727038
0.19114948
0.05297871
0.21709050
0.34274301
0.14315085
0.02849363
0.14774838
0.16081041
0.10324075
0.10324075
-0.18836752
0.37287567
0.41325708
0.10801179
0.34506347
0.09072912
0.13755875
0.28434237
0.01200213
0.01199679
0.03115748
0.01041257
0.10875785
0.29906574
0.17239661
0.30666280
0.28951216
-0.36151544
-0.00724086
-0.42122799
0.24132564
0.08848489
-0.30488191
-0.41905985
0.30446692
0.40238483
0.15753759
0.07263162
0.12680823
0.56637774
0.20857382
0.28819080
0.61527472
0.09204603
0.26381843
0.24170750
