0.08429104
0.20364982
0.37175019
0.01319226
0.59016948
0.12115771
0.33790249
0.19187987
0.12076636
0.08993503
0.35700009
0.24799307
0.76467247
-0.27665827
0.36674835
0.69916897
0.65880659
0.68710370
1.06116020
1.04028380
0.58680246
0.13132433
0.02517678
0.07050024
0.25025571
0.35614521
0.20108521
0.28036393
0.35569676
-0.00158847
-0.02600038
0.21945686
0.54265375
0.38021128
0.05236347
-0.10096675
0.22680886
-0.12890993
0.25781743
0.25621342
0.44353660
0.26093302
-0.25725498
0.88421949
0.82854384
0.49180368
0.24900388
0.20719983
0.33671882
-0.01666790
0.84006140
0.17066863
0.19602391
-0.24761053
0.23003333
-0.04812429
0.32552249
0.06914816
0.15241180
0.14783872
0.14941330
0.13750439
0.26592242
0.26016604
0.28832493
0.08409279
0.02428736
0.25011062
0.03870351
-0.38267874
0.19517829
0.18462120
0.19216647
0.21872633
0.27210485
0.40998105
0.41901549
0.55209957
0.12871491
0.42501785
0.36433123
0.35719522
0.44043341
0.56156532
0.37252416
0.38394453
0.13680823
-0.15053403
0.00248589
0.11142776
0.19884882
0.05094101
0.24011194
0.47098493
0.45765097
-0.06898692
0.23614687
0.16116543
0.08303706
0.15217297
0.23443245
0.31226066
0.22071757
0.05563431
0.27722590
0.33864662
0.37531878
0.39364599
0.12548196
0.10639141
0.13207588
-0.46955073
6.62892350
0.13325336
0.30224593
0.28989668
0.17602406
0.17348275
0.32465002
0.27328061
0.35047171
0.16319184
0.54608667
0.65671023
0.64453863
0.69268443
0.09388907
-0.00024738
-0.11774879
-0.06453504
0.01909633
0.64773976
0.41776961
-0.89170746
0.09894073
0.17304647
0.00413912
0.26833170
0.27993923
0.27178311
0.37986603
-0.48608984
-0.18792468
0.26268936
0.32532832
0.10560098
0.16230077
-0.14419139
0.10371428
0.70618692
-0.19949756
0.02329041
0.23129817
0.04698206
0.22144082
0.05605178
0.13735573
0.12594622
0.16337242
0.22928222
0.37688739
0.44226935
0.21245523
0.31680912
0.25427900
0.13933791
-0.19286538
0.08959005
-0.38850884
0.06602398
0.35829709
0.12774819
0.19407631
-0.10538768
0.25571455
0.15542802
0.04705265
0.39910052
0.19992796
0.38678482
0.25232527
0.30157372
0.12103586
0.11150110
0.28765138
0.09295731
-0.20993954
0.33354801
0.43272267
0.50473601
0.40968661
0.43890413
0.15215208
0.66724146
0.42759699
0.38151293
0.41633851
0.08572819
0.22202697
0.13530319
0.30299541
0.22943508
0.19264543
0.15228378
-0.40122344
0.03418396
0.44185707
-0.14132240
-0.09563458
0.02956345
0.35934164
0.70016275
0.49017929
0.29385130
0.41538766
0.58032976
0.53315702
0.50476850
0.38711988
0.39598577
0.34312347
0.50042484
0.06578348
0.17186103
0.39038134
0.31968771
0.31420484
0.36050638
-0.29838219
-0.00000032
0.26053929
0.14814022
0.17010939
0.31952110
0.07306468
0.13662607
-0.06413717
-0.22900684
0.59525299
0.37343381
0.43171377
0.52726547
0.08660670
-0.19528674
-0.24801277
0.12791889
0.31416373
0.32178791
0.52093858
0.30204045
0.30426887
0.16374800
-0.06500156
0.04788988
0.67698221
0.21791691
0.42615909
0.59087765
0.25788008
-0.09368905
-0.03147419
0.29016121
0.00609859
0.27072328
0.28927402
0.13383952
0.04847011
-0.10800109
0.01380900
0.15641886
0.00695924
0.12490589
0.22766106
0.09317329
0.58878504
0.16893340
0.33638535
0.66088777
0.74960165
0.72774228
0.31410724
-0.06375359
0.33317844
0.42133904
0.22070840
0.48299947
0.14510950
0.11603503
-0.45127787
0.39974931
10.74657200
0.25739421
0.20225087
0.09830344
0.36172113
0.16312138
-0.11582145
0.10798986
0.07985529
0.27004817
0.34077663
0.03974365
0.14803888
0.16548265
6.15815750
0.46394473
0.58088303
0.39678473
-0.16082866
0.26019235
0.16879685
0.12411254
0.29366286
0.13518019
0.11192781
0.44742760
-0.00120340
-0.59819312
0.17398151
0.27373138
0.16928717
0.11319844
0.12615811
0.15912813
0.15390407
0.15764238
0.39572011
0.18557738
-0.11409054
0.20653259
0.09788743
0.34286804
0.11603060
0.31646668
0.38452910
0.20613243
0.31893017
0.48717750
0.24782047
0.21231032
0.23526728
0.10416106
0.02922518
0.53205594
0.57110135
0.31742465
-0.46687437
0.12034139
0.12136101
0.16031240
0.23387469
-0.16529848
0.29821883
0.53051170
0.21363810
0.19122417
0.11756091
0.20872659
0.32636418
0.29461779
0.20683061
0.42355198
0.38976844
0.23776562
0.06535554
0.04023254
0.35942030
-0.56861626
0.13691418
0.66330025
0.06747720
0.08819529
0.03256604
0.07649791
0.10836369
0.14633178
0.28161871
0.08165999
0.23075775
0.31582484
0.30116496
0.24873173
0.40610647
0.46919627
-0.18732171
-0.17308570
-0.01987750
-0.46553578
0.74157180
0.54843159
0.14959046
6.06522090
0.03889237
0.46800086
6.91592260
0.26672527
0.05574045
0.24139379
0.47477661
0.36481727
0.24341452
0.22360663
0.37391409
0.23830124
0.02587809
0.04499910
-0.06142916
0.02855108
0.12326731
0.09708092
-0.00814351
0.34987495
0.15248528
10.19479400
-0.52138163
0.12603466
0.40002465
0.38421919
0.06098775
0.26906685
-0.24714311
0.10632622
0.13449967
0.29465701
0.10962653
0.27914454
0.27679831
0.62364554
-0.57934985
0.00927394
0.20670990
-0.23345945
0.13975744
-0.34825386
0.49054775
20.39877500
0.28250572
0.30439994
0.09703577
0.07269309
-0.33268253
0.25149759
0.16326318
0.31221241
0.30710036
0.31759906
0.40745696
0.33985719
0.14511619
0.21876132
-0.14170695
0.20616182
0.18805828
0.96006678
0.66850097
0.42975339
0.34534200
0.13894452
0.09070276
0.12645516
0.15273027
0.38727311
0.29011973
0.28484581
-0.99793556
0.48493600
0.10092182
0.42306624
0.47392167
0.36419587
-0.23165743
0.55578802
0.00302004
0.05101449
0.02774700
0.06662778
0.15449635
0.19198988
0.29734517
0.78087535
0.54607508
0.48731208
-0.17266653
0.08490225
-0.33361052
0.10848681
0.31887950
0.18200968
0.29808879
0.40702156
0.00200580
0.24101328
0.25994450
0.16737486
-0.82159658
0.34747816
6.42493870
0.21406020
0.12976477
0.05810385
0.02798961
0.13956772
0.05535018
0.40184403
0.18161178
0.09374204
0.12185259
0.16688877
0.45300968
0.09009117
0.37784372
0.48500820
0.43881364
0.04520586
0.16626160
0.14041513
0.70786984
0.56406838
0.56165620
0.15769284
0.78039065
0.43044796
0.61914513
0.41864782
0.38355162
0.15055461
0.22920762
0.40588498
0.39359971
0.38636505
0.25241621
0.46609110
0.50122095
0.33245431
0.41263389
0.27944162
0.08325496
0.17454899
0.12591650
0.16659610
0.52765430
0.42760575
0.30822717
0.08144698
0.28470488
0.28534977
0.31365693
0.25611603
0.21544936
0.72221177
0.26629247
0.28982605
0.06949488
-0.00638289
0.14048408
-0.13357755
-0.01025804
0.25207114
0.30757005
0.30312346
0.55376930
-0.00019724
0.12518137
0.00463491
-0.14947575
-0.01773543
0.29750039
0.13943972
0.22140698
0.20670129
0.22303011
0.39778514
0.21974549
0.44309646
0.08627779
0.27750670
0.01502020
0.29794379
0.46539994
0.27797675
0.45651531
0.42095335
0.07960146
0.76822924
0.56804623
0.76030778
0.10206947
0.49799236
0.42141965
0.44722818
0.48120827
-0.18074899
0.29911556
0.57606211
0.16700780
0.29184775
0.43087264
0.48580946
0.23507584
0.26092834
0.41720356
-0.27892488
0.08892427
0.07500396
0.29617709
0.01152440
-0.48518238
0.33325195
0.43722366
0.57494878
0.00546813
0.12478761
0.20229786
0.24337466
0.35808479
0.38807464
0.11767868
0.35916523
0.40854012
0.02827282
0.86366859
0.64206788
0.56600232
0.19882239
0.12931811
0.25590533
0.01471876
-0.00842018
0.19286824
0.27741050
0.15840630
0.32886316
0.22879938
0.41707634
0.06111724
-0.00118771
0.05744788
0.11334025
0.38172018
0.23022399
0.29891621
0.28822319
0.38110919
0.29924143
-0.00090168
0.13018118
0.25944014
0.40338568
0.28577990
0.02889635
0.50835272
0.62217189
0.63647873
0.32189823
0.44663166
0.23210068
0.08939670
0.34567278
0.26136665
0.32869060
0.14675570
0.19127339
-0.05223825
-0.11482475
0.07004294
0.08639535
0.13614382
0.18751426
5.60821770
0.23688391
0.12467396
-0.15376507
0.10737470
0.26286866
0.09615574
0.56453815
0.42282266
-1.23342650
0.01087172
0.07739701
0.17705402
0.39357205
0.28482314
0.05470524
0.14811355
0.16773360
0.24932309
0.25130574
0.25325711
0.67062331
0.44671353
0.54179275
0.12885924
0.12862358
0.19575259
0.16467328
0.21969495
-0.04896871
11.62675900
0.12889372
0.13053689
0.45321508
0.50222717
0.69255295
0.68245234
0.53168408
0.49972189
0.29166906
0.20643876
0.25188460
-0.00101318
0.22288534
0.11969474
0.14276375
0.12749492
0.07317113
0.14365692
0.07732591
0.45018983
0.47444355
0.06106855
0.34961470
0.15312508
0.17201111
0.10032837
0.08842037
0.09776572
0.31732933
0.14064278
0.44162327
0.53622677
0.12914174
0.12356888
0.34746679
0.06791447
-0.05412542
0.13282047
0.43879045
0.15030225
0.58380447
0.71911732
0.46602548
0.27863080
0.03556709
0.00886434
0.41256954
0.40387668
0.30414323
0.40259421
0.23137187
0.05105062
0.04011151
17.19017200
0.11195958
0.33024570
0.37238044
0.35742964
0.31684763
0.28781001
0.04990143
0.21235111
0.71485003
0.09474675
-0.26173497
0.28086271
0.10101865
0.04849875
0.25625994
0.54061224
0.30692960
-0.00752397
0.10296221
0.23222644
0.20517711
0.35164313
0.36495573
0.49703836
0.34263379
0.39354710
0.11318881
0.23093378
-0.10776444
0.34022929
1.02488200
0.25921419
0.19644397
0.27721380
0.31092496
0.17649995
0.21731406
0.05409436
0.10567691
0.10591960
0.10473912
0.31950914
0.10967656
0.15020718
0.54785641
0.54546808
0.13012599
0.47232985
-0.18748838
0.20498103
0.32033205
0.46753054
0.23580700
0.12823492
0.17375546
0.31851966
0.17451353
-0.05562384
0.14640617
0.10375152
0.04474622
0.32192468
0.11668368
0.11645282
0.54204835
0.55156158
0.53455794
0.59370783
0.05766317
0.09532337
0.12636902
-0.00063644
-0.22493009
0.28482342
0.32566453
0.05155141
-0.00096512
0.20145960
0.14450399
0.15485822
0.32909793
0.37384030
0.00988923
0.31951330
0.26766203
0.14073846
0.34076803
-0.10973142
0.18227057
0.24288164
0.22046653
0.24207088
0.17393848
-0.00283759
0.03412209
0.05923860
0.12018342
0.14696480
0.42016767
0.07953200
0.32757479
0.17918042
5.93739030
0.05850766
0.17399608
0.22863201
0.25541657
0.25614870
0.29761364
0.43699674
0.34101024
0.13318684
0.12051258
0.39862082
0.32277612
0.17049257
0.33549986
0.26980200
0.25356029
-0.00017466
0.47466062
0.26944106
0.46636995
0.19461950
0.13047895
6.27345450
-0.09055426
0.24591003
0.48186221
0.17537206
0.14229194
0.20131737
0.41320247
0.08037013
-0.29491841
-0.42481917
-0.15370113
0.38827608
0.72140762
0.39794105
0.76535589
0.21888301
0.11619441
0.31883722
0.15556906
0.23861018
0.02669924
0.29918099
0.26105201
0.32766851
0.31631998
0.10501178
0.45389486
0.16831280
0.36052737
0.35292515
0.24582900
0.08540936
0.22909925
0.10935926
0.20446315
0.07853094
0.14337940
0.07794803
0.29827271
0.26505579
0.27069097
0.40917345
0.46532759
0.37216740
0.31343267
-0.14124805
0.10515346
0.18292495
0.24010538
0.03008499
0.33269632
0.40011691
0.10953147
-0.00172447
0.69994816
0.64340212
0.24583227
0.44752429
0.51327205
0.14013759
0.25039615
0.21128076
0.30644394
0.61765788
-0.55472592
-0.12698242
-0.17512546
5.52547480
0.19594981
0.13257612
0.12187487
0.18445114
0.08541548
-0.28752419
-0.12049436
0.39528739
0.11399452
0.12191117
0.12242446
6.46038390
0.22694041
0.57609752
0.47514221
0.78364774
0.55933879
0.51277184
0.44546330
0.04601304
0.04270999
0.23261035
0.02758740
0.15409231
0.10632210
0.22684144
-0.15320805
0.17209742
0.15994748
0.26134144
0.09917832
0.39140156
0.61924436
0.47045672
0.37014093
-0.00252284
-0.03711999
0.24640062
0.16936119
0.10810430
0.06340311
0.24543131
-0.74757393
0.33926923
0.39589901
0.30281805
0.49198676
0.08939290
0.24174188
0.26392381
-0.13835452
0.12006718
0.16818120
0.31384310
0.45918414
0.66334021
0.14899560
-0.04029893
-0.08754959
0.30786735
0.49648543
0.45456054
0.47121699
0.21278757
0.40238657
0.13351686
0.02479386
0.16586536
0.23692055
0.37611403
0.21860853
0.15248706
0.15520303
0.19012326
0.36382488
0.26614181
0.24189179
0.28750460
0.23733235
0.31998347
0.40185104
0.23969219
0.20837761
0.29451536
0.31064843
0.60289907
0.66538046
0.56883200
0.29666730
0.17147952
-0.00026001
-0.42567975
0.10797011
0.26547996
0.34913032
0.13987433
-0.00208745
0.15474150
0.30385614
0.53733051
0.35222856
0.55533631
0.52824111
0.48680924
0.45946304
0.28702396
0.14053296
-0.80396881
0.04732716
0.45067741
0.09511231
0.18182393
0.16218261
0.62797661
0.51335564
-0.34625228
0.08854789
0.30863807
-0.06883900
0.43883761
0.23984982
