-0.09023404
-0.02571640
0.17978069
0.27004226
0.03147807
0.24304956
0.55284189
0.28238299
0.30326992
0.11641235
0.11609114
0.20275324
0.59546739
0.41431671
0.25882457
0.18335119
0.11627677
0.21996797
0.16256121
0.13965249
0.25382848
0.12324985
0.19544988
0.13451235
0.26219967
0.44768272
-0.32663950
0.08904760
0.48289442
0.35753958
0.10129210
0.12507838
0.18113772
0.18771726
0.22093021
0.15722226
0.06505800
0.07449132
0.17024941
0.19594591
0.32534270
0.17428435
0.25598788
0.16421952
0.40668504
0.43923502
0.37122408
0.34971805
0.09944257
0.49547899
0.12417055
0.43474849
0.41131275
0.12877553
18.57216100
0.18421916
0.70940201
0.27198236
0.21600951
0.01278134
0.34586727
0.22585436
0.37970849
-0.34068344
0.24772728
0.80705110
0.92633042
0.10347396
0.20196180
0.46492246
0.31092362
0.26012682
0.25624638
-0.14470940
0.88963911
0.83885533
-0.07153622
-1.03944830
0.27805545
0.29985351
0.14421467
0.11610757
0.19804668
-0.00008189
0.17557841
0.25368679
0.09136058
0.14235847
0.32931545
-0.74382983
0.14234309
0.61817980
-0.10021144
0.26968398
0.19075049
0.43741942
0.30391879
0.37680029
-1.02142320
0.11067231
0.48837256
-0.18129505
0.12016717
0.07433159
0.32724488
0.61325152
-0.27392625
0.34273307
0.35613483
0.13368615
0.09969184
0.27487813
0.18189860
0.01410675
0.44846946
0.65562039
0.39158995
0.15489275
0.18452297
0.28089426
-0.73537612
0.14283413
0.15815170
0.23303581
0.12257055
0.19022839
0.10648215
0.07851989
0.48661894
-0.18924927
0.12562417
0.43889730
0.31371721
0.12259416
0.22901692
0.41586712
0.36644093
0.51111457
0.50912943
0.37098913
0.33142654
0.39884677
0.08979074
0.04157588
0.18241485
0.37847341
0.52476195
6.74205650
0.03094473
0.02571959
0.15791206
0.15270393
0.18803558
0.09240319
0.34876902
0.03764069
0.11696196
0.47605324
0.59334890
0.21006364
0.05691787
0.09791244
0.26963941
0.59093744
0.13696035
0.41340741
0.30062995
0.49639473
0.47347366
0.45286175
0.39157780
0.40232409
0.31794644
0.07452414
0.12423958
0.08662352
0.33011518
-0.06075008
0.09242777
0.49476379
0.71289273
0.19667922
0.47542865
0.13238079
0.28875024
-0.09042504
0.28646111
0.30943084
-0.81702826
0.02765689
0.08491196
-0.11654034
0.36006324
0.22464672
0.16039602
0.11533317
-0.65591869
0.13702495
0.23670624
0.30855766
0.03170198
0.08694818
0.14894120
0.21489510
0.23215355
0.27214102
0.05061057
0.12137272
-0.04489555
-0.12261091
0.71169801
0.14789626
0.27934907
0.30294245
0.27086825
0.12423683
0.09178297
0.26751359
-0.56795555
0.65781942
0.37498857
0.35554822
0.13399474
0.54890031
0.16379700
0.44887295
0.43161998
0.18020438
0.18405819
0.41730354
0.34571737
0.44025010
0.87205039
0.21825561
0.36785159
0.54406718
0.07036682
0.44001574
0.19961210
0.39639911
0.04121257
-0.27405457
0.27241649
0.41807055
0.40398194
0.44384866
0.16057064
0.27016077
0.19823752
0.31616660
0.18394061
0.30543616
-0.07847305
-0.35134495
0.33842731
0.22254462
-0.00000008
0.28634889
-0.12506449
0.13630290
0.25884125
0.27331457
0.48796001
0.20903254
0.34446340
0.31869392
-0.21948553
0.16856860
0.10224528
0.01259846
0.49754207
0.35867562
-0.07938529
0.37774836
0.13855534
0.13608960
0.09946071
-0.04885599
0.08041237
0.38675498
0.35095774
0.59047586
0.19590772
0.79620380
0.57791744
0.63137473
0.39402983
0.36030062
-0.76934000
-0.09585889
-0.67678720
0.15707716
-0.35363176
0.98173232
0.74118427
0.70131867
5.40539900
0.56871887
0.14038640
0.26467878
0.25226795
0.05057365
0.10967210
0.30140656
0.24778353
0.39273994
0.18162075
0.27091984
0.19552694
-0.01843248
0.06093209
0.03923229
0.21953069
-0.01914086
0.24497684
0.08018176
0.01405947
-0.36158445
0.32265910
0.06275738
0.62867488
0.53973489
0.07700416
0.11873480
0.35913660
0.14214079
0.02099067
0.10779665
5.68808390
0.09246329
0.07960195
0.11982506
0.08251576
0.12425594
-0.04139577
-0.31340242
0.26374142
0.28462453
0.16589865
0.25859729
0.31749935
0.25762890
0.46175734
0.15403445
0.44023020
0.67458208
0.56589757
0.76784154
0.10051608
0.42171490
0.49928926
0.34369094
-0.08578273
-0.41494293
0.12901426
-0.43034310
-0.34253380
0.11128835
0.02110710
0.12763577
0.16747781
0.36469197
0.18002951
0.79597737
0.50361454
0.42745989
0.23282578
0.65699191
0.80185793
0.41557968
0.65880677
0.53099090
-0.95706110
0.24064972
0.25215851
0.20975421
0.09658935
0.11460413
0.26857260
0.12671759
0.13709520
0.42360046
0.47735782
-0.56214483
0.16577205
0.34816784
-0.14595290
0.56844991
0.24500712
0.19755459
-0.37005807
0.10499225
-0.33093157
0.20954895
0.11483560
-0.02421053
0.23609845
0.29338217
0.09542129
0.06918609
0.30884743
0.00178031
-0.18167122
0.77349932
-0.83492935
-0.40473782
0.18297419
0.32150739
0.13982393
0.13916046
0.36596230
1.01311570
0.87640337
0.41248565
0.06863756
-0.21862956
0.12148784
0.00892540
0.27829211
0.08223757
0.16501362
0.39538745
0.06510837
0.20814051
0.26825775
0.08035681
0.19931516
0.15559209
0.19189607
0.20007874
0.29920620
0.31336267
0.78196712
0.73682785
1.01323860
0.41343634
-0.02354189
-0.46455491
0.04741851
0.16390069
0.35759415
0.20793290
0.25884940
-0.54378560
0.13991229
0.15708914
-0.31492449
0.21555440
0.55503636
0.50461773
0.24485656
0.11604218
0.92371042
0.87472056
0.39936689
0.24514123
0.41795922
0.44001439
0.49519275
0.22892513
0.13456064
0.26883793
0.30989880
0.07814274
0.18556813
0.19418616
0.02061602
0.30686460
0.39847484
7.37259440
0.56342356
0.10294628
0.04432420
0.35413320
0.65276367
0.40957822
0.36317075
0.17119603
0.17025795
0.19165114
0.14639880
0.04159788
0.07327343
0.25185643
7.67892030
-0.13006097
0.28488002
