0.14209013
0.05336010
0.56804917
0.02944038
11.01974200
0.27535026
0.08764347
-0.27968995
0.17645806
0.72921945
0.67421227
0.01930223
0.35837472
0.11846285
0.05736864
1.01255100
0.57469955
0.17573588
0.29912127
0.15958338
0.75257078
0.24170555
0.40325911
0.26041573
-0.69915597
0.23207547
-0.10406268
0.22515223
0.25514372
0.09900314
0.20167770
0.05574641
0.25738197
0.03658044
0.04116635
-0.32627006
0.31860505
0.26122370
0.33174046
0.33176629
0.33371473
0.31695026
0.50102959
0.51892404
0.52883673
0.44262265
0.26723998
-0.16874977
0.37728696
0.01264496
0.33293917
-0.31940253
0.04124689
0.12275145
0.04742199
0.07690533
0.15288197
0.05798187
0.24917230
0.23297710
0.62135905
0.12111203
0.32463716
0.11278657
0.17443654
0.09511650
0.44669950
-0.49126937
0.13305817
0.08820409
0.33105397
0.25481917
0.19033271
-0.21615222
0.31649710
0.26122045
0.27719819
-0.05015566
0.77025703
0.23234218
0.05951781
0.17460050
0.06805018
0.48136160
0.24779482
0.52293968
0.16605932
0.39322616
0.16000689
0.28560265
0.16858813
0.28368552
0.13159175
0.31048882
0.39820065
0.60104545
0.94893987
0.53672174
0.92900124
0.17186720
-0.38563012
0.03882965
0.18637005
0.16293756
0.29072346
0.25099774
0.35220111
0.17184880
0.11324758
0.43378468
0.82705372
0.49773543
-0.67460901
0.21275088
0.16531219
0.20455283
0.24601566
0.24066914
-0.98121286
0.16688227
0.06508863
0.17247849
0.19025320
0.23668543
-0.05685168
0.07400749
0.28848602
0.16918174
0.15252185
0.22646468
0.14240506
0.05892033
0.59199003
0.18387804
0.25926117
0.29293993
0.27040712
0.27889849
0.26382689
0.20464622
0.45613640
0.00181131
-0.01844403
0.36532467
0.04151213
0.10217914
0.18637047
0.16070804
0.13800125
0.26103237
0.55089206
0.12654624
0.26452713
0.36187141
0.48955834
0.13433102
0.36995786
21.34035800
0.11399960
0.11079609
0.11025872
-0.00153722
0.12263111
0.17553262
-0.62943650
0.10379577
0.03889244
0.18076198
-0.01257281
6.38112750
0.44294895
0.49701160
0.18480430
0.26156889
0.25048303
0.44752536
-0.76626904
0.03401410
0.10307233
-1.31103820
0.02350889
0.15800461
0.29177686
-0.62429241
0.12105940
0.04548655
0.20382396
0.34993347
0.10805875
0.41386671
0.46148890
0.11968450
0.12500583
0.15534895
0.22755538
0.21332531
0.38384573
0.32845871
0.19593183
0.22433429
-0.48846721
0.54473159
0.50607195
0.49786595
0.23816771
0.18569211
0.47583762
0.76845771
0.38076969
0.92441610
56.64322900
0.32025193
0.42705538
-0.49739252
0.47427136
0.28644416
0.09774143
0.11827958
0.52386261
0.78490755
0.46550727
0.48352766
-0.08799678
0.14257794
0.05374506
0.64715800
0.14328034
0.30227053
0.13159356
0.10457449
0.75256127
0.31161086
0.52851299
0.29116502
0.24246561
0.28438211
0.05588908
0.44270526
0.15292992
0.00059272
0.05813535
0.14274170
0.04404200
-0.32981110
0.24535486
0.32724232
-0.02032889
0.21570235
0.41909975
6.81420750
0.12788232
0.09834577
0.28536779
0.07778100
6.85372130
-0.09149512
0.05139122
0.10073287
0.11411262
0.11558747
0.12109564
0.13853012
-0.20128811
0.03801445
0.06479986
0.08371837
0.29113012
-0.11800918
0.42791841
0.30075735
0.20503598
0.36066672
0.08107588
0.01338821
0.15926527
0.22651740
0.21363885
0.34562955
-0.00560291
0.02296896
0.16703497
0.34318700
0.27827063
0.43270034
0.22619720
0.44824107
0.22476313
0.28945153
0.22592106
0.23818610
0.29765717
0.36559395
0.63634125
0.64252169
0.32667906
0.06508937
0.38140619
0.53073938
0.11255232
0.34189610
0.51692064
0.04204023
0.10682008
0.16665935
0.11403066
-0.00594654
-0.64947765
-0.36616704
0.14511706
0.30813046
0.26730215
0.33961732
0.06069684
0.22216725
-0.34614999
0.00953639
0.05732561
0.05659235
-0.02131627
0.28015243
0.09245745
0.09147506
0.37380645
0.24089826
0.09547702
0.21791064
0.05410526
0.22137496
-0.45588502
0.14490673
0.26591423
0.83877003
0.44998465
0.72087813
0.20926259
0.04710232
0.80563639
1.09213120
0.83030264
0.10933496
0.17794001
0.18113360
0.34270369
0.06964367
