0.31112054
0.22093061
0.41802403
0.59657644
0.17333370
0.32341794
0.06750270
0.17805636
0.93515539
-0.39746546
0.25224991
0.39874881
0.21123588
-0.38149563
0.11608542
0.60321433
-0.29246897
0.36309241
0.31569086
0.03623953
0.04065431
0.14296135
0.02671893
-0.00029038
0.51485135
0.24678468
0.15498517
0.26137413
0.36284850
0.13059467
0.64785166
0.19583337
-0.39242895
0.08719327
0.07660887
-0.00028442
0.27349883
0.39915979
0.19244854
0.25507557
0.41348830
0.41252735
0.22431943
0.23559068
0.13503420
0.35384249
-0.94415442
0.42099418
6.78116810
0.10437324
0.18019521
-0.04405232
0.45941669
0.06331610
0.09623778
0.73171274
0.08983074
0.42667035
0.18059572
0.60192073
1.08887160
0.71810064
1.22558280
0.99138435
0.25990682
0.47499258
0.25749063
0.28198407
0.40393459
0.04264149
0.13934257
0.24932100
0.30972524
0.01606255
0.33506252
0.65083781
0.33536307
0.33530350
0.16447279
0.04150627
0.14463122
6.66977930
-0.06418002
0.40478487
-0.36403998
0.61212082
0.06527661
0.35272099
-0.20000446
0.34369057
-0.30438982
-0.00153714
-0.13849374
0.19177445
0.49168451
0.26795634
0.27209817
-0.10612375
0.17727230
0.14798923
0.14816861
0.66476269
0.48849969
0.23056485
0.14877657
0.29981149
-0.00060486
0.14431827
0.19788459
0.11603803
0.25466136
0.33384903
0.31461586
0.08091937
-0.13521876
0.15959387
0.32320041
0.15609882
0.85598186
0.95501689
0.51890263
0.16308372
0.11202901
0.06537623
0.15164358
0.36486123
0.52940698
-0.67316885
0.05357717
0.41216841
0.28264326
0.46288400
0.48674096
0.23317970
0.29654290
0.53007470
0.29469238
0.52598687
0.48083977
0.11049814
0.00746496
0.05088474
0.28011104
-0.38036104
-0.07710767
0.28466670
-0.32883600
0.25034692
-0.00867577
6.51003910
0.06105061
0.51561404
0.16685228
0.47742983
0.14703842
-0.31400263
0.14753237
0.31536439
0.66182758
0.11356665
-0.02566762
0.23787669
0.16063601
0.19643535
0.10026831
0.10132481
0.09466763
0.05661047
0.18681858
0.10627035
0.64863055
0.44834756
0.00507016
0.11118727
-0.05800639
0.42155407
0.26794889
0.04419435
0.27410564
0.23572794
-0.82951596
0.67357868
0.35405374
13.17242700
0.43696771
0.56165598
0.27373200
0.28886000
0.13377153
0.50035913
0.28466277
0.54841603
-0.00196682
0.70175962
0.08094650
0.44199892
0.28351595
0.13852584
0.08230857
0.13835811
0.54666263
-0.36738264
0.16122788
0.13556107
0.20080314
-0.02795466
-0.22310390
-0.97012005
0.29041602
0.29046181
0.17589197
0.14469877
0.27421722
0.37389696
0.32415959
0.00896969
-0.34002216
-0.02252728
0.22726167
-0.34335223
0.10813084
0.07765253
0.10013547
0.12661002
0.34507187
-0.36698498
0.16739829
0.28974698
0.16538502
0.33072153
0.57362527
0.18904741
0.22575852
0.40136044
-0.00151879
0.26155433
0.02061311
-0.00021484
0.08014467
0.22286478
0.47760219
0.34731343
0.54107221
0.39907823
0.13742784
1.19331000
0.82140286
0.97525536
0.27009401
0.03157653
0.12072240
0.03202514
0.73732280
0.49034080
0.13303486
0.29763089
0.52170275
0.56036617
0.26304403
0.10522873
0.42536910
0.43804325
0.45436777
0.49359054
0.09146316
0.36473474
0.38263690
0.32819191
0.16246064
0.11608935
0.10488557
-0.19575770
0.23562025
0.25921198
0.12228942
-0.47357622
0.18581866
0.09122707
0.02942308
0.05231121
0.17126700
0.07258276
0.13630968
0.35626878
0.47376171
-0.53704249
0.50006689
0.37383207
0.45208740
0.15045778
0.11964529
0.09848621
0.09557950
5.35489450
0.05745460
7.12472500
0.16245887
0.11863067
0.20195589
-0.28750107
0.07540795
0.11716318
0.15687962
0.59727337
0.44161001
0.45280347
0.20615039
0.46925705
0.11861063
-0.41035496
0.13857563
0.24640162
5.86874280
0.59732826
0.00647867
0.04780009
0.03402294
0.09805289
0.00822510
0.40807906
0.37762127
0.21185130
0.38475850
0.52325626
0.17833516
0.18877735
0.14865028
0.11329216
0.11853400
0.37784483
0.15952230
0.56455474
0.76888443
0.12484669
0.29624392
0.22283152
0.19324500
0.53573152
0.65450108
0.69717172
0.44971876
0.48928420
0.39910472
0.36648412
0.20031806
0.16629748
0.69014033
0.70775000
0.42196987
0.44217663
0.40860921
0.28153315
0.41402051
0.24895362
0.12212494
0.24968245
0.01264713
0.09881892
0.27252500
0.22904128
0.24553390
0.40558432
-0.66228002
0.18006286
0.10720958
0.29518223
0.01540157
0.19574867
0.31375114
0.64913896
0.11933913
0.11858046
0.10246183
0.23832560
0.17450440
0.07572505
0.05615075
0.49401564
0.15930078
0.14858450
0.05191793
-0.38162978
0.33977977
-0.00925473
0.19651944
0.14860291
0.06081994
0.42022760
0.36225692
0.07104454
0.50485440
0.19066666
0.58653646
0.52617762
0.65018420
0.62688996
0.22191882
0.32649090
0.60364410
0.31249502
0.78493881
0.30442714
-0.55383210
0.06935972
0.29270911
0.00234064
-0.05141742
0.45267513
0.20074092
0.10658218
0.42173265
-0.08505261
0.39958471
0.39034780
0.17045740
-0.21639501
0.08351645
0.41982664
0.17501339
0.09986574
