0.30305791
0.26807767
0.28529814
0.63251028
0.02212168
0.06394270
0.25694687
0.00172194
0.10228360
0.06357638
0.06350705
0.19422681
0.20195020
0.18197907
0.03239845
0.10543591
0.12664062
0.19368643
0.22831978
0.34469449
0.20212455
0.19800078
0.21554277
0.20212454
0.04587182
0.18249746
0.18249746
0.23932212
0.04798573
0.04167676
0.22036089
0.14122625
0.14145607
0.27363634
0.09892381
0.13064514
0.12448325
0.21346109
0.16451918
0.21872972
0.22755547
0.28563382
0.59343467
0.27422046
0.03992504
0.07867504
0.03992504
0.13000663
0.13941927
0.05187534
0.13215528
0.28106271
0.27076907
0.06952040
0.06637085
0.06637085
0.16178200
0.06637085
0.12652627
-0.00165112
0.15480489
0.01813828
0.01980792
0.01977482
0.38533213
0.16763802
0.31206506
0.14390500
0.14749769
0.24798984
0.39015306
0.05596177
0.05596176
0.06450278
0.14874100
0.21831043
0.20209637
0.57406055
0.01882152
0.43559386
0.03900724
0.33186658
0.18775750
0.21005419
0.36103385
0.21708438
0.39150184
0.24972063
0.25460239
0.25476670
0.20269407
0.19584822
0.16688660
0.30718608
0.28304199
0.26324472
0.40810023
0.01017724
0.04420019
0.04420015
0.01017723
0.19719906
0.18945033
0.23382762
0.04291720
0.04291720
0.17811387
0.31179841
0.01891881
0.21080358
0.06094885
0.01891979
0.12135407
0.06674076
0.07293025
0.15488161
0.01329502
0.12373099
0.11292325
0.49302266
0.10947946
0.32493876
0.18014572
0.01205637
0.49851203
0.25589208
0.49060882
0.09463191
0.15304151
0.16853493
0.16853493
0.22786640
0.34668685
0.32277382
0.02262985
0.02412001
0.02262992
0.06559947
-0.01795410
0.08231756
0.07569347
0.25155895
0.32596534
0.07569325
0.15967256
0.13710574
0.24873259
0.10319665
0.05744448
0.10173875
0.20769696
0.33510309
0.21046731
0.01689411
0.15390196
0.17845427
0.10627676
0.01907697
0.55836218
0.01103360
0.03294750
0.17864306
0.02578421
0.37942318
0.02578421
0.39250893
0.20272792
0.05373744
0.06233764
0.05010485
0.12106288
0.22157642
0.43792131
0.12053912
0.29168321
0.33253619
-0.11062757
0.36092358
0.15947783
0.38207071
0.06157181
0.03629655
0.15224410
0.37942283
0.02168266
0.02168266
0.21989158
0.04864248
0.04905806
0.26618793
0.09507071
0.09339690
0.15190742
0.02997254
0.02981453
0.04140206
0.76618193
-0.00000010
0.20388922
0.09923255
0.12328920
0.03910705
0.21729512
0.21668910
0.07990502
0.07990502
0.28277594
0.08694056
0.05030892
0.11611218
0.00723348
0.54648721
0.65948481
0.38318223
0.08571710
0.10139863
0.14466622
0.05940347
0.36229556
0.38191390
0.07745270
0.20544595
0.07544165
0.31324335
0.03256805
0.23528172
28.08707300
0.39890926
0.02096751
0.10244561
0.15502861
0.19199100
-0.74713831
0.05381698
0.11371960
0.16825539
0.04241475
0.11719060
0.10535936
0.03427269
0.05151661
0.05987617
0.05426215
0.00472853
0.17946551
0.18897504
0.11438792
0.12524422
0.10850481
0.33833642
0.27535998
0.42895778
0.11825204
0.23115921
0.09485456
0.15032546
0.01879089
0.04866952
0.04414977
-0.01305136
0.00201528
0.24919417
0.06721629
0.06981058
0.20794795
0.13540315
0.15141420
0.52001602
0.50716172
0.02327812
0.12432221
0.16870821
0.33116702
0.04393282
0.28940138
0.39551481
0.07496266
0.11813079
0.11010995
0.14342551
0.35472390
0.23671875
0.16599597
0.00916352
0.03790209
0.07246060
0.27452066
0.32783281
-0.28810792
0.69184647
0.25675540
0.36274571
0.19670545
0.31428001
-0.43365638
0.45691968
0.11391403
0.11523581
0.11496241
0.15658190
0.15564424
0.26219417
0.00507348
0.21042528
0.19923391
0.08959365
0.17959247
0.30047168
0.16487709
0.38100542
0.11714985
0.13910034
0.43389069
-0.29403143
0.00347349
0.28785277
0.09119308
0.16491539
0.16022823
0.16023837
0.11627471
-0.11382842
-0.00048222
10.98511900
0.05637547
0.39835679
0.26653474
0.15395796
0.05991480
0.03899522
0.13508063
0.14716839
0.31119611
0.28623428
0.30082929
0.38221505
0.35819409
0.36136476
0.05689377
0.01972828
0.04202845
0.06816533
0.09994886
0.22223398
0.18584319
0.21787381
0.12209624
0.13351397
0.13351397
0.16987692
0.06979127
0.26844962
0.14215672
0.07518693
0.05952063
0.12862849
0.13164369
0.31001418
-0.45293517
0.32150943
0.05922000
0.07118985
-0.07842847
0.13244955
0.30328018
0.14498268
0.05684408
0.09438368
0.12161183
0.32038824
0.09710291
0.17691635
0.08995156
0.33074811
0.25262555
0.09473315
0.50285921
0.31187419
0.17508777
0.30517518
0.39767878
-0.01461402
0.07904115
0.00982281
0.32573990
0.00911194
0.16376962
0.49214812
0.17930641
0.27384615
0.46355412
0.26780308
0.25188723
0.30991761
0.26768961
0.20113690
0.15264795
0.14795056
0.01412055
0.11691496
0.04439073
0.26421875
0.04268108
0.09553288
0.05186916
0.12874855
0.12053760
0.07674012
0.17981532
0.07674014
0.24786876
0.12048889
0.10623533
0.09280496
0.09413911
0.22072860
0.21130029
0.06914185
0.21226174
0.22176286
0.01495632
0.39443440
0.15599174
0.40453801
0.14597921
0.04965222
0.22256670
0.17558683
0.57629427
0.20916747
0.18218387
0.17476114
0.17476121
0.12144854
-0.05545279
0.06994918
0.06625411
0.00218022
0.17090961
-0.11910216
0.09058238
0.06099343
0.14831679
0.04593405
0.04593405
0.04593405
0.04593405
0.03300080
0.05588205
0.09506882
0.03911600
0.05588205
0.05928920
0.42210438
0.28424719
0.18909806
0.23413929
0.48496593
-0.00116977
0.27594686
0.22835930
0.02075710
0.10536988
0.16498286
0.05545609
0.27691921
0.17319666
0.04017139
6.12689860
0.30095296
0.11961783
0.17405564
0.27433520
0.40326098
0.07861671
0.01607367
0.23494717
0.09578307
0.16202297
0.04240185
0.16935457
0.31437278
0.16786643
0.33007141
0.17984076
0.21812272
0.10948783
0.01435712
0.15175134
0.61248538
0.15005036
0.05129704
0.04360185
-0.21064066
0.11596242
0.33639499
0.40887387
0.13765709
0.12107930
0.09572537
0.06393595
0.06393595
0.12936313
0.11084442
-0.49073745
-0.00185948
0.13932547
0.04906558
0.10443071
0.04906558
0.06289248
0.17260283
0.01027102
0.09800941
0.01027074
0.01027055
0.27476294
0.23343805
0.25768818
0.02072050
0.00709114
0.00709150
0.02072050
0.32341528
0.20881350
0.03243635
0.06797681
0.06797680
0.05048399
0.53489963
0.59142926
0.12475801
0.24559014
0.09038122
0.09038122
0.46458647
0.39776631
0.13601256
0.28898297
-0.15182658
0.39110423
0.13868066
0.20020061
0.36745435
0.07543209
0.09714577
0.05304131
0.04583000
0.24289689
0.08786259
0.07979734
0.07979716
0.18980898
0.10725307
0.00145834
0.00883695
0.25923601
0.21069319
0.23527386
0.62180319
0.54508821
0.52261175
0.32967165
0.06390735
0.06391568
0.12829609
0.07207059
0.13511898
0.12051931
0.00650922
0.81765592
0.94613729
0.88943472
0.02335781
0.00306267
0.21238442
0.05310597
0.32504678
0.02692712
0.02966455
0.02692715
0.10458780
0.03991955
0.07624025
0.02287219
0.02287220
0.02287220
0.09827850
0.20116951
0.14152877
0.08321703
0.05082067
0.05203052
0.15216140
0.15383945
0.12227848
0.16344691
0.16061129
0.16065560
0.19944039
0.16091721
0.31383499
0.10459365
0.13866599
-0.51410251
0.46893569
0.08351141
0.00636162
0.14815424
0.18332869
0.13002447
0.22801138
0.13002447
0.33094955
0.37240693
0.13419535
-0.13953564
0.12085923
0.00764574
0.08896011
0.08845392
0.11057501
0.17599480
0.15082105
0.39647186
0.27214014
0.01090089
0.01113611
0.10889860
-0.30605646
0.05220171
0.18752867
0.05502035
0.10276212
0.00068560
0.11575098
0.43773553
0.05312533
0.12644999
0.14384546
0.00261200
0.03327491
0.03327481
0.47568240
0.56222131
0.49750685
0.42136001
0.07255307
0.25117093
0.00354072
0.30707241
-0.08984904
0.21224904
0.11946694
-0.02752865
0.13496600
0.10255284
0.37751488
0.04619110
0.19309103
0.04619108
0.22842507
0.53270120
0.25470788
0.21215824
0.18153409
0.08983403
0.23802397
0.12829725
0.18181531
0.09313997
0.17852697
0.03472104
0.05318240
0.03472159
0.12756268
0.12873163
0.12753928
0.39630250
0.15020246
0.25542323
0.26995307
0.01758227
-0.00968282
0.41987198
0.50815825
0.24967632
0.06763089
0.07217852
-0.00000165
0.23757613
0.23436976
0.17895612
0.05028134
0.10018517
0.34155487
0.15063256
0.09029477
0.15063255
0.10256519
0.01321359
0.29991392
0.20619272
0.33191435
0.20640383
0.05943072
0.00767052
0.00767050
0.13286683
0.21662278
0.24174820
0.17505418
0.04625996
0.04625996
0.23024849
0.05623058
0.02544835
0.27124812
0.00882606
0.00505930
-0.04599620
0.04502585
0.12406672
0.09323102
0.05111661
0.04822377
0.23374837
0.10924242
0.13686208
0.07913358
0.11932496
0.18142960
0.00963708
0.25293385
0.24622968
0.08496268
0.11939488
0.03422948
0.02933337
-0.06907325
-0.21333871
0.32351103
0.28290592
0.20004343
0.26428988
0.04193302
0.14844052
-0.00000014
0.02013581
0.15390020
0.02013615
0.17825594
0.06593090
0.19331976
0.18951727
-0.00022075
0.07405244
0.18585740
0.01212642
0.17662008
0.12911960
0.16895157
0.17679431
0.34709365
0.51855690
0.17161302
0.00896065
0.25303771
0.00000773
0.03298923
0.03298990
0.03298923
0.11307250
0.08987103
0.31643482
0.28374345
0.20398157
0.13777334
0.02590169
0.05734159
0.05669415
0.03013747
0.16567894
0.08694989
0.40306941
0.01405291
0.01405262
0.44014752
0.50996223
0.51364122
0.19573347
0.11603455
0.10791882
6.82389860
0.12723203
0.09281128
0.06414624
0.04747261
0.10159334
0.11721527
0.21311108
0.01096401
0.01058577
0.01096401
0.27368209
0.04415718
0.06838778
0.05458221
0.19438052
0.24403381
0.11143187
-0.11562541
0.02824736
0.18145796
0.16785911
0.16785973
0.19144755
0.09135055
0.19645102
0.21738528
0.10063090
0.41510713
0.17407791
0.41780069
0.21659197
0.18836940
0.11900102
0.21463175
0.09081315
0.00575148
0.03316288
0.07076495
0.03316289
0.06110995
0.00250035
0.05622694
0.07358638
0.35686385
0.36565831
0.03169661
0.16925611
0.12823290
0.17685245
0.25263371
0.12445500
0.26048709
0.29542516
0.00275635
0.33702737
0.11137218
0.01936397
0.05514086
0.05514086
0.05514086
0.42766970
0.29238152
0.16759612
0.05524755
0.05524767
0.05876010
0.16608885
0.07027862
0.09316420
0.40601459
0.62958856
0.21041540
0.01029748
0.01029749
0.01029749
0.02756126
0.40470090
-0.44750441
0.26855472
0.23733770
0.18760062
0.08479185
0.12189699
0.02268628
0.15008468
-0.23069670
0.26225495
0.13101952
0.12870138
0.32042087
0.16353856
0.28052748
0.25310895
-0.23899587
0.07428920
0.14185007
0.28330644
0.32987778
0.20176013
0.14336719
0.20914599
0.29352230
0.17386912
0.21201471
0.28317680
0.40373741
0.36319661
0.20228961
0.54621429
0.57694658
0.02998588
0.49275227
0.05906289
0.03349101
0.13456176
0.02341559
0.17692307
0.30341902
0.00287262
0.22247805
6.70604830
0.33412477
0.00411186
0.15142297
0.15554681
0.06422114
0.08004812
0.14736909
0.38283057
0.28181824
0.22505441
0.56446282
0.53238468
0.24115962
0.28149871
0.20566193
0.05700866
0.29585555
0.22043176
0.26237111
0.23814148
0.26237112
0.20070323
0.17068549
-0.01397102
0.00982978
0.09685380
0.00983030
0.23854935
0.27740179
0.19180870
0.16482559
0.18210374
0.06432287
0.44294164
0.06432361
0.11726388
-0.04358413
0.18073095
0.06116596
0.00861518
0.13163779
0.27354713
0.11721466
0.11923699
0.13592485
0.03207550
0.07745829
0.26573727
0.57994168
0.11819818
0.11564574
0.11947106
0.14647619
0.07679520
0.14647546
0.40068899
0.59257533
0.20302690
0.28153956
0.20701252
0.06172977
-0.00016002
0.17074397
0.04908221
0.09088799
0.25618135
0.49746520
0.37761907
-0.00157566
0.00894585
0.00635966
0.12664365
0.26437249
0.12859070
0.29208763
-0.00013798
0.08614373
0.37359162
0.10873809
0.14092949
0.24859917
0.20487463
0.06118884
0.25729386
0.25724742
0.06471367
0.01878204
0.27288847
0.14681689
0.14423542
0.15726250
0.22163609
0.15726248
0.00000023
0.16669509
0.29149151
0.40341844
0.07533074
0.33224632
0.00667675
0.01433212
0.10905352
0.10903481
0.04277122
0.06781024
0.37723113
0.30534781
0.21025755
0.23790958
0.05487156
0.05935084
0.09264790
0.13114403
0.13991315
-0.00125569
0.40590832
0.17199518
0.15237465
0.15237464
0.17199556
0.22098861
0.15196358
0.30769748
0.19618716
0.00113870
-0.01101746
0.10294097
0.22672202
0.17882921
0.16899036
0.13688562
0.11403206
0.09864903
0.22522198
0.08142042
0.19501227
0.28030862
0.22005341
0.48736706
0.04768279
0.07743397
0.04768279
0.05030595
0.06793807
0.19139774
0.19177849
0.13187138
0.04885663
0.13193711
0.04834855
0.24686611
0.29750527
0.15233023
0.37435244
0.37262783
0.40100671
0.28525536
0.41957314
0.14232715
0.07517928
0.14249846
0.13460338
0.25634550
0.17825536
0.21732500
0.66062240
0.45306568
0.15714431
0.07753789
0.09305529
0.25483449
0.07753789
0.22177928
0.20593995
0.19329097
0.09615875
0.09610143
0.35976757
0.17716789
0.29544764
0.39013567
0.29357471
0.09780726
0.08758116
0.05359671
0.36321915
0.14896117
0.10091081
0.15363526
0.04944452
0.15363514
0.17568235
0.12492417
0.09469719
0.16405226
0.12359786
0.24352820
0.08032627
13.17684500
0.07095152
0.21865902
0.28781659
0.20867112
0.25200429
0.14922900
0.28270366
0.41036907
0.18418353
0.16942923
0.13051031
0.27940600
0.30532843
0.05968559
0.18312158
0.05484175
0.26506524
0.06423729
0.17542996
0.09295019
0.24254495
0.23437681
0.01032128
0.08727885
0.10136891
0.46216069
-0.18708217
0.17991365
0.15128200
0.11646408
0.13627592
0.13627592
0.13452835
0.05145488
0.14240048
0.05145485
0.14766554
0.06873619
0.11871309
0.15465712
0.02292580
0.24213718
0.48345906
0.25251758
0.29623006
0.14686010
0.22728230
0.02618095
0.04858661
0.32643461
0.02618096
0.32186251
0.11049622
0.09886855
0.19450923
0.03351143
0.16298690
0.04181894
0.25223599
0.40452934
0.21745332
0.01289927
0.15002839
0.28344334
0.58081656
0.52273898
0.16247128
0.27003738
0.16386853
0.12096276
0.06256584
0.13585489
0.16014403
0.21055287
0.08110479
0.18091224
0.29008930
0.21227207
0.16302012
0.11002142
0.16008331
0.09021337
0.14705562
0.29484386
0.18428498
0.33478067
0.18137715
0.20127883
0.18349054
0.13931483
0.12650340
0.12650206
0.13931483
0.05177377
0.35310226
0.32585109
0.30464793
0.32121818
0.23946488
0.09773041
0.08191290
0.34952897
0.15467512
0.14799289
0.32256207
0.20003331
0.04127777
0.04355455
0.45280500
0.25297697
0.00770250
0.31922036
0.00361725
0.31772903
0.31200557
0.31968160
0.37027138
0.39212927
0.57506825
0.27731477
0.24086726
-0.02831629
0.04617441
0.22649714
0.23400578
0.27175852
0.26134851
0.39162204
0.28489177
0.26567886
0.45009388
0.13737416
0.07598441
0.06578217
0.01453457
0.22812455
0.01453451
0.22124901
0.02270978
0.13605609
0.10701315
0.08079846
0.37893996
6.31979460
0.19170408
0.02796130
0.04222791
0.02796145
0.00124716
0.01573070
0.11572635
0.08114866
0.17612820
0.17612820
0.28595303
0.35905774
0.49575996
0.10695442
0.04417744
0.25027424
0.29122781
0.37071947
0.11335010
0.04750034
0.26503943
0.27936408
0.09583881
0.13344344
0.14952704
0.39967348
0.04794280
-0.00061578
0.14115796
0.51918864
0.15461788
0.20552266
0.15399547
0.16216533
0.35343965
0.12252974
0.48438372
0.28257659
0.47135520
0.45744785
0.12274984
0.12296734
0.07406562
0.07406561
0.48049583
0.07406639
0.33535843
0.08464599
0.14543334
0.03357541
0.26456402
0.14005518
0.28280439
0.10160057
-0.00797999
0.07038655
0.12692010
0.13844033
0.23117899
0.15649162
0.24883176
0.17711105
0.20579820
0.09118101
-0.04455605
0.07903993
0.18359065
0.10504709
0.08992612
-0.00675353
0.10552071
0.25813184
0.10665385
0.07927085
0.10665408
0.07927087
0.27713627
0.18201665
0.30428005
0.06227770
0.12400498
0.16899039
0.26065630
0.18623470
0.30621837
0.16134778
-0.01175449
0.27895905
0.04587067
0.12351934
0.11887781
0.28907089
0.05316282
0.06880499
0.31292057
0.04766009
0.09114203
0.36581431
0.14020109
0.14990795
0.12463398
0.40891963
0.19751135
0.43081896
0.37675383
0.31280586
0.10103054
0.12886978
0.00602592
0.12911634
0.04036267
0.29909749
0.24912048
0.00763563
0.10888722
0.22723397
0.05330793
0.20247539
0.08569877
0.03419830
0.00134497
0.01840244
0.12415160
0.14845561
0.12781047
0.42939032
0.30501922
0.35199067
0.07485557
0.19698357
0.19440390
0.09677145
0.05631360
0.19861457
0.08940000
0.30364418
0.08567683
0.32576972
0.16567528
0.23771635
0.41532268
0.39828434
0.05069000
0.13447972
0.18070284
0.05803360
0.07539239
0.12646410
0.05804246
0.02469135
0.02130161
0.01952918
0.10877720
0.35387154
0.34148636
0.40720091
0.10071966
0.24236894
0.25578765
0.22170245
0.06801977
0.01023504
0.06351025
0.07303825
0.08622798
0.08622670
0.08623021
0.32202280
0.03992497
0.21093837
0.03992609
0.04211272
0.16602567
0.33730462
0.48856257
0.55178723
0.57894521
0.35445394
0.05715393
0.13422343
0.05715370
0.02874514
0.50930166
0.26819772
0.15645589
0.10690385
0.25876705
0.10742227
0.17566685
0.18038938
0.17500527
0.37520664
0.32579311
0.19885374
0.01520047
0.10410493
0.11522620
0.05729525
0.05773712
0.01903681
0.24777563
0.18277611
0.22479591
0.18277612
0.41300972
0.13164679
0.21668721
0.13825220
0.01511086
0.19876257
0.11701621
0.15601847
0.40662350
0.53738166
0.55569371
0.72063800
0.25798637
0.22453211
-0.09491063
0.08041413
0.22076985
0.06140185
0.18241377
0.17066670
0.21157911
0.24936968
0.23650032
0.29903379
0.15183251
0.11444012
0.04181755
0.01727793
0.44211938
0.43099946
0.21086451
0.34038264
0.12775591
0.42614868
0.20044985
0.17380949
0.16775816
-0.00471822
0.11079002
-0.69279184
0.03199600
0.06227574
0.06093367
0.20388498
0.26831530
0.20117682
0.06182480
0.02398735
0.02398736
0.14001171
0.09977464
0.09993344
0.46109050
0.60126362
0.37983190
0.01379486
0.09941202
-0.02016510
0.22142933
0.20068808
0.42928332
0.21644034
0.07024563
0.19527196
0.18772611
0.28097231
0.18395279
0.08204886
0.22571571
0.05195246
0.10076791
0.24902489
0.35314460
0.38823190
0.13729909
0.17743943
0.05367702
-0.07275783
0.14971742
0.23829037
0.02545738
0.03295537
0.03295614
0.04477712
0.11043885
0.04477712
0.08052091
0.08050500
0.00082481
0.24773912
0.31619886
0.01878122
0.17308616
0.02977297
0.01878086
0.07819178
0.41347051
0.20728007
0.01635227
0.07439491
0.14079298
-0.00552561
0.14103110
0.20287498
0.13754845
0.42284644
0.18560489
0.04653829
0.35234006
0.00945372
0.11805260
0.18312311
0.28716810
0.12012212
0.12165471
0.01971867
0.22126325
0.02697037
0.02697019
0.09311192
0.09966312
0.13357531
0.09755768
