0.18488941
0.14903704
0.09545099
0.12359987
0.12359953
0.06678053
0.31413328
0.36462793
0.24972349
0.29678431
0.08983501
0.24575008
0.19698163
0.49833749
0.03189376
0.03190256
0.02763493
0.31995096
0.29787612
0.26915137
0.36560259
0.30742057
0.24696486
0.08794495
0.12968165
0.19069406
0.22472501
0.00183357
0.19069355
0.31897735
0.31947015
0.00000305
0.02017352
0.01808159
0.21727736
0.25688460
0.15728156
0.26984053
0.18362564
0.14660208
0.13864667
0.18365800
0.01655066
0.02600263
0.01655092
0.04148023
0.18801652
0.20446160
0.05578904
0.24932355
0.21184285
0.29097064
0.15376521
0.29992007
0.07683119
0.18477393
0.16588462
0.07681408
0.19794434
0.33704913
0.05658576
0.02200074
-0.06163699
0.04975141
0.12271222
0.04979230
0.05269497
0.05325107
0.05268293
0.18107733
0.07489518
0.07725649
0.06229617
0.07725603
0.21669863
0.19118730
0.19119348
0.19118839
0.11577845
0.11577680
0.07831549
0.24272842
0.24611080
0.04309869
0.22256048
0.17504389
0.21788500
0.16501150
0.08161859
0.01168699
0.08161678
0.01168593
0.08207943
0.04510957
0.05735073
0.05735038
0.04078294
0.04078363
-0.24797852
0.02728770
0.02122957
0.15577583
0.28079809
0.06962789
0.04864984
0.07702466
0.07781088
0.39504327
0.28344725
0.25170534
0.21786848
0.39609066
0.19221238
0.33948219
0.37275629
0.36546662
0.19989585
0.31652879
0.24643647
0.13063663
0.06597889
0.24668877
0.05131582
0.21798369
0.17881548
0.09794465
0.17681398
0.26757014
0.21447881
0.19206855
0.29791742
0.29350606
0.07191067
0.07191094
0.07191109
0.07191103
0.15813304
0.00789129
0.12215609
0.02952683
0.03846248
0.35993824
0.15194596
0.19457687
0.29344041
0.04033847
0.12085466
0.04364442
0.30099029
0.12589375
0.12589488
0.17651495
0.06476359
0.04862531
0.04862338
0.05716896
0.01665363
0.22646858
0.01196451
0.31703604
0.07295224
0.07294909
0.24378657
0.12440124
0.09755880
0.24304058
0.32154941
0.35672322
0.24947417
0.35444896
0.06615916
0.19113795
0.12550455
0.08387472
0.20606601
0.24295319
0.28898538
0.27345064
0.11462432
0.13403306
0.12362642
0.11462472
0.12703732
0.12142746
0.28343289
0.42446199
0.06093013
0.16167286
0.11387002
0.16175223
0.06461202
0.10073270
0.21176183
0.26246268
0.51146112
0.39573456
0.18241075
0.20799831
0.34077780
0.35613270
0.40342710
0.16951839
0.28875317
0.19406229
0.29611388
0.22579699
0.28520194
0.30115031
0.15997340
0.11077648
0.03237082
0.14489362
0.27632069
0.11066351
0.15067971
0.17916244
0.03857182
0.11460178
0.01073379
0.00626475
0.32353540
0.29782738
0.14300732
0.06025279
0.23184790
0.19830373
0.22291681
0.30156845
0.32932844
0.19872745
0.09686774
0.14495730
0.14331893
0.14331949
0.15274337
0.01570800
0.31313812
0.35663311
0.09965452
0.26598565
0.13589335
0.21164752
0.26807350
0.20706535
0.00850611
0.12447615
0.16914268
0.19894311
0.16545958
0.07128890
0.25408947
0.44710528
0.36599717
-0.40384758
0.07025918
0.04083347
0.04083599
0.09979871
0.13242278
0.03317768
0.31423831
0.37323752
0.23047509
0.36922883
0.05958126
0.10470748
0.05384489
0.07655506
0.03332446
0.03332435
0.09238911
0.19312818
0.12718089
0.14069916
0.20318523
0.18926270
0.16095887
0.27454827
0.20051601
0.14098886
0.16048107
0.16389801
0.14626455
0.23780957
0.06838343
0.00566047
0.46539443
0.35615590
0.26146093
0.10917684
0.21810242
0.37831275
0.04205014
0.29814330
0.07882785
0.14418295
0.19190925
0.15864940
0.20619730
0.40935824
0.44974599
0.36017239
0.00081669
0.00081493
0.11989194
0.09353526
0.15007312
0.12649539
0.04286233
0.20733579
0.27397663
0.18837297
0.32202203
0.28470886
0.02351091
0.12533627
0.17928052
0.23444012
0.17692604
0.22516021
0.32307799
0.06030977
0.18430789
0.20088808
0.24158450
0.18540656
0.03191979
0.06174055
0.41144745
0.16649332
0.20842654
0.17293323
0.12437586
0.04783788
0.18167297
0.15711749
0.04783575
0.11110068
0.07620778
0.18430108
0.25633216
0.41993068
0.19859160
0.33759353
0.12364336
0.14934030
0.16577598
0.04336002
0.30447424
0.39484547
0.34908985
0.25677162
0.39893818
0.16092869
0.16666414
0.15611597
0.19050571
0.19174697
0.21078804
0.05460537
0.23399882
0.32596222
0.17595591
0.30889458
0.09770001
0.17903754
0.14250781
0.31563008
0.09781740
0.21758142
0.05546975
0.41670149
0.03111667
0.03103610
0.42285786
0.34109777
0.32387014
0.03427173
0.03419402
0.03363214
0.03419420
0.27627890
0.21979405
0.06942244
0.06872304
0.25008393
0.19910454
0.12721495
0.11900541
0.19333195
0.21589952
0.11900538
0.12262245
0.04152913
0.10364980
0.15277343
0.12817936
0.15076537
0.04807030
0.02610891
0.13324106
0.02654817
0.05969374
0.14644888
0.08582495
0.01103820
0.04801349
0.12417565
0.04801553
0.14592463
0.10159606
0.04079248
0.06905867
0.27218171
0.16345836
0.10243617
0.19805175
0.10243828
0.32822614
0.28243859
0.17334180
0.22768423
0.25456774
0.29307188
0.29743004
0.14044927
0.38948671
0.21408216
0.02361562
0.03177554
0.05840694
0.03177456
0.26272452
0.29284673
0.03184512
0.26056863
0.43962599
0.14441819
0.13725556
0.12292486
0.37309297
0.07387527
0.39054348
0.69247457
0.14657730
0.28844875
0.44534106
0.37232064
0.03524237
0.00668318
0.30306588
0.22244456
0.26846071
0.23857939
-0.16463036
0.20942057
-0.16445831
0.44641747
0.18755841
0.15199062
0.27244945
0.25155356
0.00505715
0.02917851
0.15137481
0.17275597
0.09337554
0.10845498
0.08409909
0.08406081
0.08409745
0.08885703
0.13246848
0.07992772
0.11698583
0.44497298
0.40916680
0.06714845
0.14951540
0.21355849
0.21983677
0.25261506
0.25225278
0.37035027
0.12283850
0.02302412
0.05312424
0.03275158
0.35271667
0.38930565
0.34921920
0.19840555
0.16643603
0.12938267
0.17241313
0.23759800
0.07340225
0.07531248
0.08624675
0.02372187
0.10688623
0.10685467
0.10571917
0.10615775
0.14700311
0.03240203
0.03249918
0.06117658
0.01028141
0.06327216
0.18087169
0.17040964
0.21528354
0.18087294
0.35735427
0.19192680
0.03616097
0.04715868
0.06546064
0.14800594
0.00472892
0.03261824
0.19621555
0.18984518
0.28107830
0.18789874
0.25520530
0.36465577
0.25520303
0.24641780
0.05522941
0.06887156
0.17194399
0.02410266
0.15340113
0.26723934
0.31867879
0.22961334
0.18641498
0.21154568
0.00581793
0.10373203
0.01466608
0.00434640
0.01663594
0.04018520
0.04209042
0.03961289
0.04006272
0.09986739
0.29550865
0.35159759
0.17158324
0.09893965
0.14737187
0.05557510
0.00298193
0.08717382
0.08717573
0.05603646
0.15668411
0.12670719
0.09665386
0.18408550
0.18574620
0.09248914
0.13927918
0.14372166
0.15086256
0.09795688
0.13627359
0.00824760
0.06070256
0.00816346
0.24720698
0.24074339
0.20586387
0.22441201
0.17006719
0.13713209
0.21030344
0.03144674
0.03144496
0.33577889
0.20055129
0.13705925
0.11143937
0.12916157
0.01600114
0.02623657
0.06482019
0.09046676
0.26144903
0.09026940
0.25712827
0.33023953
0.19004753
0.16469735
0.27072929
0.27381414
0.04362330
0.12306728
0.09220909
0.18287252
0.34125164
0.29207371
0.17512149
0.25999520
0.29513968
0.47342418
0.36604722
0.16177724
0.11085343
0.11085169
0.11085169
0.10651613
0.06119054
0.06119118
0.10651802
0.18317737
0.15373348
0.16369320
0.12070425
0.10328729
0.07341088
0.12396646
0.06372747
0.22035259
0.07528786
0.11108525
0.18763318
0.34070065
0.15243309
0.21753871
0.21312404
0.13423491
0.11992343
0.18070693
0.06985408
0.32938283
0.03246231
0.42029920
0.29487553
0.20845126
0.11832075
0.17867732
0.48841031
0.05562231
0.25887766
0.01032661
0.04916378
0.06243363
0.12201093
0.21023198
0.15080618
0.04202839
0.16599005
0.27973125
0.37070694
0.19314325
0.04014101
0.04014074
0.16593296
0.04014113
0.23039072
0.28583065
0.30128001
0.10477115
0.27809697
0.16083133
0.15665383
0.19353069
0.09227339
0.07434766
0.19987791
0.14763452
0.01160235
0.01161083
0.29398488
0.01184446
0.11397018
0.01182039
0.20106427
0.13739110
0.03409082
0.09518064
0.01076725
0.05527007
0.18572649
0.17235812
0.18818760
0.17948786
0.10312965
0.34656298
0.37420247
0.27636972
0.04409652
0.05643949
0.04422724
0.07878812
0.07877321
0.45148653
0.42339002
0.21403946
0.24673225
0.38133263
0.00979300
0.00979593
0.09667748
0.18264806
0.32572980
0.41195403
0.27409648
0.31491637
0.31549396
0.12169102
0.31731049
0.15474002
0.14515713
0.10404823
0.15802100
0.13547844
0.21550489
0.17067211
0.06915153
0.07105350
0.06915275
0.11316305
0.01997340
0.10094198
0.02444644
0.15502627
0.24731793
0.29619286
0.43067997
0.33568074
0.22331840
0.14621428
0.25947251
0.09900148
0.16651658
-0.71021597
0.03088351
0.18894950
0.25074684
0.23100415
0.17492645
0.46793212
0.23047563
0.38899164
0.33175581
0.19470737
0.29493762
0.37688873
0.26121500
0.22608542
0.03018750
0.06293837
0.07003744
0.03110226
0.03366522
0.05143370
0.16880944
-0.00969057
0.04819643
0.07166287
0.09401202
0.07166135
0.02367084
0.14883784
0.15166680
0.16687297
0.16566304
0.06310572
0.09502685
0.16260513
0.25554284
0.15967284
0.18451968
0.23555929
0.08699368
0.08698915
0.14806527
0.20096521
0.14806527
0.09901753
0.18361370
0.17198078
0.24673893
0.22326848
0.22019534
0.17834955
0.25623953
0.14530833
0.23921791
0.11433615
0.11433864
0.17419487
0.04042549
0.17293760
0.18202820
0.18735272
0.18596348
0.12977936
0.12963505
0.25001871
0.16890995
0.18491988
0.19778577
0.23229633
0.12815567
0.12341923
0.12815657
0.16332340
0.39693421
0.20592691
0.08176057
0.15493259
0.18811037
0.19263341
0.18291595
0.20146719
0.19638186
0.02865545
0.19729530
0.27206503
0.12816064
0.18363026
0.03963597
0.11996298
0.01983771
0.09578695
0.31838177
0.10033963
0.33298917
0.35946919
0.09202391
0.09821436
0.09202391
0.09821436
0.09176725
0.14165697
0.17943813
0.14231706
0.19528592
0.14615569
0.09850730
0.24651547
0.03891406
0.02209478
0.03659659
0.22835814
0.16261889
0.14171664
0.14493284
0.19224100
0.07528711
0.18931178
0.07528913
0.43786634
0.44177664
0.15617718
0.23715382
0.19035381
0.17668083
0.19035324
0.14883244
0.05245211
0.14883267
0.13568114
0.23044145
0.32579817
0.37933727
0.31434610
0.18558645
0.00883521
0.00882844
0.00885281
0.04932420
0.14552857
0.08346698
0.12765960
0.01769378
0.27190332
0.29609018
0.32633614
0.26548914
0.35870750
0.26525350
0.15704867
-0.24110882
0.16618644
-0.00050431
0.13848936
0.38746497
0.23082072
0.18532866
0.34747215
0.17176143
0.09541653
0.08588831
0.09541654
0.14560162
0.24567799
0.21996921
0.15382752
0.13767062
0.06319749
0.05154803
0.24741870
0.10865138
0.00811856
0.17316962
0.15653826
0.22068334
0.15895827
0.22237919
0.18699933
0.31724285
0.09496522
0.00541455
0.00541451
0.00925748
0.25239124
0.16831847
0.00088123
0.05282444
0.14090305
0.43210711
0.41490079
0.34663654
0.33298982
0.17368598
0.23253853
0.06455504
0.07855987
0.09088246
0.12282780
0.07856099
0.10319036
0.31875469
0.10915833
0.09765125
0.04747075
0.12082665
0.12965773
0.08452464
0.11683734
0.04468554
0.20547926
0.16679459
0.17914689
0.24310228
0.15655849
0.23710696
0.17085973
0.17627349
0.21330030
0.21819391
0.19397821
0.29423801
0.25706758
0.22107784
0.24371790
0.29102803
0.19312686
0.20238228
0.18794139
0.19956498
-0.04287967
0.18807119
0.14737911
0.24122288
0.14689272
0.15069625
0.11556266
0.20491901
0.16966399
0.17731802
0.13493268
0.22465570
0.08523680
0.11510560
0.16024161
0.22703770
0.22660957
0.15384022
0.27211021
0.16725059
0.14610319
0.09071979
0.27131297
0.21915495
0.21009952
0.03065492
0.03065492
0.03065510
0.13819100
0.17149252
0.18792122
0.17741112
0.22396629
0.19110394
0.25812187
0.14981166
0.26472844
0.01032750
0.06193869
0.05208776
0.33897481
0.21705807
0.00309590
0.09111842
0.08562021
0.09234599
0.10386697
0.28437957
0.29918993
0.17219995
0.29789084
0.17373317
0.13749191
0.11884778
0.10359901
0.04621457
0.04621080
0.03717323
0.04621099
0.31962774
0.36380515
0.38900786
0.36807813
0.25636454
0.13367271
0.25461363
0.01497328
0.05107900
0.01053765
0.10390568
0.20238957
0.17622187
0.11915800
0.11915934
0.10057284
0.14184132
0.21982457
0.10057048
0.11212463
0.13068797
0.12333149
0.11212371
0.05310423
0.11121239
0.13588354
0.05310827
-0.06404232
0.07720858
0.03043679
0.18554038
0.20040928
0.16765714
0.18051352
0.13121102
0.24567640
0.23045621
0.27380003
0.37453958
0.38411102
0.05999595
0.04432068
-0.70833110
0.13228004
0.33155885
0.32483797
0.36781864
0.42998652
0.43593408
0.17808443
0.30080903
0.18155774
0.17452472
0.23586437
0.26832976
0.15415297
0.28779660
0.14223181
0.06043212
0.12396448
0.13137804
0.11384830
0.11290257
0.45292322
0.41180515
0.37965044
0.03698920
0.03698537
0.33277850
0.19124377
0.00734679
0.33774396
0.35034062
0.03744770
0.04258610
0.03744697
0.07416340
0.20506180
0.15295191
0.11323248
0.13253152
0.09449216
0.05791953
0.05809363
0.00608213
0.02178426
0.05479732
0.31046162
0.21887440
0.14223384
0.25913417
0.23422675
0.12418239
0.24518968
0.12417820
0.11875927
0.19789430
0.18875029
0.19873068
0.17599038
0.18409661
0.17092102
0.22466919
0.18017856
0.06716340
0.16850606
0.23245327
0.18001799
0.15040658
0.16836271
0.18876585
0.21649809
0.21378147
0.18806761
0.13158138
0.03417211
0.18417425
0.20443788
0.13822435
0.17364248
0.14664176
0.23257735
0.19393178
0.16659879
0.23793323
0.13813709
0.09678889
0.09747992
0.10033941
0.07905834
0.12783629
0.14242231
0.08598083
0.08995359
0.05649281
0.21416395
0.22556214
0.19431222
0.04099833
0.08716615
0.16324546
0.25019738
0.13466743
0.25243159
0.11076945
0.07908696
0.13450722
0.22652477
0.11868652
0.12068409
0.16873939
0.04967224
0.22833847
0.04972216
0.25033861
0.28966523
0.26226617
0.17117640
0.24724665
0.01719937
0.01719620
0.14241978
0.06326081
0.16043718
0.07565192
0.00590441
0.07164632
0.12564032
0.07164499
0.08304225
0.33585708
0.46534109
0.17365845
0.11861709
0.19755427
0.20486070
0.14295038
0.17845383
0.03634412
0.14901218
0.12619762
0.14019899
0.16924513
0.05319624
0.10350525
0.17122697
0.11860134
0.16465639
0.13036348
0.13472978
0.13613982
0.05990912
0.15075064
0.02561413
0.12145694
0.06324876
0.11063177
0.34142562
0.28095466
0.36227473
0.12521650
0.02046165
0.23256423
0.09347098
0.03135741
0.01726599
0.01371295
0.29706775
0.26164817
0.31751899
0.24477463
-0.13282226
0.14854880
0.22256313
0.12376975
0.12379730
0.12377159
0.11441751
0.21305927
0.16058709
0.32251947
0.07553044
0.08987301
0.06400602
0.11766738
0.06496307
0.15268011
0.11896673
0.16153684
0.16004769
0.10277057
0.23069116
0.00021065
0.23216087
0.14168588
0.20355426
0.09464449
0.20283719
0.17362798
0.30410852
0.16069050
0.03850838
0.05851254
0.00856205
0.00730357
0.05810178
0.04919069
0.28166747
0.46195737
0.25102435
0.42190385
0.06820491
0.10044749
0.18588989
0.06820464
0.22107849
0.14656484
0.27064388
0.11468380
0.25185690
0.06171083
0.06171065
0.14085008
0.33212254
0.21499401
0.07572235
0.07907561
0.13753749
0.08006347
0.02500261
0.03878295
0.04068890
0.02497378
0.03961917
0.12960393
0.11738567
0.13757883
0.18804297
0.10465850
0.02475388
0.01071667
0.11211515
0.14047548
0.04191267
0.04191267
0.03409589
0.04191279
0.39840034
0.38655552
0.49152552
0.01426737
0.09735981
0.09736180
0.26661401
0.17160825
0.25065420
0.05474133
0.05058940
-0.05616471
0.10603452
0.03954206
0.33964867
0.37681895
0.42454784
0.31690122
0.15783034
0.16602396
-0.01834929
0.18221911
0.14943631
0.12957088
0.12435636
0.20964553
0.03489316
0.10285767
0.02120185
0.03623314
0.14367997
0.16800127
0.14367997
0.24282573
0.17474869
0.52914479
0.04050655
0.20579241
0.10256044
0.10546989
0.10789617
0.31610779
0.02839351
0.12899515
0.13473996
0.14653351
0.12410244
0.11351804
0.14984263
0.11351093
0.12994670
0.17315194
0.12142862
0.17523717
0.30946356
0.34789844
0.34789674
0.25803105
0.03665826
0.09702397
0.15998283
0.22006311
0.00270152
0.19855432
0.17171049
0.25167059
0.51191977
0.13175488
0.09095337
0.19687255
0.54785521
0.31011019
0.20553976
0.25108540
0.30179284
0.29113599
0.37583280
0.22262855
0.16614897
0.31062922
0.17685509
0.28692197
0.11586881
0.12187691
0.14206929
0.13527579
0.11417283
0.13836716
0.02675172
0.02698420
0.17269271
0.21803443
0.02986525
0.18982519
0.01615019
0.01705861
-0.23426118
0.26953893
0.29634379
0.31240222
0.37454146
0.18698902
0.13816225
0.28091705
0.14495084
0.06008005
0.21093253
0.18653502
0.04542926
0.02787532
0.12933567
0.60097069
0.23436366
0.19825406
0.10531700
0.07188423
0.20437423
0.31276728
0.48275096
-0.04991621
0.22978413
0.14620002
0.13332758
0.30046108
0.21975080
0.19931074
0.22479680
0.22447591
0.22460581
0.08667526
0.04018501
0.04244123
0.04018496
0.00749540
0.13820532
0.06471678
0.01722100
0.18527430
0.01722098
0.11307669
0.30909387
0.08680524
0.34250726
0.18232896
0.04483951
0.04333720
0.11365355
0.21697597
0.11320170
0.15340396
0.14959789
0.21215123
0.18718815
0.21946370
0.04331358
0.04331533
0.01593807
0.23907600
0.22312616
0.21330879
0.26146729
0.23952019
0.31632639
0.00238704
0.46415206
0.10296305
0.12793262
0.08689764
0.09559556
0.12098039
0.12120113
0.21833809
0.12431399
0.12771064
0.12431393
0.18003725
0.24642944
0.14788868
0.14067543
0.10884109
0.09175761
0.12393151
0.10883892
0.22184059
0.28146422
0.19021556
0.15786852
0.27676161
0.19950004
0.34098087
0.07963942
0.26395476
0.22036775
0.16131651
0.21230442
0.17836085
0.18840370
0.18599532
0.02006598
0.09752876
0.18080971
0.52676466
0.10033242
0.08750319
0.17246159
0.22413509
0.29661515
0.34634447
0.28162721
0.29375205
0.07188810
0.07293793
0.05275305
0.07188902
0.07649224
0.10262572
0.07066377
0.06485039
0.38565868
0.28776605
0.27643501
0.02155891
0.13414294
0.10853004
0.16477723
0.34151612
0.07468069
0.04116672
0.21276195
0.25199491
0.07227958
0.24393063
0.14722653
0.13209011
0.02193547
0.02201364
0.05800502
0.03261001
0.05761938
0.03326060
-0.26860973
0.04774618
0.01983828
0.02257239
0.01967454
0.05631081
0.37680702
0.21873847
0.28327407
0.03269349
0.03269522
0.01605916
0.11658575
0.01605915
0.10557940
0.10847329
0.17154558
0.15597894
0.11718361
-0.19542944
0.13885940
0.13885976
0.14975600
0.19525528
0.18013746
0.11002971
-0.16231630
0.15179074
0.13846960
0.11724281
0.06843318
0.02791089
0.06940233
0.15554401
0.10204780
-0.14381434
0.02163434
0.02127418
0.37655986
0.27178922
0.39754155
0.13634893
0.04044844
0.15798267
0.03810137
0.15809741
0.11757899
0.16530920
0.13053296
0.38622670
0.10820886
0.36772693
0.24294056
0.28273433
0.22590024
0.18422113
0.26111533
0.18967735
0.07868093
0.15984254
0.15972112
0.33554878
0.11618083
0.01468195
0.11621127
0.11701542
0.03447839
0.15470053
0.08357633
0.14674701
0.12037394
0.17637409
0.21080122
0.04479967
0.10241336
0.12648081
0.18042896
0.40698389
-0.15930743
0.02752837
0.04153423
0.04153375
0.44579540
0.35094884
0.39852000
0.13976953
0.08728498
0.12000535
0.10984650
0.13346687
0.13651714
0.21047203
0.16381710
0.22200411
0.11668388
0.26364499
0.09351508
0.09351500
0.08920666
0.31868763
0.26334886
0.23120758
0.25928201
0.08178707
0.05187501
0.12522362
0.18549877
0.49405402
0.08549306
0.07221907
0.10145391
0.10146976
0.10145395
0.10145465
0.36819354
0.08428218
0.38905193
0.28219594
0.30027508
0.10129168
0.10132115
0.11258302
0.10129139
0.13387741
0.18345711
0.03591798
0.11347759
0.18391810
0.12245561
0.20342564
0.38768765
0.25926343
0.19392981
0.32022669
0.18614331
0.29057802
0.00970340
-0.44595383
0.15232350
0.36661061
0.26880107
0.27933024
0.28319150
0.28898373
0.04236956
0.09748475
0.30946121
0.36724139
0.00482157
0.61565731
0.32536760
0.37753877
0.30538382
0.15830086
0.19106216
0.03996723
0.20794420
0.36375248
0.18033494
0.08392830
0.19976643
0.30003739
0.30906817
0.24085907
0.22365399
0.32047944
0.25409604
0.33794656
0.39363531
0.03407009
0.05325364
0.03324072
0.17934118
0.15133255
0.08953481
0.00597806
0.12858044
0.26688773
0.29019860
0.21593927
0.14945016
0.39112678
0.30934021
0.40652875
0.11380338
0.27890971
0.13479912
0.07731075
0.15878986
0.19212990
0.00479987
0.30100118
0.22055115
0.20428499
0.09790181
0.52651600
0.45327563
0.21344360
0.10187194
0.12788124
-0.23484709
0.08072618
0.07278901
0.07276755
0.03073787
0.32823837
0.51924154
0.04277373
0.06184748
0.06054809
0.06452732
0.05786844
0.27622214
0.50833478
0.19782429
0.00710517
0.25879691
0.30036964
0.40026782
0.26910857
0.35407437
0.43825542
0.43512982
0.06469013
0.03090648
0.07564071
0.28949652
0.16252873
0.22328922
0.03272346
0.06724241
0.55425029
0.45348769
0.07874150
0.12636799
0.26826336
0.23998759
0.15362639
0.39433334
0.06583384
0.26440382
0.20816888
0.32137578
