0.05639148
0.02291283
0.04991144
0.06231575
0.27930288
0.09246952
0.06553234
0.31520816
0.33381244
-0.06890074
0.02087303
0.22241049
-0.00140550
0.08006146
0.05832146
0.10957094
0.11014882
-0.00988375
0.27252498
0.16636445
0.73730786
0.02858943
0.07976706
0.15287976
0.12946887
0.12205652
-0.06550074
0.31272242
0.14044912
0.21632788
0.33401542
0.11433908
0.03938168
0.19244764
0.28148101
0.01247207
0.06162287
-0.16016755
0.15719211
0.07302030
-0.05746463
0.10832538
0.25919122
0.19783853
0.23737163
-0.38988269
0.12881849
0.14432994
0.21243765
0.29985352
0.07265056
0.07732814
0.04666401
0.08902823
-0.12225310
0.13636687
0.06816331
0.32282287
0.05341322
0.06839216
0.04067486
0.02113538
0.11055390
0.08226876
0.04037242
0.99425693
0.08080306
0.04028327
0.04673617
0.10975129
0.01182501
0.13456339
0.18999675
0.15661398
0.03291192
0.12194357
0.16009906
0.07604895
0.09826248
0.11246277
0.24948068
0.14930363
0.09110417
0.20399298
0.21713212
0.02296464
0.18671709
0.27131614
0.06414628
0.27199877
0.18734868
0.13359675
0.17755408
1.96873010
0.14685156
0.13824897
0.26302695
0.16160695
0.08487580
0.09970693
0.02702991
0.11776706
0.08052556
0.00750903
0.08813008
0.03892018
0.06953671
0.14785370
0.07968731
0.07721887
0.09769548
0.18743138
0.05852056
-0.47454045
0.34638371
0.24613185
0.15237236
0.07592142
0.08824578
0.09415995
0.16152882
0.15895745
0.13460290
0.08931817
0.24117140
0.19769460
0.20390211
0.04085262
0.09152798
0.02538161
0.16700698
0.09252789
-0.14579166
0.15777502
0.02892634
0.06075963
0.06063030
0.23663650
0.15377105
0.09211342
0.08802559
0.15234134
0.17925885
0.01234875
0.15382725
0.07606066
0.27825429
0.12245040
0.12578495
0.19600242
0.11347046
-0.28732894
0.26436796
-0.00265441
0.03268611
0.15022821
0.07531638
0.10184049
0.28085458
0.06238522
0.03471224
0.03813626
0.20749316
0.15026871
0.03718937
-0.00023442
-0.04130175
0.05591427
0.18981222
0.23269187
0.05531695
0.00576149
0.09908082
0.02808668
0.18601846
0.05387682
0.18832502
0.02235048
0.04514082
0.45294869
0.06746244
0.10194176
0.26450792
0.24568787
0.04083918
0.09608103
-0.05378647
-0.07286851
0.05486036
-0.07088459
0.26423424
0.09760032
0.14162356
0.13805353
-0.07502686
0.08543865
0.20203656
0.20743110
0.13789534
0.17578357
0.05369371
0.19751218
0.06166227
0.14443329
0.38521307
0.05617814
0.17150089
0.00155644
0.10456585
0.01156900
0.15991713
0.05380140
0.12902552
0.07088087
0.13173566
0.19827525
0.02706115
-0.23168288
0.48961362
0.28532717
0.38017143
0.29835361
0.11261284
0.06096940
0.21257807
0.41364159
0.32280411
0.12079267
0.06175456
0.18159046
0.08697571
0.23996190
0.10663151
0.14131822
0.00531934
0.05405891
0.03363484
0.05824897
0.20833024
0.03393065
0.07452158
0.11483301
0.43368255
0.13009704
-0.12209105
0.09439917
0.00145940
0.04766356
-0.00957824
-0.04309283
-0.05978764
0.05238954
0.26336019
0.29301311
0.33820113
0.33673584
0.05409636
0.06282534
0.23945277
0.12539484
-0.30575087
0.05072952
0.17408882
0.15662500
0.08429881
0.22064295
0.05067885
0.17462078
0.03984944
0.12642016
0.08131509
0.08542867
0.22260177
-0.28771505
5.58003010
0.14309194
0.23111681
0.41629786
0.16148126
0.29702554
0.06075949
0.07857169
0.22959265
0.14913194
-0.34760284
0.20855629
-0.35971769
0.13891704
0.10399922
0.04010441
0.03180957
-0.05012986
0.36358250
0.12172300
0.04830508
0.30663636
0.41636778
0.01711794
0.08308840
0.01707552
0.40133355
0.04560303
0.04572129
0.35663656
0.06949493
-0.04602657
0.06206523
0.30814519
0.11793231
0.24149108
0.23995920
0.28012084
0.06509702
0.09013253
0.01978868
0.03589878
0.12996910
0.06016073
0.14275144
0.20752818
0.22292727
0.31164935
0.00412546
0.09800351
0.11225719
0.12280115
0.04583154
-0.01964135
0.18052961
0.09096249
0.01296030
0.06522523
0.07886734
0.04355151
0.16187798
0.06290584
0.10210714
-0.54268841
0.13914249
0.15909627
-0.18765960
-0.08212660
0.02265008
0.05571940
0.30870383
0.23328064
0.09830381
0.07461298
0.06937872
0.25966596
0.16439157
0.15713345
0.24645738
0.44138462
0.05034945
0.06285274
0.06096262
0.06556077
0.13488504
0.19660349
0.02791725
0.02285583
0.14807692
0.03004253
0.13573223
0.15003664
0.09776667
0.19404101
0.04991087
0.24433591
0.07690131
0.06539295
0.09558747
0.27299505
0.17955192
0.01738505
0.18097324
0.06153156
0.00663061
0.08235583
0.18136078
0.30194836
0.07795523
0.10221276
0.32817353
0.00689435
0.07778500
0.29446439
0.33272744
0.13884742
0.06297720
0.04650161
0.38817171
0.04370078
0.16291645
0.08908007
0.01086204
0.20469222
0.11561794
0.24614961
0.07122830
0.09093086
0.21733137
0.09788155
0.16352530
-0.03081835
0.03556593
0.04985830
0.12262250
0.18288513
0.04101532
0.20934759
-0.08190586
0.04750609
0.18442185
0.05146944
0.15563875
0.27010784
0.11005142
0.29827228
0.28363381
0.18276310
0.15631922
0.30003981
0.14185918
0.05770398
0.00142675
0.01299352
0.06706243
0.20058409
0.01959614
0.30043475
-0.00083489
0.22883273
0.10846250
0.05160284
0.21057705
0.23041379
0.16265495
0.30814279
0.20491773
0.16988665
0.21426965
0.06587534
0.10601890
0.41916789
0.73456455
0.53019246
0.81279272
0.19992516
0.02192321
0.05611383
0.01319200
0.04569474
0.08528174
0.12404935
0.37363754
0.05914773
0.16452220
0.18480403
0.12701590
