# 1: Bin number
# 2: r
# 3: g(r)
0	0.0048	0
1	0.0144	0
2	0.024	0
3	0.0336	0
4	0.0432	0
5	0.0528	0
6	0.0624	0
7	0.072	0
8	0.0816	0
9	0.0912	0
10	0.1008	0
11	0.1104	0
12	0.12	0
13	0.1296	0
14	0.1392	0
15	0.1488	0
16	0.1584	0
17	0.168	0
18	0.1776	0
19	0.1872	0
20	0.1968	0
21	0.2064	0
22	0.216	0
23	0.2256	0
24	0.2352	0
25	0.2448	0
26	0.2544	0
27	0.264	0
28	0.2736	0
29	0.2832	0
30	0.2928	0
31	0.3024	0
32	0.312	0
33	0.3216	0
34	0.3312	0
35	0.3408	0
36	0.3504	0
37	0.36	0
38	0.3696	0
39	0.3792	0
40	0.3888	0
41	0.3984	0
42	0.408	0
43	0.4176	0
44	0.4272	0
45	0.4368	0
46	0.4464	0
47	0.456	0
48	0.4656	0
49	0.4752	0
50	0.4848	0
51	0.4944	0
52	0.504	0
53	0.5136	0
54	0.5232	0
55	0.5328	0
56	0.5424	0
57	0.552	0
58	0.5616	0
59	0.5712	0
60	0.5808	0
61	0.5904	0
62	0.6	0
63	0.6096	0
64	0.6192	0
65	0.6288	0
66	0.6384	0
67	0.648	0
68	0.6576	0
69	0.6672	0
70	0.6768	0
71	0.6864	0
72	0.696	0
73	0.7056	0
74	0.7152	0
75	0.7248	0
76	0.7344	0
77	0.744	0
78	0.7536	0
79	0.7632	0
80	0.7728	0
81	0.7824	0
82	0.792	0
83	0.8016	0
84	0.8112	0
85	0.8208	0
86	0.8304	0
87	0.84	0
88	0.8496	0
89	0.8592	0
90	0.8688	0
91	0.8784	0
92	0.888	0
93	0.8976	0
94	0.9072	0
95	0.9168	0
96	0.9264	0
97	0.936	0
98	0.9456	0
99	0.9552	0
100	0.9648	0
101	0.9744	0
102	0.984	0
103	0.9936	0
104	1.0032	0
105	1.0128	0
106	1.0224	0
107	1.032	0
108	1.0416	0
109	1.0512	0
110	1.0608	0
111	1.0704	0
112	1.08	0
113	1.0896	0
114	1.0992	0
115	1.1088	0
116	1.1184	0
117	1.128	0
118	1.1376	0
119	1.1472	0
120	1.1568	0
121	1.1664	0
122	1.176	0
123	1.1856	0
124	1.1952	0
125	1.2048	0
126	1.2144	0
127	1.224	0
128	1.2336	0
129	1.2432	0
130	1.2528	0
131	1.2624	0
132	1.272	0
133	1.2816	0
134	1.2912	0
135	1.3008	0
136	1.3104	0
137	1.32	0
138	1.3296	0
139	1.3392	0
140	1.3488	0
141	1.3584	0
142	1.368	0
143	1.3776	0
144	1.3872	0
145	1.3968	0
146	1.4064	0
147	1.416	0
148	1.4256	0
149	1.4352	0
150	1.4448	0
151	1.4544	0
152	1.464	0
153	1.4736	0
154	1.4832	0
155	1.4928	0
156	1.5024	0
157	1.512	0
158	1.5216	0
159	1.5312	0
160	1.5408	0
161	1.5504	0
162	1.56	0
163	1.5696	0
164	1.5792	0
165	1.5888	0
166	1.5984	0
167	1.608	0
168	1.6176	0
169	1.6272	0
170	1.6368	0
171	1.6464	0
172	1.656	0
173	1.6656	0
174	1.6752	0
175	1.6848	0
176	1.6944	0
177	1.704	0
178	1.7136	0
179	1.7232	0
180	1.7328	0
181	1.7424	0
182	1.752	0
183	1.7616	0
184	1.7712	0
185	1.7808	0
186	1.7904	0
187	1.8	0
188	1.8096	0
189	1.8192	0
190	1.8288	0
191	1.8384	0
192	1.848	0
193	1.8576	0
194	1.8672	0
195	1.8768	0
196	1.8864	0
197	1.896	0
198	1.9056	0
199	1.9152	0
200	1.9248	0
201	1.9344	0
202	1.944	0
203	1.9536	0
204	1.9632	0
205	1.9728	0
206	1.9824	0
207	1.992	0
208	2.0016	0
209	2.0112	0
210	2.0208	0
211	2.0304	0
212	2.04	0
213	2.0496	0
214	2.0592	0
215	2.0688	0
216	2.0784	0
217	2.088	0
218	2.0976	0
219	2.1072	0
220	2.1168	0
221	2.1264	0
222	2.136	0
223	2.1456	0
224	2.1552	0
225	2.1648	0
226	2.1744	0
227	2.184	0
228	2.1936	0
229	2.2032	0
230	2.2128	0
231	2.2224	0
232	2.232	0
233	2.2416	0
234	2.2512	0
235	2.2608	0
236	2.2704	0
237	2.28	0
238	2.2896	0
239	2.2992	0
240	2.3088	0
241	2.3184	0
242	2.328	0
243	2.3376	0
244	2.3472	0
245	2.3568	0
246	2.3664	0
247	2.376	0
248	2.3856	0
249	2.3952	0
250	2.4048	0
251	2.4144	0.0240757
252	2.424	0.104728
253	2.4336	0.370042
254	2.4432	1.01822
255	2.4528	2.06181
256	2.4624	3.87254
257	2.472	6.02966
258	2.4816	8.29535
259	2.4912	10.1642
260	2.5008	11.4621
261	2.5104	12.781
262	2.52	13.3995
263	2.5296	13.4296
264	2.5392	12.9331
265	2.5488	11.739
266	2.5584	9.84505
267	2.568	8.1951
268	2.5776	6.38254
269	2.5872	4.57888
270	2.5968	3.09303
271	2.6064	2.00395
272	2.616	1.25887
273	2.6256	0.725066
274	2.6352	0.405758
275	2.6448	0.203724
276	2.6544	0.147093
277	2.664	0.0410723
278	2.6736	0.0151029
279	2.6832	0.00599801
280	2.6928	0.00148883
281	2.7024	0
282	2.712	0.00146782
283	2.7216	0
284	2.7312	0
285	2.7408	0
286	2.7504	0
287	2.76	0
288	2.7696	0
289	2.7792	0
290	2.7888	0
291	2.7984	0
292	2.808	0
293	2.8176	0
294	2.8272	0
295	2.8368	0
296	2.8464	0
297	2.856	0
298	2.8656	0
299	2.8752	0
300	2.8848	0
301	2.8944	0
302	2.904	0
303	2.9136	0
304	2.9232	0
305	2.9328	0
306	2.9424	0
307	2.952	0
308	2.9616	0
309	2.9712	0
310	2.9808	0
311	2.9904	0
312	3	0
313	3.0096	0
314	3.0192	0
315	3.0288	0
316	3.0384	0
317	3.048	0
318	3.0576	0
319	3.0672	0
320	3.0768	0
321	3.0864	0
322	3.096	0
323	3.1056	0
324	3.1152	0
325	3.1248	0
326	3.1344	0
327	3.144	0
328	3.1536	0
329	3.1632	0
330	3.1728	0
331	3.1824	0
332	3.192	0
333	3.2016	0
334	3.2112	0
335	3.2208	0
336	3.2304	0
337	3.24	0
338	3.2496	0
339	3.2592	0
340	3.2688	0
341	3.2784	0
342	3.288	0
343	3.2976	0
344	3.3072	0
345	3.3168	0
346	3.3264	0
347	3.336	0
348	3.3456	0
349	3.3552	0
350	3.3648	0
351	3.3744	0
352	3.384	0
353	3.3936	0
354	3.4032	0
355	3.4128	0.0018538
356	3.4224	0.00184341
357	3.432	0.00458278
358	3.4416	0.018229
359	3.4512	0.0326299
360	3.4608	0.0730106
361	3.4704	0.137147
362	3.48	0.246039
363	3.4896	0.421997
364	3.4992	0.67273
365	3.5088	1.02594
366	3.5184	1.49739
367	3.528	2.02354
368	3.5376	2.54396
369	3.5472	3.19001
370	3.5568	3.62424
371	3.5664	4.18617
372	3.576	4.43303
373	3.5856	4.18848
374	3.5952	4.13106
375	3.6048	3.71446
376	3.6144	3.07662
377	3.624	2.66742
378	3.6336	1.97223
379	3.6432	1.53157
380	3.6528	1.02432
381	3.6624	0.677695
382	3.672	0.431556
383	3.6816	0.229389
384	3.6912	0.141039
385	3.7008	0.0591185
386	3.7104	0.0266619
387	3.72	0.0171629
388	3.7296	0.00543284
389	3.7392	0.00154428
390	3.7488	0.00230457
391	3.7584	0
392	3.768	0.000760382
393	3.7776	0
394	3.7872	0
395	3.7968	0
396	3.8064	0
397	3.816	0
398	3.8256	0
399	3.8352	0
400	3.8448	0
401	3.8544	0
402	3.864	0
403	3.8736	0
404	3.8832	0
405	3.8928	0
406	3.9024	0
407	3.912	0
408	3.9216	0
409	3.9312	0
410	3.9408	0
411	3.9504	0
412	3.96	0
413	3.9696	0
414	3.9792	0
415	3.9888	0
416	3.9984	0
417	4.008	0
418	4.0176	0
419	4.0272	0
420	4.0368	0
421	4.0464	0
422	4.056	0
423	4.0656	0
424	4.0752	0
425	4.0848	0
426	4.0944	0
427	4.104	0
428	4.1136	0
429	4.1232	0
430	4.1328	0
431	4.1424	0
432	4.152	0
433	4.1616	0
434	4.1712	0
435	4.1808	0
436	4.1904	0.00184444
437	4.2	0.00367203
438	4.2096	0.0213226
439	4.2192	0.0606448
440	4.2288	0.158772
441	4.2384	0.346156
442	4.248	0.70893
443	4.2576	1.32393
444	4.2672	2.21678
445	4.2768	3.46166
446	4.2864	5.03558
447	4.296	6.82413
448	4.3056	8.95484
449	4.3152	10.7181
450	4.3248	12.1707
451	4.3344	12.9139
452	4.344	12.9026
453	4.3536	11.8433
454	4.3632	10.5477
455	4.3728	8.47791
456	4.3824	6.53634
457	4.392	4.58479
458	4.4016	3.15614
459	4.4112	1.93516
460	4.4208	1.20533
461	4.4304	0.687508
462	4.44	0.373484
463	4.4496	0.195752
464	4.4592	0.0874109
465	4.4688	0.0389228
466	4.4784	0.017225
467	4.488	0.0112556
468	4.4976	0.00320216
469	4.5072	0.00159427
470	4.5168	0
471	4.5264	0
472	4.536	0
473	4.5456	0
474	4.5552	0
475	4.5648	0
476	4.5744	0
477	4.584	0
478	4.5936	0
479	4.6032	0
480	4.6128	0
481	4.6224	0
482	4.632	0
483	4.6416	0
484	4.6512	0
485	4.6608	0
486	4.6704	0
487	4.68	0
488	4.6896	0
489	4.6992	0
490	4.7088	0
491	4.7184	0
492	4.728	0
493	4.7376	0
494	4.7472	0
495	4.7568	0
496	4.7664	0
497	4.776	0
498	4.7856	0
499	4.7952	0
