1.09963720
1.17839750
1.39831000
1.25880860
1.38720900
1.43540650
1.20134590
1.11531750
1.23884280
1.28003680
1.06088530
1.27451690
1.25238170
1.25297200
1.15412240
1.41198820
1.20826210
1.12407700
1.18248140
1.35720890
1.01330460
0.95384505
1.23875150
0.95817134
0.97415730
1.40823890
1.23700700
1.10153090
1.15589940
1.15901320
1.01558050
1.37376670
1.19970400
1.16014230
1.38788980
1.14893910
1.33746100
0.96885303
1.22900500
1.30018520
1.27656740
1.20641190
1.36204770
1.18170410
1.13818530
1.19158240
1.20121490
1.18672310
1.18776220
1.15831480
1.07745330
1.08971200
1.15109760
0.99976686
1.19878990
1.24170800
1.19568590
1.25498890
0.97012939
0.98745624
1.23766910
1.22888660
1.11413680
1.05260630
1.00137500
1.19874290
1.15890920
1.11723430
1.03711330
1.09417640
1.09946890
1.02699110
1.08686620
1.11069230
1.03345580
1.17243370
0.96533230
1.15884070
1.16537620
1.26234580
1.36208210
1.32380830
1.14653850
1.36669150
1.31956130
1.33091510
1.42849960
1.27125370
1.27787150
1.27213520
1.11162280
1.21656830
1.04370630
1.13993690
1.15016970
1.30119920
1.18560990
1.17949050
1.20345670
1.03654210
1.21042280
1.36493030
1.26094470
1.26994880
1.14414330
1.47676980
1.17533350
1.19074270
1.40510010
1.22866980
1.19264370
1.14844660
1.34669270
1.32484450
1.15140140
1.16892170
1.39523210
1.17493000
1.26761210
1.08401560
1.15480590
1.21151220
1.15768240
1.24452220
1.03512390
1.31064830
1.44608780
1.22805800
1.29712800
1.35906280
1.07246650
1.17955850
1.07583270
1.29892040
1.24238660
1.20473980
1.36709620
1.28266960
1.15386750
1.33402220
1.22041360
1.40735830
1.21932900
1.19618380
1.33444190
1.24075420
1.36794820
1.28206050
1.37657720
1.49831370
1.46835680
0.91857619
1.09714620
1.14665150
1.13917810
1.27256960
0.88987343
1.14624350
0.93352929
1.13956640
1.14750770
0.92014552
1.22064280
1.03955780
1.25657920
1.12641970
1.20897310
1.13037880
1.16316910
1.20520980
1.20564790
1.17105300
1.18526950
1.27533130
1.27389270
1.40788220
1.23742960
1.30551540
1.25347980
1.21817360
1.34949520
1.22286870
1.29761590
1.29620120
1.25894300
1.30424460
1.40300060
1.15059750
1.38477130
1.68837280
1.40615780
1.27763740
1.51781020
1.09979850
0.97799761
1.16309470
1.11039820
1.28344420
1.41626380
1.12758540
1.43636220
1.21635310
1.35416790
1.21548910
1.07754610
1.10406730
1.09584960
0.93079839
1.05568600
1.14069060
0.96305872
0.98659423
1.02025850
1.20201290
1.32163030
1.18413490
1.17182700
1.24747350
1.05879870
1.12866500
1.09654750
1.27549030
1.34233410
1.27480880
1.35550390
1.23987530
1.40690700
1.56510190
1.43452050
1.61195480
1.45250920
1.52936140
1.20704530
1.16292770
1.29953970
1.41986500
1.07692450
1.38117690
1.37232170
1.04205260
1.08196430
1.00444470
1.22267580
1.34999060
1.30840800
1.29287060
1.37758950
1.38841350
1.24826180
1.32631920
1.36872990
1.39123050
1.24703290
1.31822720
1.15625040
1.04279520
1.15802840
1.08638120
0.95679165
1.14034040
1.25067640
1.33730600
1.37125950
1.13121580
1.14059450
1.10325350
1.19061290
1.19476600
1.21736430
1.11488880
1.19445110
1.16156670
1.06156630
1.21273180
0.99287673
1.10814150
0.99172742
1.13055980
1.05835130
1.16416560
1.13659130
1.08857000
1.05355840
1.23725930
1.36780450
1.48790210
1.20108390
1.26284960
1.52896230
1.43804650
1.25955730
1.37964670
1.26888420
1.38468240
1.31105890
0.88524592
1.13894770
1.09135720
1.06409060
0.98768955
1.01849960
1.16326940
1.22658010
1.02875370
0.96026707
1.16199630
1.18719800
1.40326710
1.15142330
1.36635850
1.19212290
1.22769060
1.16351980
1.20134550
1.44009350
1.25678840
1.28464590
1.00902190
0.96778266
1.11284130
1.14946540
1.19236100
1.17267620
1.21290470
1.00390090
1.11556220
1.05735430
1.20384100
1.08608740
1.07615080
1.25473490
1.11137730
1.20714940
1.16246270
1.04106480
0.99234913
1.36494190
1.19793100
1.03846200
1.15524960
1.21473070
1.00847070
1.17408620
1.07571570
1.26641380
1.15482510
0.99005985
1.33589730
1.28343820
1.10664770
1.24746810
1.16192890
1.18193040
1.08415410
1.02531610
1.36258870
1.44688720
1.38623430
1.44760150
1.27390240
1.19984570
1.17294660
1.23355600
1.24660790
1.19648750
1.38306450
1.43596920
1.24133660
1.09288950
1.17895430
1.25748160
1.31368770
1.22921700
1.16554410
1.07842360
1.21322200
1.18831270
1.24830330
1.18278160
1.02872600
1.14021270
1.10547950
1.29921750
1.03413210
1.20891540
1.35092140
1.02219800
0.82393878
1.18078500
1.01072450
1.17150570
1.14242510
0.97117935
0.95367719
1.10073020
1.07538500
1.13221070
1.13497430
1.23064290
1.23443390
1.31456440
1.22595660
1.22176210
1.14212440
1.19881530
0.99914706
1.24173100
1.29048420
1.16473570
1.10302320
1.23470500
1.08442630
1.08031680
1.21424200
1.02377830
0.87889613
1.03070530
1.04879000
1.06726770
1.13202200
1.19656660
1.37096250
1.10884440
1.06500950
1.12219740
0.95765950
0.97823713
1.18339860
1.06278270
1.20038900
1.32599090
1.37336850
1.13718750
1.33075110
1.27129880
1.34349320
1.20592050
1.15454080
1.34345090
1.34087160
1.19876760
1.25235410
1.19559980
1.16664210
1.29348120
1.25085210
1.38943840
1.21602470
1.27422560
1.39607810
1.28088690
1.23863550
1.41959670
1.24176580
1.29531460
1.30958790
1.10535740
1.24145780
1.22329770
1.29856310
1.27916590
1.32636260
1.46474600
1.18168490
1.31466040
1.24665250
1.36155020
1.09336090
1.11980910
1.15663470
1.10610800
1.41231770
1.35038190
1.13800900
0.98641733
1.08408020
1.30329570
1.22482950
1.30364910
1.15668860
1.06960770
1.28111880
1.30795110
1.07354210
1.23617250
1.13698090
1.33606220
1.25236270
0.98405903
1.18980550
1.18523430
1.22703720
1.24629140
1.39249460
1.30375160
1.38169010
1.10024400
1.16156840
1.24038080
1.09587920
1.03595910
1.03579720
1.14195030
1.09889730
1.42071710
1.10660230
1.27965210
1.26670670
1.25681860
1.20194950
1.30698060
1.29227410
1.42515620
1.39295760
1.45366780
1.26548320
1.30553400
0.94842258
1.01269270
0.95887329
1.12852570
1.00091660
1.06525920
1.08181760
1.28974750
1.11048390
1.14636270
1.10984300
1.21324540
1.20741180
1.10628630
1.19385430
1.19076790
1.07421520
1.21983880
1.01014570
1.01924680
1.07803290
1.11426860
1.11624100
1.11726820
1.01971770
1.05526210
1.06908810
1.06667570
1.08224050
1.30386990
1.33506010
1.07747530
1.08951410
1.27612560
1.21469430
1.28793950
1.19472120
1.24631480
1.24841910
0.85483861
1.04246580
0.99594132
1.07384820
0.90256335
1.19716880
1.05007590
1.09182900
1.18091540
1.06197210
1.13612070
0.97400614
0.96937682
1.07752410
1.10459320
1.08742010
1.03785580
1.27365990
1.32909850
1.34619660
1.28637120
1.37217200
1.26791540
1.15384620
1.19877320
1.37411820
1.42370040
1.31000370
1.44564850
1.21687930
1.09459480
1.17808630
1.08615090
1.11228870
1.19312980
1.22056440
1.15323410
1.22679160
1.01353400
1.23736760
0.97126357
1.27057650
1.02683220
1.26939550
1.14045630
1.26540390
1.16341360
1.22125230
1.31015890
1.36749390
1.16354760
1.05499450
1.27777710
1.10418630
1.29470090
1.23395140
1.13798600
1.26117880
1.17242390
1.09703820
1.01455550
1.30943630
1.01853610
1.12941570
1.17024010
1.09528680
1.14097600
1.02516320
1.32402150
1.06784010
1.29579460
1.05454150
1.26680650
1.16366070
1.46937670
1.13211160
1.17825560
1.15298940
1.02724640
1.15223030
1.39370280
1.07119970
1.18869580
1.11776060
1.37686000
1.22367030
1.32732610
1.15491340
1.19879380
0.99625549
0.94000809
1.15107440
1.27127740
1.28574570
0.91253975
1.16248510
1.09786340
1.16921540
1.36184210
1.09695820
1.24483970
1.09011490
1.17220940
1.29091680
1.19266830
1.26070340
1.11604660
1.32052040
1.27346520
1.25815220
1.44399320
1.13168180
1.46109060
1.26227860
1.31310550
1.05954400
1.33574510
0.89966524
1.05106980
1.34710430
1.16477550
1.16291500
0.99849051
1.14973160
1.15400130
1.27885660
1.05226180
1.23330930
1.00541970
1.19131140
1.33254990
1.19125900
1.05548510
1.22939970
1.21619030
1.50783340
1.14889460
1.36948360
1.31650130
1.12611460
1.65460720
1.33117010
1.29615680
1.23138340
1.35676660
1.36625330
1.41871660
1.13322530
1.35407740
1.22118500
1.36881430
1.37365040
1.39598650
1.06902140
1.39691630
1.38375560
1.31421880
1.16478690
1.14728260
0.99189561
1.21681530
1.19008920
1.33362740
1.42184810
1.41386960
1.21256740
1.32391450
1.05759220
1.26975910
1.28609060
1.27356420
1.40849030
1.06241350
0.93119331
1.11707750
1.20778240
0.94836950
1.21555050
1.07333620
1.16311860
1.22187630
1.22694580
1.24977170
1.18501360
1.31410910
1.21523400
1.27860510
1.37580040
1.12361690
1.07822850
1.12949160
1.07699580
1.15916890
1.12003260
1.17184790
1.20364090
0.96583704
1.03909740
1.09015280
1.03877130
1.23992070
1.08195600
1.26396160
1.12161280
1.23909870
1.05713580
1.15011310
1.15693410
1.42312720
0.96196886
1.29168090
1.17312720
1.03619840
1.41127220
1.25288730
1.15789080
1.44470690
1.07153590
0.99031078
1.03946220
1.03421380
1.21032100
1.13838560
1.05853750
1.41338530
1.06929530
1.08845280
1.19464960
1.30414100
1.29762730
1.24717820
1.08395840
1.29152730
1.10466350
1.17310670
1.29706940
1.26587240
1.20322450
1.20411640
1.41964140
1.20691900
1.29920330
1.34331550
1.15713380
1.25048860
1.15287470
1.29047010
1.21261620
1.44533730
1.52193970
1.25325470
1.08430050
1.29587550
1.27286110
1.02993120
1.15917850
1.23839560
1.32043910
1.14184220
1.27462820
1.35636320
1.17744330
0.96578601
0.93330211
1.21006530
1.07616650
1.00060420
1.20670160
1.20760790
1.03703940
1.12306640
1.21785930
1.02759160
1.24964730
1.09375820
1.07237470
1.12692030
1.01458830
0.96739208
0.95970369
0.96898879
1.03582110
1.05906890
1.31249310
1.32442700
1.35692560
1.38830900
1.23932210
1.48376670
1.27011210
1.28355510
1.31318030
1.33300990
1.48656360
0.97000648
1.13635410
1.13387710
1.17928100
1.19416400
1.27222100
1.13080150
1.25527610
1.10228100
1.15955380
1.22148460
1.10336050
1.49132790
1.55145200
1.44992190
1.48908620
1.22326240
1.32546620
1.37985460
1.28514140
1.34589920
1.32808690
0.92161483
1.07215770
1.17430800
1.05951520
1.00936390
1.25892440
1.16138480
1.12145030
1.17055330
1.03136420
1.09343900
1.07330350
1.15201520
1.14525200
1.02819000
1.15171380
1.19950600
1.12080140
1.17480860
1.26666610
1.22417820
1.28799240
1.16678090
1.21884210
1.09406970
1.09766510
1.45481950
1.15800680
1.06478830
1.24079950
1.28013970
1.22795930
1.39522680
1.39237410
1.29609230
1.32394090
1.33427750
1.24085790
1.30689360
1.29796160
1.29671320
1.42238800
1.23095320
0.92816340
1.20292890
0.99718657
0.90686818
1.24207830
1.32286820
1.09902350
0.92296547
1.29990710
1.31974690
1.34594660
1.33960920
1.38379530
1.49670290
1.17276250
1.28140890
1.26564870
1.44772290
1.06206800
0.99334921
1.04730600
1.13993210
0.97965418
1.09748000
1.08143520
1.20501370
1.31485210
1.26125690
1.24157570
1.29408270
1.29066370
1.24340220
1.22522910
1.10930280
1.36024340
1.23215050
1.10489120
1.11902190
1.21537250
1.31729860
1.22883270
1.08137630
1.19291480
1.28722800
1.17506510
1.25155290
1.15994200
1.21716070
1.19552640
1.34711710
1.33096710
1.10117460
1.24578130
1.42574400
1.23241240
1.00491740
1.04233990
0.92900032
1.14323300
1.16657230
1.01110850
1.16400050
1.05165710
1.01655730
1.07406430
1.08654470
1.08360910
1.26893430
1.21536970
1.21533850
1.07296090
1.31939510
1.32038150
1.16015360
1.08448730
1.10831430
0.94623614
1.11517920
1.03045620
1.05708840
1.21149880
1.10594100
1.05273480
1.16873140
0.99830951
0.81696343
1.03017870
0.96385441
0.95885248
0.98227323
1.10981640
1.22270580
1.39315180
1.19868740
1.58945810
1.16264860
1.27963380
1.43512510
1.19638400
1.52950130
1.15960000
1.27525880
1.33584480
1.13276380
1.24531990
1.30115580
1.31220610
1.23103480
1.41782230
1.25651780
1.23519630
1.34111290
1.26027170
1.24656450
1.12473340
1.20588800
1.39403580
1.24481190
1.22077120
1.44772140
1.36094840
1.09712250
1.17953100
1.26094280
1.11877980
1.13032190
1.27602840
1.04478030
1.36928600
1.13928490
1.21423310
0.96671924
1.30376770
1.31727430
1.11326190
1.19803590
1.19071370
1.09118720
1.32545810
1.16104040
1.17568990
1.22619160
1.16594240
1.14910700
1.25191720
1.24487140
1.16079130
1.16169190
1.28299610
1.12519230
1.09746880
1.21244850
1.27721490
1.36894840
1.59453860
1.30733350
1.42874760
1.23084620
1.63544680
1.38656570
1.10571810
1.38907460
1.19490710
1.12921380
1.18579410
1.07346930
1.23744110
1.25071480
1.18895770
1.17292760
1.09390840
1.49542190
1.28321230
1.27611190
1.50160190
1.12951030
1.34886720
1.72870490
1.07706110
1.18304070
1.37367190
0.96716944
1.25800180
1.43330680
1.13157960
1.13304330
1.40704890
1.00522220
1.03806000
1.22807390
1.12867370
1.14492250
1.26014090
1.19389420
1.22040470
1.08531100
1.01359400
1.30531400
1.09139260
1.23290090
1.15535540
1.01531150
1.14999890
1.35198440
1.33294990
1.20372260
1.28891740
1.24586360
1.14922760
1.38124670
1.29930140
1.30463440
1.29476130
1.17781590
1.41251440
1.53408220
1.60298360
1.33288150
1.30608580
1.30448180
1.33313750
0.98685928
1.13305200
0.97305250
1.08638160
1.05162600
1.15738500
1.19264710
1.12813340
1.15732760
1.14341200
1.22188960
1.16160910
1.15017400
1.08307360
1.25532170
1.41578380
1.19693070
1.24637420
1.09987040
1.19063960
1.32866740
1.28607240
1.36620260
1.43241130
1.57372550
1.31955780
1.35712310
1.37090160
1.24288250
1.34205520
1.19872620
1.26155260
1.05607470
1.14121040
1.14619680
1.22353210
1.04954500
1.21566360
1.08031310
1.40862600
1.19866810
0.94509442
1.09891610
1.17777330
1.11108120
1.21780550
1.22319590
1.42726120
1.34256050
1.28571460
1.14208600
1.33642040
1.18384380
1.25422850
1.27645840
1.32982680
1.43094840
1.39145740
1.45376270
1.22150630
1.04652210
1.01622310
1.09728670
1.20147280
0.94040435
1.08750070
1.10920580
1.09138160
1.15121260
1.06141230
1.16632450
1.36623050
1.40279320
1.27189240
1.31039740
1.16548800
1.29215500
1.10767990
1.21583830
1.02911910
1.13759400
1.24878960
1.18629710
1.05620400
1.37143960
1.24952490
1.17366340
1.16505070
1.18481440
1.36871300
1.03000080
1.23512540
1.23702880
1.21889990
1.11290650
1.24732490
1.28916600
1.41587090
1.30501070
1.22669020
1.24374770
1.08085410
0.96087004
1.23370940
1.06392670
1.06239690
1.05336580
1.22521940
1.07036100
1.01235920
1.22929590
1.19380640
1.19652700
1.38641010
1.21168640
1.01579850
1.33658410
1.10437700
1.29716750
1.12773580
1.38830460
1.20754690
1.21781260
1.00876260
0.96689773
1.29555570
1.03413510
1.20546550
1.04516770
1.12727750
1.24745880
1.11175720
1.21532300
1.10407840
1.24696680
1.40258710
1.34890500
1.19514650
1.06318080
1.28699300
1.17755670
1.26566680
0.96318769
1.29667850
0.87437204
0.99987715
1.00479540
1.11618300
1.07018450
1.07891490
1.09590680
1.10898320
1.58274060
1.32103330
1.33330960
1.17384850
1.37399790
1.15018840
1.13518220
1.23622660
1.06492850
0.90365904
0.98126384
0.93691194
0.94726333
1.07557170
0.99396297
0.99357281
1.28272380
1.13972710
1.18994600
1.13267180
1.23972540
1.34605000
1.17834810
1.12238010
1.33474520
1.14327670
1.17256410
1.26223050
1.31666310
1.24812210
1.23539510
1.25819930
1.53023820
1.19234500
1.28127860
1.40854550
1.04842010
1.05173630
1.00750260
1.07867390
0.99410554
0.99740082
1.15197190
0.97774871
1.16279430
1.23771510
1.17719410
1.27435790
1.17837140
1.20041820
1.11497350
1.17985110
1.06291290
1.10776400
1.43956030
1.43202530
1.14702860
1.16668920
1.17826520
1.32535000
1.18976640
1.14736460
1.21065060
1.40110060
1.17527520
1.21130220
1.17197760
1.23838240
0.91371375
1.15483820
1.10770160
1.20660510
1.21133390
1.27515950
1.15475380
1.20929460
1.31175490
1.32675430
1.15239970
1.32580110
1.40193230
1.17224560
1.15636330
1.06300770
1.36221480
1.16171080
1.27482740
1.22491230
1.35804190
1.25461350
1.39087680
1.38370510
1.51416990
1.39836210
1.24011840
1.34184040
1.14070990
1.29019030
1.36131550
1.18919270
1.14152900
1.02421270
1.40888740
1.21148360
1.23588240
1.11758870
1.27793870
1.12182370
1.27194150
1.42389780
1.27724060
1.34579630
1.24288190
1.27390680
1.29665060
0.99559606
1.00559730
1.01747970
1.05266990
1.01148700
1.13295100
1.12810000
1.07177510
1.30579000
1.20430920
1.18746730
1.21955710
1.35156540
1.20400560
1.18190920
1.11819030
1.17627900
1.17585910
1.09826490
1.01648110
1.10540680
1.10010400
1.31896760
1.00493040
1.23079130
0.86863384
1.08972220
0.98471494
0.96581441
0.94676898
0.94876577
0.99578534
1.10545490
1.35917670
1.24773700
1.22386780
1.22460360
1.23526240
1.39574410
1.28005980
1.24488210
1.15321750
1.24570250
1.38025030
1.23502060
1.22972650
1.27707700
1.20537880
1.35587100
1.16378900
1.35679440
1.33485760
0.92554118
1.15902450
1.01160300
1.07014340
1.08609290
1.13228630
1.23678040
1.17287740
1.06505600
1.14169710
1.18490680
1.10708180
1.14127650
0.92448961
1.36777760
1.08879050
0.96339705
1.04315640
1.20911320
1.09528600
1.30649600
1.49558410
1.05154870
1.27312750
1.28459280
1.30269610
1.36669080
1.27022640
1.41915970
1.11094130
0.96496478
1.05581510
1.04217160
0.94979805
1.02789900
0.90971763
1.01067400
1.10428780
1.16038160
1.06197290
1.07715760
1.18676630
1.32117160
1.12535210
1.20767800
1.13119610
1.21420600
1.17111960
1.11081550
1.07388040
1.04601530
1.00041000
1.13686740
0.97064950
0.98958131
1.15645330
1.00880740
1.18902020
1.35138710
1.14809460
1.00682340
1.02242530
1.15916540
1.15551440
1.26288150
1.01681480
1.03396130
1.05248140
1.00679000
1.12925930
1.07645520
0.90920718
1.09743650
1.23360200
1.12355120
1.18934240
1.07998300
1.24424450
1.19614730
1.22352310
1.02217470
1.15033130
1.20732000
1.24739430
1.26070230
1.32434580
1.21574700
1.08588090
1.28028900
1.11987890
1.39157290
1.18083520
1.22215960
1.24675230
1.00078140
1.15880890
1.11899160
1.13865830
1.32739910
1.38867850
1.22675890
1.21319740
1.40608880
1.15355490
1.30234500
1.39160240
1.41913320
1.61262590
1.15735770
1.43695790
1.42341250
1.21899630
1.47415930
1.33021810
1.09017400
1.20791540
1.56070090
1.32095140
1.32878340
1.23645200
1.22736990
1.24766900
1.14081560
1.31255100
0.86817591
0.89995812
0.92106955
0.93527670
1.06425890
1.07749050
1.22618910
1.13230850
1.25882610
1.11973880
1.17156170
1.12504250
1.25248130
1.19010420
1.22753520
1.16627780
1.37346430
1.24072340
1.55129290
1.32096220
1.07906760
1.16485060
1.08486250
1.04629920
1.11462410
1.10657430
1.29292000
1.16931530
1.21481260
1.22555760
1.16589050
1.22409640
1.08359930
1.09369190
1.38696810
1.16189620
1.06450220
1.12017600
1.15560420
1.21703280
1.23349850
1.07246400
1.22665140
1.18027720
1.17169540
1.28436640
1.19889120
1.21945850
1.21527080
1.44506560
1.15383990
1.05208260
1.24378950
1.24431330
1.25772770
1.15435760
1.20982610
1.22632270
1.20268170
1.22473840
1.00258430
1.39859930
1.33703950
1.22116350
1.15826810
1.20628810
1.19796960
1.25787980
1.12770710
1.26747140
1.30033900
1.26233630
1.47369200
1.33429160
1.29083280
1.37120050
1.21514360
1.46433380
1.29322280
1.38257340
1.65441900
1.10438650
1.10181560
1.20648210
1.27847610
1.03133810
0.95404992
1.19049000
1.20242140
1.26169680
1.19311880
1.25875960
1.34251390
1.15004720
1.38861560
1.26697930
1.07903900
1.43038320
1.27365240
1.33362770
1.21627530
1.33243430
0.90971627
1.14041280
1.03530530
1.05180220
1.11612820
1.02550320
0.90772642
0.97952075
0.96664877
0.92924859
1.03613140
1.24611270
1.08475640
1.14475820
1.16842480
1.26301330
1.28271940
1.43595080
1.12980200
0.81046033
0.99287843
0.88485559
0.79760378
0.81811476
0.94599600
1.27825400
1.26532030
1.41430770
1.30159150
1.40173400
1.38881010
1.55329570
1.30820390
1.33561440
1.49387620
1.10611670
0.98313664
1.13163500
1.24969000
0.91851634
1.02193390
1.26454120
1.04966250
1.21638640
1.09242450
1.23240520
1.27262680
1.17364320
1.34517900
1.16633000
1.14838870
1.26310750
1.14128620
1.09091260
0.95503787
0.90928745
0.97577984
0.95153832
1.10266450
1.16905310
1.08458050
1.24978150
1.33947190
1.31099950
1.09862850
1.23333220
1.30624010
1.16619640
1.16430710
1.18170850
1.30173170
1.13567750
1.02630720
0.99387374
0.92778541
1.20882270
1.14693600
1.17830670
1.11307740
1.09291140
1.17709850
1.10040140
1.25298560
1.23530810
1.26134060
1.35482090
1.33528730
1.47194740
1.58566030
1.46183110
1.50625880
1.20839100
1.23873330
1.42508220
1.26914500
1.20003350
1.18637450
1.36736010
1.22221340
1.16947860
1.15531010
1.22007250
1.48632820
1.28961560
1.33412510
1.16845270
1.32907580
1.39203780
1.36239760
1.21142490
1.49316060
1.16925330
1.23238890
1.26111770
1.18181300
1.16520960
1.39832980
1.26693630
1.24389830
1.28932640
1.40050430
1.04839450
1.16546590
1.28174110
1.31530210
1.27687550
1.19535710
1.23942500
1.41076440
1.25042180
1.18864810
1.10287880
1.10823440
1.26966670
1.39612350
1.00156280
0.88623172
1.28745410
1.07392500
1.18007040
1.14980530
1.26769240
1.19964130
1.25241180
1.20886360
1.18186170
1.25463420
1.38852590
1.19089480
1.29745990
1.39921210
1.27003630
1.40311370
1.10555950
1.33228700
1.20629910
1.25372190
1.23974830
0.97333587
1.09524910
1.33269460
1.25817280
1.30330080
1.11571470
1.18609910
1.04752900
1.26893420
1.35106170
1.16960840
1.27131450
1.23598510
1.17580480
1.11749970
1.30638260
1.36384130
1.25338800
1.43597350
1.39554590
1.19289150
1.59105960
1.31026720
1.47806520
1.53453950
1.00081920
1.29216160
1.19278160
0.97673241
1.07183950
1.03391670
1.17554460
1.11857500
1.19419500
1.21168830
1.22092420
1.31333620
1.35735210
0.92517898
1.60506190
1.14249310
1.17242000
1.18538280
1.45472490
1.27570030
1.26186320
1.10627440
1.53459740
1.25084100
1.36999760
1.14124000
1.15386880
1.17497310
1.24033110
0.97115096
1.05532000
1.08612720
0.96572063
1.17798100
1.15758860
1.11549650
1.18186360
1.25089970
1.34070400
1.12322070
1.11258960
1.25781340
1.31496320
1.19681920
1.10756620
1.26073530
1.07240450
1.45607910
1.40118900
1.11996010
1.23359110
1.47206840
1.33015700
1.26222770
1.25055750
1.44555220
1.32909860
0.89265450
1.00451500
1.14554570
1.16495420
1.22516900
1.30963340
1.21368120
1.27521490
1.32374690
1.13787190
1.16108150
0.99723125
1.14216490
0.97172012
1.17766270
1.21820180
1.04817370
1.21528230
1.28179960
1.16279820
1.33235920
1.37273000
1.22785630
1.51038100
1.26911270
1.24036120
1.35228890
1.52343720
1.40049410
1.10121080
1.26824140
1.13772020
1.11771060
1.04267460
1.07680520
1.39731940
1.31929280
1.22202010
1.06061470
1.26219040
1.24493900
1.20082180
1.16711760
1.38605160
1.24395780
1.26976870
1.19382150
1.12963570
1.41178090
1.06589370
1.35912320
1.10081700
0.99465334
1.12350040
1.08101010
1.25048350
1.19850610
1.33897080
1.31437480
1.27555230
1.03662060
1.14430870
1.05727340
1.12586220
1.02815100
1.24031420
1.09806840
1.31132850
1.17669890
1.20905350
0.93936624
1.06554680
1.13958780
0.98615970
0.98513535
1.17222210
1.03269300
1.11369010
1.29343830
1.12445970
1.23721390
1.29385820
1.29062260
1.28425740
1.18237950
1.31236280
1.20606500
1.25278100
1.32035880
1.36649220
1.27211050
1.37102540
1.25311810
1.33171320
1.34595510
1.60136370
1.30454830
1.48832390
1.40832040
1.25395010
1.47915480
1.31399080
1.45662280
1.00719390
0.99201730
1.08636470
0.90183620
1.06154530
0.94632864
1.12295280
0.94225777
1.26725110
1.35947210
1.42344290
1.14525120
1.34479420
1.19415890
1.45757080
1.19625580
1.48586890
1.35107940
1.59345050
0.94859749
1.16675540
1.13439570
0.96739986
1.03525000
1.13029650
1.08203100
1.05969560
1.22067860
1.32713380
1.05005770
1.30711660
1.30133220
1.24175460
1.22305400
1.42091230
1.07097180
1.44012130
1.24914400
1.09745450
1.23369050
1.18631300
1.04389640
1.15746660
1.29431330
1.22027020
1.20242750
1.40252950
1.32803520
1.21013400
1.44234630
1.37703020
1.38303300
1.19090210
1.44830530
1.30514750
1.34495430
1.60184490
1.16418640
1.14743810
1.25107030
0.98001390
1.21076320
1.07536180
1.11064710
1.15539610
1.21751220
1.48298610
1.20927490
1.50195160
1.34161360
1.34616720
1.23112050
1.32282180
1.26619370
1.26105470
1.23486300
0.94597313
0.91657828
1.13777280
1.15276800
0.99049875
1.03628220
1.23467380
1.25817940
1.26950330
1.11139180
1.13273860
1.16309500
1.23474140
1.32633300
1.23025460
1.32432130
1.30893030
1.14643390
1.16769270
1.18600110
0.98314567
1.03969630
1.08103670
1.13569320
1.05096330
1.05889920
1.30297920
1.17404240
1.22748300
1.25839970
1.48975230
1.07229190
1.16716720
1.16314260
1.12875690
1.45924710
1.35320630
1.14472200
1.17496920
1.19043290
1.10908370
1.12328010
1.23137980
1.19639740
1.14117020
1.16687270
1.29966550
1.26203420
1.21200760
1.37701430
1.36614390
1.32013110
1.53966640
1.56412900
1.60588540
1.41012180
1.58535780
1.11956380
0.99678171
1.05992320
1.27648160
1.15312540
0.88446999
1.10537970
1.12450940
1.27798000
1.14425800
1.30517300
1.28983790
1.36406330
1.14216110
1.17538800
1.16126030
1.46525400
1.08325080
0.94685927
0.93926670
0.98117342
1.01233140
1.02799230
0.91987829
1.30256420
1.44417580
1.43368740
1.56295670
1.30649960
1.40560310
1.52662110
1.56991330
1.56531250
1.48399670
1.58662790
1.75218510
0.90842107
0.92367618
0.94989892
1.08831510
1.28466260
0.94357081
1.09324400
0.98664825
1.17193230
1.13928900
1.26190360
1.18002680
1.15288490
1.23188460
1.15158190
1.27668730
1.24516430
1.31693760
0.97182563
1.60253500
1.12561350
1.25564310
1.30145610
1.56793510
1.08415330
1.25709100
1.13429300
1.17479730
1.42618240
1.32701690
1.15829020
0.99085823
1.11422030
0.86073777
0.98941888
1.07276270
0.99454325
1.08302870
1.07823870
1.33096780
1.20792100
1.08193840
1.10242390
1.28469950
1.36694300
1.16685290
1.18271560
1.36595830
1.35130860
1.37091720
1.34996420
1.41893070
1.34104140
1.24925850
1.13201380
1.19358820
1.22443410
1.05264390
1.32529390
1.38214370
1.23108930
1.31741350
1.22067320
1.59830490
1.43039900
1.18833890
1.06303580
1.20446420
0.91585296
1.30530740
1.29428370
1.17834690
1.36268860
1.25692030
1.16724000
1.18993960
1.04257450
1.04935490
1.13942530
0.98249678
1.17381660
1.16357490
0.90116948
1.18878450
1.17009600
1.19354930
1.26807060
1.43914200
1.26369510
1.11573930
1.18318580
1.27082330
1.48274940
1.31514590
0.94145962
1.15706750
1.15853830
1.13520660
1.10597620
1.26006090
1.06552490
1.35704470
1.57553780
1.06776500
1.03595520
1.38078690
1.22791260
1.15288590
1.23794510
1.18227110
1.39912410
1.21302340
1.28204390
1.12524270
1.00323580
0.94266789
0.86694013
0.92210467
1.09735870
1.16235980
1.26812010
1.40910280
1.45390050
1.34711640
1.15615830
1.37231680
1.17960950
1.29036950
1.21842520
1.23809410
1.46950610
0.98757346
1.28855570
1.15079520
1.20996190
1.24721980
1.07245400
1.07980070
1.08684080
1.41213170
1.28856010
1.45608670
1.13982690
1.25520610
1.07715630
1.20531890
1.18189630
1.35653380
1.35238220
1.25850330
1.14130120
1.29264630
1.26312860
1.02081380
1.15281460
1.32821380
1.30910980
1.20787790
1.22174640
1.16308520
1.25927530
1.22515810
1.38557840
1.23244910
1.11908510
1.27142760
1.29604360
1.34436940
1.24602130
1.42693540
1.23750010
0.92800318
1.28234720
1.29266100
1.17428470
1.17509650
1.09230720
1.21576410
1.29046580
1.17866710
1.21549820
1.12992570
1.14810830
1.40115530
1.11936760
1.40865800
1.25673140
1.23398960
1.15276820
1.18218900
1.15215710
1.15156060
1.20866740
0.95132058
1.19748710
1.04062700
1.11528520
1.25500470
1.39967410
1.31421320
1.31262600
1.43690320
1.29884470
1.27883020
1.39354590
1.36544400
1.39489450
1.53664570
1.38602800
0.99050625
0.95701052
1.20577530
0.88604684
1.05429950
1.09696720
1.08932500
1.14924790
1.31949070
1.39697320
1.52540700
1.40798590
1.48667920
1.22562600
1.32886720
1.44725510
1.47398560
1.46655880
1.52578070
1.01604200
1.05464530
0.93833081
1.14565220
1.25787370
1.05614240
1.02330300
0.97965663
1.38335150
1.16960530
1.29425740
1.22807970
1.13450240
1.26721390
1.11462750
1.04143680
1.25975130
1.48715160
1.31139730
1.19219660
1.13714050
1.13225410
1.37210730
1.12904720
1.14440360
1.35948540
1.31416580
1.20691790
1.03683170
1.14307720
1.01106800
1.24378250
1.35871670
1.31315950
1.09798180
1.43213160
1.18495560
1.26474110
1.00103540
1.03416340
1.13688460
1.02110510
1.02515480
1.00367320
1.09572160
1.02981570
1.41509720
1.25090810
1.38423380
1.31046930
1.28848510
1.24379420
1.34300550
1.23801180
1.22543180
1.28764320
1.31766400
1.04382000
1.31853890
0.98006977
1.29694500
1.09424350
1.12820650
1.13610810
1.41721100
1.41522510
1.13681070
1.00675870
1.21786430
1.03778680
1.01344110
1.09159560
1.01533270
1.09269960
1.22509830
1.10655410
1.27541240
1.19944260
1.14590700
1.28732670
1.10932100
1.29954600
1.10228910
1.38041940
1.21856340
1.33360550
1.13646900
1.26091840
1.18008160
1.16345210
1.22482150
1.27085770
1.26527460
1.29748260
1.32108090
1.22243660
1.29256230
1.28308220
1.20044690
1.27192340
1.06776790
1.11051000
1.04664020
1.10484560
1.11873600
1.02018930
1.00423410
1.23775480
0.97937127
1.00124710
1.09426530
0.95866160
1.14333130
0.99675892
1.16191340
1.01832120
0.85659968
1.01687710
1.01730730
1.18291570
1.10966610
0.98975855
1.24468310
1.29098490
1.06968650
1.29426440
1.31462360
1.15126700
1.21765920
1.24250330
1.06548520
1.23270680
1.22430320
1.39385560
1.13518110
1.28059030
1.30680120
1.43855150
1.37439920
1.35531270
1.12268010
1.32075740
1.27923740
1.26862490
1.07347390
1.12980370
1.00419870
1.36503120
1.30056210
1.09024200
1.36288540
1.22266020
1.13200760
1.02128430
1.09925660
0.99768060
0.78811156
1.04173770
1.12530440
1.00329150
1.37986800
1.47645450
1.28111820
1.55483450
1.46570120
1.40055840
1.35954490
1.37906450
1.32572500
1.30870020
1.46932930
1.37266730
1.33028650
1.18782920
1.33484970
1.27583860
1.21757520
1.22486650
1.29135590
1.12539400
1.35439150
1.15547910
1.22325520
1.08908010
1.26619530
1.21077210
1.14708960
1.09836630
1.25158330
1.28817420
1.16786950
1.39347780
1.49667490
1.35242110
1.40367400
1.40832420
1.36298540
1.53709440
1.42742290
1.38156130
1.40266600
1.37897790
1.29478430
0.86352678
1.06013220
1.06270100
1.15391060
1.05652270
1.08844600
0.98153967
1.04859150
1.15930820
1.09213240
1.19754410
1.09045970
1.17644830
1.06362530
1.21176120
1.27431210
1.24712540
1.20069450
1.17719360
1.26265950
1.14803390
1.13840930
1.20054720
1.22091560
1.29599140
1.32608840
1.35308990
1.26589420
1.49299250
1.49165040
1.49040510
1.60629390
1.41204100
1.41363490
1.44727320
1.33012590
1.56641990
1.43092800
1.09843330
1.10157610
1.01269320
1.01295040
1.09938160
1.09110620
1.09361320
1.13152380
1.08974190
0.91825442
0.98297586
1.19319230
1.11642350
1.05940070
1.09898390
1.08842890
1.18394720
1.36753820
1.33590940
1.22831310
1.26682270
1.14260040
1.26558720
1.37476710
1.14921510
1.33574600
0.99145523
1.13591920
1.17317340
1.38010330
1.16250430
1.18400470
1.23771470
1.27992610
1.28341580
1.33320270
1.19939030
1.40316120
1.10799880
1.22622880
1.22131980
1.26080980
1.34839560
1.23433020
1.33356270
0.96776872
1.04443940
1.13366020
0.93113753
1.11392730
1.02468460
1.02949470
1.14078850
1.02869760
1.17527000
1.15212130
1.31885670
1.15471670
1.27621270
1.30573920
1.23754460
1.41599400
1.41110640
1.39991320
1.45965190
1.34565310
1.44567920
1.20101410
1.45299010
1.54423130
1.33147580
1.43016970
1.44009030
1.07611140
1.03244510
1.11124990
1.13303810
1.21276590
1.00922350
1.09572230
1.19519550
1.14047430
1.20065190
1.11795840
1.16250800
1.21809160
1.16065270
1.27047180
1.09704240
1.16866040
1.17489370
1.13386970
1.06225040
1.00384370
1.19461710
1.22452550
1.18027570
1.16937360
1.07811230
1.13833240
1.05840810
1.20111380
1.17029370
1.33342430
1.44082300
1.39082640
1.29302330
1.16745140
1.39149620
1.35188770
1.41666730
1.30313000
1.14876220
1.32131320
0.95518553
1.00724990
1.12534260
1.18657310
1.12349990
1.04289550
0.94363035
1.05989150
1.25309600
1.07932510
0.95693394
1.18120550
0.99669408
1.08064420
0.99949493
0.81130728
0.90244183
1.11814480
1.02754850
1.11999400
1.20108260
1.23279780
1.39083180
1.41549820
1.33077430
1.19411160
1.41974130
1.33798390
1.35996810
1.46018040
1.16160900
1.17922480
1.03846460
1.25598320
1.29634150
1.12395570
0.92119257
1.23360250
1.35272120
1.24505490
1.22828710
0.89730013
0.98243979
1.06581340
1.12585050
1.03399840
1.08834460
1.03616240
1.14303780
1.14793170
1.14146980
1.38679280
1.25249740
1.19040960
1.33932170
1.20774500
1.16856630
1.39023410
1.30903110
1.26172530
1.47202890
1.27923670
1.53453480
1.30305980
1.22629450
1.31705530
1.39618320
1.35405870
1.18431500
1.20935940
1.14906240
1.39311060
1.35316950
1.16462500
1.29546500
1.24998500
1.20155620
1.33603530
0.99508300
1.19467410
1.19218520
1.22249210
1.14695460
1.13544080
1.16901720
1.18825250
1.10786530
1.02080270
1.09577750
1.07952830
1.16433770
1.12174620
1.08185450
1.13935830
1.16115780
1.06793280
1.16504960
1.30754610
1.10275310
1.19165790
1.06702500
1.10316880
1.08900460
1.18521140
1.22318640
1.37071910
1.39742590
1.19908810
1.23621280
1.16096810
1.13755550
1.17761540
1.22902280
1.41374060
1.32143430
1.26360660
1.18439830
1.28907720
1.38020380
1.26622960
1.16441490
1.27956220
1.20903970
1.25990880
1.44526050
1.01303990
1.03539380
1.19587040
1.19251590
1.10306550
1.21535340
1.15669580
1.14421510
1.27042530
1.22347850
1.24899460
1.17785100
1.44988340
1.14949120
1.52213300
1.25364700
1.30832100
1.30503830
1.37124830
1.06007100
1.24842580
1.28680930
0.99535067
1.25230330
1.15000340
1.24016490
1.12742100
1.19531480
1.23985630
1.36386700
1.25002990
1.39042710
1.44179090
1.30811170
1.33217510
1.32886130
1.43103130
1.38211280
1.16405760
1.09669190
0.94432674
1.05423030
1.04508810
0.87181394
0.98324344
1.04724460
1.08529580
1.30257670
1.31492310
1.19588270
1.29203660
1.25692270
1.34299420
1.20567960
1.40433420
1.42989490
1.27437710
1.42200420
1.16635510
1.20322930
1.28665640
1.28557330
1.25286790
1.37185410
1.26536300
1.38217580
1.10695880
1.27080260
1.38636220
1.23119630
1.17666710
1.14606300
1.14050840
1.25985360
1.12723810
1.02212150
1.17142740
1.18810730
1.27789810
1.31058060
0.84655654
0.97391691
1.18470880
1.06391330
1.01761150
1.10273440
1.23599480
1.32129430
1.14463550
1.25569750
1.28011090
1.19397600
1.47173130
1.34292250
1.26788760
1.22132970
1.25011460
1.36690940
1.14201340
1.23753560
1.15459290
1.33535690
1.24698860
1.23051510
1.50198690
1.28327680
1.40766970
1.33753290
1.16309890
1.02843670
0.93654660
1.06162750
0.98756647
0.79459434
1.02451010
0.88511590
0.89074544
0.99315815
0.99166757
1.08263290
0.98367705
1.33301280
1.03042150
1.08618940
1.15759530
1.33283030
1.29708250
1.20928110
1.23138960
1.36702030
1.31441700
1.48512230
1.32267900
1.36501080
1.34243140
1.48108760
1.18252560
1.32833750
1.46004830
1.32701700
1.22029460
1.35363950
1.22939210
1.28887790
1.32281030
1.22215160
1.19969290
1.19296650
1.29507590
1.18479530
1.31858540
1.13813170
1.24506870
1.23762130
1.17956450
1.30839620
1.25995850
1.34918140
1.32572790
1.43230670
1.40076130
1.37274650
1.24082600
1.42193010
0.95210486
1.10940580
1.15057830
1.26652910
1.33702420
1.22849500
1.25214670
1.27822180
1.29590000
1.09825940
1.07742130
1.03659240
1.01356360
1.08667390
1.15063980
1.04495970
1.13463380
1.20896760
1.16647340
1.29012200
1.31491990
1.24879920
1.25359580
1.27406740
1.14089400
1.09180700
1.44868650
1.39251180
1.30708260
1.32185620
1.46034210
1.28705200
1.17144300
1.29283290
1.39193630
1.38279710
1.06929830
1.00170280
1.11420150
1.17136460
1.07283740
1.07502260
1.09213440
1.24203720
1.14498460
1.19296640
1.25700420
1.37948170
1.36542870
1.16140190
1.15377300
1.20103730
1.25182810
1.24653910
1.24223930
1.15390230
1.12274780
1.29418030
1.32215500
1.23186730
1.25354400
1.39237250
1.38002850
1.36486140
1.35586230
1.45842540
1.26637170
1.10790780
1.11002000
1.09188830
1.11370660
1.21554180
1.04886520
1.28341380
1.34836500
1.22344400
1.08341510
1.25445990
1.32681180
1.11408420
1.32815880
1.24420620
1.24577760
1.27412410
1.33868290
1.18004690
1.23079220
1.24692900
1.29961350
1.20444060
1.31529440
1.16705200
1.26438560
1.29879840
1.36919280
1.38116230
1.33555370
1.39505810
1.48659490
1.43380890
1.44021120
1.50722880
1.37118530
1.35926080
1.14099200
1.12468760
1.03928690
1.26240640
1.39046930
1.16236470
1.21351600
1.39834930
1.10428220
1.26718600
1.33937710
1.41941290
1.09304510
1.20401790
1.14192630
1.13001410
1.34169270
1.23731580
1.33400220
0.88363812
1.07440910
1.26396960
0.94935326
0.99591621
1.21202830
1.07131060
0.99294821
1.14376360
1.20573960
1.13832330
1.08231810
1.34208820
1.27933990
1.40061950
1.06179750
1.47987900
1.19604530
1.19327650
1.05908730
1.41002140
1.25908570
1.09886400
1.18393420
1.35443540
1.20228070
1.32945680
1.24342540
0.91551735
1.20092570
1.21136590
1.36233040
1.19512380
1.06651280
1.14216190
1.14213890
1.18266920
1.15007880
1.13330620
1.21789300
1.02917930
1.33206530
0.98239302
1.28786550
1.17206470
1.12164890
1.14854690
1.10741490
1.09340160
1.24692370
0.99304023
1.12646770
1.16813630
1.13789900
1.31671220
0.94827921
1.12951890
1.16808770
1.35019260
1.37979370
1.39967850
1.31000300
1.49024780
1.39072950
1.22887590
1.34900810
1.06547660
1.20990280
1.55652330
1.34000420
1.41492290
0.89065951
0.89023149
0.99034274
1.06269340
1.18140080
1.18666570
0.95089866
1.14192750
1.24238280
1.28483140
1.32050370
1.30738870
1.21407360
1.22873220
1.17644380
1.19647750
1.35134080
1.17132020
1.21627470
1.19021310
1.34691950
1.23368830
1.22447470
1.37862370
1.37948720
1.16644850
1.29378250
1.07309090
1.17843140
1.01456900
1.34109690
1.21524290
1.19459570
1.22426460
1.21319280
1.42020150
1.33623920
1.24130150
1.47158140
1.18190050
1.20867850
1.14115070
1.40680250
1.37955470
1.28972420
1.39304930
1.19800450
1.38188140
1.27132150
1.11077610
1.23206330
1.19058390
1.18570960
1.28454890
1.17633090
1.13205780
1.23118540
1.09419580
1.22927250
1.08172290
0.95144450
1.00161610
1.25018230
1.28277020
1.02851550
1.17755990
1.13710830
1.23569180
1.26328870
1.20355200
1.22226960
1.07265040
1.22967570
1.32477780
1.24187020
1.54206500
1.44487770
1.22200570
1.28468790
0.99944134
1.10542680
1.39050380
1.21082310
1.20600380
1.12245810
1.17339690
1.02151000
1.08883060
1.18030770
1.29840480
1.19621840
1.39745490
1.30661580
1.39505890
1.30972230
1.24781640
1.43727880
1.45014330
1.14670100
1.26221170
1.18581630
0.99568269
0.96592334
1.20528040
1.20306860
1.20643970
1.18650860
1.35758690
1.22161160
1.20808490
1.18844370
1.24470040
1.20751310
1.07440060
1.14320270
1.21205640
1.21951720
1.36408980
1.24838590
1.31691710
1.08205290
1.37214620
1.21828270
1.27093730
1.36950520
1.12680230
1.47876710
1.37176250
1.29985440
1.35214070
1.44186390
1.31380440
1.53688210
1.36658540
1.57456430
1.38930630
1.35365630
1.56001300
1.26671970
1.23207000
1.06015930
1.25532100
1.13948920
1.09548600
1.34435320
1.10221730
1.15774510
1.03786140
1.17578620
1.10786690
1.16536550
1.08441000
1.02639050
1.11489420
1.22755350
1.26823300
1.33407630
1.34416920
1.26809890
1.12742840
1.26797240
1.16066950
1.26941810
1.23285470
1.17421700
1.33972200
1.24115810
1.15933570
1.14877870
1.18181510
1.21933880
1.09428650
0.89753321
1.19506930
1.05749700
1.31062890
1.14879950
1.35847940
1.01744750
1.23964350
1.15845060
1.17508550
1.17993370
1.20026990
1.33875530
1.11465210
1.10850050
1.32740430
1.32264230
1.29924870
1.29709680
1.38666290
1.20180600
1.24833680
1.29124170
1.09241160
1.15641520
1.21334950
1.23126790
1.24572080
1.19706650
1.24490300
1.30986120
1.35707530
1.30687960
1.46317040
0.93048042
1.03704450
1.10927500
1.13799500
1.13181830
1.00238560
1.00056650
0.99750607
1.10392210
1.13909870
0.85387244
1.23586730
1.22620170
1.22323720
1.07628330
1.09102110
1.09511450
1.07349740
1.25190190
1.31821160
1.28792910
1.08222090
1.33799170
1.41247470
1.48977520
1.28413010
1.18902400
1.38033220
1.12369460
1.05301050
1.05170690
0.98455845
1.20993660
0.98133039
0.96119025
1.00865890
1.05636620
1.21724600
1.11361730
1.06608830
1.28270060
1.27534160
0.98134080
1.29991750
1.02211120
1.15354620
1.38346720
1.25926000
1.27760860
1.17364760
1.24536310
1.43782950
1.22371400
1.18588890
1.12673180
1.21649990
1.24324140
1.11883950
1.29548720
1.45443530
1.32189080
1.31318430
1.23395650
1.14256490
1.37554950
1.31239020
1.26150400
1.05272920
1.23625160
1.21555430
1.28689450
1.12597570
1.24150900
1.19578240
1.15139690
1.03830960
1.22725930
1.12220030
1.00394490
1.07338250
1.18415410
1.28249880
1.17394440
0.94065711
0.87298146
0.98437758
1.21680830
1.00720580
0.95723583
1.05798920
1.00727800
1.12775700
1.30050430
1.10289950
1.15373020
1.49022580
1.57329200
1.27611790
1.26847420
1.28895120
1.28194920
1.24307090
1.26023290
1.23970740
1.21729230
1.12633740
1.28439960
1.25883290
1.20198730
1.46167620
1.16763570
1.21590650
1.16231340
1.31460460
1.12500530
1.24967310
1.38500450
1.45435180
1.24568920
1.31871370
1.05345950
1.12381130
1.12807980
1.22601900
1.08266330
1.25913060
0.96835468
1.11554600
1.22278940
1.16031450
1.34972860
1.39813420
1.54009550
1.19255530
1.43926470
1.42390800
1.27019660
1.29850900
1.22619600
1.12882960
1.17796580
1.20258150
1.11154700
1.13422450
1.31161430
1.42235700
1.33818020
1.22432670
1.31494390
1.18140750
1.26114430
1.36805100
1.35888550
1.23690770
1.43644910
1.41601490
1.31172410
1.34051810
1.33911680
1.23148850
1.16191690
1.36130950
1.25446950
1.17857680
1.13102320
1.20158390
1.45624980
1.04830140
1.24744490
1.13680640
1.20703060
1.18880020
1.16659380
0.96410297
1.28638300
1.04850950
1.26378860
1.38998610
1.29289140
1.00833340
1.13483810
1.27545840
1.17139560
1.15297290
1.30808350
1.37933760
1.44226650
1.13672310
1.04688300
1.21901070
1.17481230
1.08311410
1.16494040
1.01452160
1.31640980
0.96294856
1.26146660
1.17265800
1.32635730
1.23490090
1.11357410
1.29020480
1.30460600
1.55300090
1.24788170
1.10740610
1.61253890
1.31384680
1.27794490
1.39862710
1.03288300
1.20943420
1.08912610
1.33441560
1.35618200
1.21886420
1.17006030
1.11699840
1.04759440
1.13806890
1.04020030
1.54790080
1.12600710
1.35577470
1.19164460
1.20694030
1.15366100
1.42562800
1.08435190
1.28059820
1.16199200
1.00361180
1.07443610
1.10454770
1.05780010
1.22451690
1.42873060
1.18146080
1.17918360
1.30324310
1.00400810
1.14537000
0.94812469
1.16735350
1.13324650
1.09629580
1.20211300
1.10127960
1.24521300
1.30518640
1.38857210
1.30734800
1.37868280
1.22560750
1.21594740
1.24189920
1.27389810
1.44697250
1.22971900
1.19296090
1.01611470
1.19045180
1.15561900
1.16206860
1.05449140
1.32588560
1.16868390
1.22520000
1.41420220
1.59049330
1.51738450
1.26026570
0.98482422
1.20783400
1.29080940
1.16534650
1.20738530
1.13474760
1.19266530
1.06977600
1.23392340
1.13230820
1.27581630
1.08987000
1.16081740
1.21254930
1.16798100
1.20672480
1.34318790
1.56346340
1.13932000
1.27413640
1.22221670
1.21609570
1.29005420
1.16169480
1.26346610
1.36808400
1.09828770
1.05159890
1.19180740
1.04080880
1.02085660
1.13970220
1.10751170
1.03084510
0.97673345
1.12106310
1.11895680
1.04328110
1.02206640
1.06292600
1.16960210
1.00965810
1.23861060
1.12033310
1.08538410
1.20902880
1.22760000
1.17928440
1.35918810
1.22968360
1.06973940
1.24582820
1.18336570
1.32091290
1.35305450
1.24426160
1.21394770
1.19934710
1.03608110
0.90965970
0.90516995
0.95709186
0.91944962
0.94098566
1.02307970
1.10582080
0.92745359
1.08709890
1.11127090
1.04546370
1.05517830
1.08734980
1.16980620
1.25453830
1.23613000
1.09932450
1.18357190
1.51726750
1.30369200
1.17445540
1.25921320
1.36099870
1.26067650
1.25941560
1.43322690
1.41799100
1.39433550
1.33987790
1.27542880
1.07474030
1.19207080
1.08538320
0.90326764
1.04635430
1.13695550
1.22496590
1.10147820
1.09976520
1.04665370
1.03170990
1.12800090
1.07968430
1.05331140
1.11972200
1.18373940
1.13402540
1.03627530
1.03412790
1.20597110
1.10533140
1.18846580
1.15963020
1.03278950
1.14432610
1.23384110
1.21748630
1.41773180
1.31205480
1.23293750
1.37902380
1.41443610
1.42307110
1.41319400
1.12797980
1.41464160
1.41088260
1.31144400
1.27817920
1.32190080
1.40519160
1.47500720
1.45466050
1.46937890
1.42620090
1.38964910
1.54925000
1.37684150
1.39269650
0.82004448
1.05012270
0.90600761
1.19265980
1.04693550
0.98984254
1.06728590
1.04764950
0.89742891
1.18720920
0.89537756
0.88416029
1.07129130
1.00595670
1.00213250
1.09906810
1.26857000
1.16205330
1.29218110
1.19149910
1.12617020
1.15994340
1.15170170
1.11026530
1.38681910
1.40346970
1.36951400
1.42502200
1.18073430
1.20021320
1.46001320
1.24447120
1.42478680
1.44107150
1.47412850
1.43347550
1.55407210
1.05895450
1.27971550
1.02522260
1.26318410
1.14083600
1.12742970
1.14929720
1.04203670
1.15517790
1.03556060
1.10197120
1.14081990
1.03227990
1.32517570
1.25621260
1.21000610
1.17248880
1.11576360
1.02256860
1.24214680
1.22182120
1.03225460
1.17318470
1.29758980
1.53564490
1.21210350
1.18223040
1.41827990
1.34840720
1.25201620
1.37711210
1.32773300
1.40618260
1.48942980
1.23898500
1.34359060
1.27542330
1.20431000
1.54931750
1.06490230
1.20839500
1.21764160
1.15914730
1.18259750
1.09706730
1.39666150
1.35121420
1.15509910
1.24401830
1.07721780
1.04908540
1.15991170
1.26724140
1.28700940
0.98213906
1.10541420
1.16072470
1.04270610
1.30150570
1.05009130
1.09049140
1.26537530
1.14335280
1.31950170
1.08048650
1.23691780
1.17710550
1.41865880
1.17630320
1.11237430
1.03806280
1.14069380
1.24176990
1.04153050
1.01660190
1.16292000
1.02098380
1.30424930
1.39180580
1.30272640
1.26856640
1.33806320
1.20841860
1.34046360
1.20660400
1.10177050
1.15272410
1.44697910
1.24776040
1.35616710
1.24422880
1.28392750
1.16412310
1.07174440
1.21879800
1.46284300
1.29345950
1.33065670
1.19489400
0.98243017
1.02129490
1.05997000
1.10884510
1.11272780
1.16462900
1.15411380
1.08218660
1.17386920
1.12107280
1.02267930
0.99266881
1.14080630
1.18793110
1.06587410
1.00730260
1.15628220
1.27039590
1.25610120
1.10047630
1.27318960
1.06685220
1.12529600
1.20387710
1.25654780
1.19829380
1.15230430
1.46080780
1.20998840
1.12991220
1.27883460
1.24158330
1.24598110
1.32228810
1.00268180
1.12969700
1.32742330
1.28241840
1.26892950
1.29376400
1.27912370
1.29809610
1.29544950
1.21146780
1.19728790
1.06701510
1.24795730
1.25558970
1.18432000
1.18443150
1.29965350
1.26063630
1.28788570
1.28141230
1.18403610
1.04788730
1.08183380
0.91628694
1.06774500
1.10588190
0.87664675
1.14020470
1.30213340
1.10900100
1.33586140
1.22155720
1.21983710
1.20819140
1.28327010
1.11326420
1.24286470
1.24798410
1.15263810
1.31967180
1.31065000
1.21536970
1.22011120
1.08204910
1.19831230
1.31922010
1.21935270
1.34843150
1.05676730
1.35817610
1.31199740
1.29787760
1.28035660
1.21731330
1.37716130
1.20583350
1.14156720
1.10971290
1.24435270
1.25969030
1.17006420
1.46681790
1.07917250
1.18730360
0.99210834
1.24669140
1.22598260
1.22964400
1.41284970
1.31291460
1.22232900
1.23239730
1.41175820
0.95237419
1.08356730
1.19439970
1.13028690
1.10876200
1.19167580
1.12788460
1.22066250
1.32663120
1.15370590
1.24225170
1.20817680
1.47053320
1.34330530
1.30317270
1.37500570
1.23380670
1.32213610
1.36237170
1.34834590
1.13547690
1.13373300
1.12275190
1.03499580
1.20822190
1.15501230
1.21990840
1.32448640
1.39586760
1.22702910
1.31597190
1.36200040
1.30183090
1.44616460
1.15804750
1.09497770
1.18295780
1.31958030
1.29360530
1.24608320
1.12991470
1.40679640
1.11691490
1.03445150
1.35595300
1.28998730
1.26002880
1.16246260
1.21783410
1.45287170
1.38426000
1.20435050
1.07969260
1.35550650
1.32845070
1.31020140
1.44726910
1.42728170
1.24697590
1.33826620
0.99917589
1.27229210
1.04707990
1.09821730
1.35101160
0.91458017
1.08441220
1.09129630
1.27640620
1.08389040
1.24035590
1.19413300
1.15064870
0.88849780
1.03759080
1.14469980
1.18525770
1.07588920
1.08695830
1.01770550
1.16774340
1.24047260
1.36133400
1.31173910
1.25248160
1.21321200
1.18867440
0.97910628
1.12935780
1.16618600
1.06128510
1.23605350
1.21892270
0.92801761
1.25128450
1.22810160
1.20127140
1.22074440
1.13530690
1.29599850
1.28478020
1.24480340
1.13697320
1.18477620
1.49877640
1.19717000
1.20838540
1.14110100
1.09113110
1.19538340
1.17309430
1.03959590
1.16469600
1.33869900
1.23796690
1.36088970
1.24240080
1.32886530
1.38569280
1.46056100
1.19172600
1.21896120
1.29237720
1.42808780
1.03622230
1.36748180
1.14356090
1.28004290
1.30206710
1.47350790
1.23714230
1.10836350
1.27981550
1.38652770
1.43699090
1.05601370
1.11319360
1.24524560
1.16715240
1.13886470
1.04303260
1.13725980
1.09799320
1.10848820
1.26090900
1.13974900
1.34613220
1.18199060
1.18719690
1.19964870
1.25754030
1.24072420
1.30388540
0.92022005
1.16477860
1.11973500
1.06731850
1.05911190
1.15239120
1.25888590
1.17683770
1.05830480
1.25248830
1.53118200
1.33161550
1.21466910
1.41213590
1.39122370
1.20082860
1.31036500
1.20390460
1.32025050
1.44670460
1.09570510
1.25564090
1.07838810
1.38880000
1.12504170
1.15097420
1.30773410
1.22768240
1.16308820
1.00852510
1.02132410
1.19689130
1.22335280
1.07094860
1.08218280
1.08190940
1.23723200
1.18470690
1.03031480
1.29995570
1.24826090
1.20778560
1.41949880
1.21635030
1.04188450
1.18192720
1.21498700
1.15985100
1.36749730
1.47943070
1.11935820
1.37617930
1.01714410
1.21716550
1.12825280
1.19009840
1.10950500
1.23481510
1.24740350
1.36170080
1.06302730
1.18721150
1.21163850
1.15725220
1.32703460
1.07783090
1.21477310
1.29569720
1.31770430
1.31350390
1.36609860
1.32273290
1.22076020
1.03823960
1.28934110
1.13141490
1.31536810
1.29101990
1.19529480
1.32511080
1.06520210
0.96256335
1.01678330
0.92487918
0.96263904
1.08184580
1.06124180
1.05264510
1.26327950
1.12395880
1.28477080
1.05253100
1.25748670
1.42416750
1.46825230
1.15266480
1.16844310
1.24739950
1.25061520
1.09037110
1.29071170
1.23106880
1.34588910
1.33058920
1.14244340
1.23689970
1.05932930
0.94196324
1.10402810
1.13028190
1.24221200
0.98005516
1.07738190
1.15452220
1.17856170
1.15775180
1.23673640
1.16011430
1.12148030
1.38172970
1.17189810
1.33901200
1.15480340
1.26706710
1.30984280
1.36021800
1.32580300
1.43421560
1.39808270
1.22764320
1.44291240
1.25034370
1.37254370
1.69533970
0.85707802
0.85796573
0.85584984
0.93955676
0.76624902
0.90544113
1.03677480
1.13904300
1.08883150
1.20735120
1.31277320
1.08911160
1.22779220
0.99804782
1.14615820
1.25916330
1.35291880
1.26957800
1.18304080
1.33974830
1.29947050
1.59205110
1.38884940
1.47085200
1.28057330
1.31908650
1.39984800
1.02918150
1.07023780
1.06323430
1.28807700
1.07006190
1.15546800
0.95663875
1.21845750
1.02836960
1.16525080
1.14406520
1.31690740
1.14652030
1.13654250
1.22677710
1.23972010
1.18591020
1.21551350
1.31818270
1.36748220
1.35067380
1.40216800
1.31041900
1.41622410
1.55092120
1.32550770
1.09707680
1.19947420
0.98564530
1.00495740
1.10135790
1.22880300
1.05955490
1.22354800
1.04985300
1.14996380
1.22679950
1.18890930
1.03294920
1.33813150
1.04929100
1.08001770
1.09489760
1.37052610
1.23604400
1.58017120
1.15576980
1.25202130
1.10137820
1.26314980
1.34484860
1.31607590
1.37445030
1.29936850
1.47972410
1.41341050
1.37463380
1.44400470
1.14971490
1.25749980
1.23759840
1.31127750
1.16278870
1.15192800
1.35245610
1.26803520
1.22799790
1.40318070
1.23892170
1.34450450
0.81502360
0.82095786
0.81973685
1.10113230
0.90472373
0.99985021
0.87148212
0.94831481
1.24607400
0.96276169
1.22606640
1.04993960
0.95541990
1.20285060
1.01307960
1.08582940
1.18146600
1.16684780
1.31888290
1.28842540
1.22703260
1.35326690
1.33322120
1.44577700
1.38995240
1.28168490
1.30430750
1.40042290
1.13135530
1.06653610
1.13124900
1.20900510
1.28906840
1.20867190
1.23228970
1.26697150
1.34292580
1.29917210
1.22556070
0.80749251
1.20525090
1.12467450
1.17100510
1.03803520
1.18962580
1.07235260
1.13883190
1.29696670
1.25237530
1.09946300
1.26224060
1.14139380
1.23991270
1.39751950
1.32731950
1.44527210
1.21432790
0.90681341
1.14125250
1.03252020
1.00381920
1.09297700
1.13127690
1.10807000
1.23208660
1.05465200
1.19789470
1.12112350
1.22952340
1.26547770
1.16821620
1.12713280
1.24811450
1.31011490
1.15548300
1.09402070
1.14390270
1.24033120
1.04450310
1.08192750
0.94870988
1.06234920
1.34511500
1.34097250
1.47332840
1.40357710
1.37984530
1.36331330
1.47143570
1.39656970
1.46994310
1.39550480
1.65180650
1.48802350
1.24426130
1.21640320
1.25330950
1.32489300
1.25690980
1.41529400
1.20774640
1.45555360
1.23489070
1.19577240
1.21069370
1.31467920
1.18085620
1.00302970
1.15522320
1.15722240
1.15479550
1.26989860
1.16147770
1.14653760
1.18534090
0.95854073
1.07928790
1.14343970
1.16540930
1.13211920
1.30212410
1.31142360
1.40206550
1.38879590
1.29427850
1.55196700
1.40665960
1.44781720
1.51174680
1.64224740
1.37759710
1.63444220
1.06137230
1.20519300
1.16388350
1.18270240
1.08698710
1.11930580
1.14066450
1.26207550
1.28851970
1.28112730
1.25348810
1.18982860
1.22265180
1.63003550
1.44752930
1.31647950
1.37582760
1.01471220
1.06446090
1.00184830
1.10642080
1.18981780
1.29576240
1.20653580
1.12750520
1.24766180
1.25312590
1.16630430
1.19697270
1.40793260
1.41677240
1.26278320
1.39796080
1.15779880
1.20273790
1.18357120
1.28819140
1.16990030
1.41109980
1.24839740
1.28635170
1.29788680
1.20374370
1.41500320
1.26122830
1.28221100
1.26899500
1.10420950
1.19481880
1.19059150
1.31291770
1.40642680
1.34247270
1.16918910
1.10138450
1.17629570
1.38440330
1.18531960
1.18194720
1.11227970
1.06955350
1.28142260
1.32939200
1.14871350
1.01767670
1.02782260
1.05426020
1.01142620
1.14339930
1.14862260
1.03544200
1.20991910
1.19712290
1.36789540
1.22061290
1.34105390
1.46391410
1.36680850
1.50449280
1.29735010
1.35887280
1.24775710
1.50403490
1.34296780
1.30091270
1.41815070
1.24765760
1.50881370
1.41879070
1.52908900
1.24715960
1.27903650
1.23293320
1.34112000
1.24291380
1.18792970
0.95434477
1.20009960
1.17911220
1.07826540
1.39373190
1.28802690
1.20887120
1.24694100
1.03259900
0.95196968
1.14205650
0.96853955
1.13702290
0.96592316
1.09485680
1.09823490
1.15985020
1.14654430
0.95595224
0.96367448
0.87348602
1.13565710
0.88884511
1.00900720
1.01371840
1.04522270
1.34516410
1.08781790
1.30992790
1.32273350
1.28452110
1.59541530
1.38923560
1.42699730
1.41260120
1.47012200
1.54748720
1.11036350
0.93477331
1.27225500
1.08754810
1.37726050
1.14712840
1.21514250
1.30390770
0.81578980
0.98298709
0.93093489
0.93748982
1.00985670
0.95389970
0.95516781
1.16049390
1.13474070
1.26264680
1.14328760
1.25496490
1.16975820
1.26721570
1.20617570
1.41322010
1.24381090
1.32516720
1.28388850
1.22949080
1.51061020
1.38238100
1.30724400
1.43647440
1.29394430
1.28018710
1.58282470
0.99261250
1.27832440
1.21060100
1.04353730
1.12452040
1.12767730
1.10706880
1.15988150
1.22709220
1.05165220
0.98439943
1.09184990
1.00387030
0.89521645
1.01417690
0.93364165
0.99923848
1.21208920
1.04445240
1.31873630
1.06701830
1.21365870
1.26551160
1.06162600
1.04392730
1.25674120
1.13011210
1.29164960
1.41228220
1.41452820
1.34978320
1.47720720
1.38106360
1.30821980
1.66270080
1.29659550
1.76997390
1.42836570
1.21395030
0.97203152
1.16657850
1.09809270
1.21342640
1.31912670
0.99784654
1.26916910
1.33595520
0.86215802
0.95052514
0.93247933
0.98742343
1.04772200
0.99867081
0.92764878
1.12315230
1.19789450
1.18944650
1.05123650
1.27616560
1.05803270
1.15269830
0.97325651
1.13669690
0.99946809
1.22564060
1.29513950
1.27911820
1.09485360
1.27158440
1.11556820
1.27927440
1.61401580
1.17060320
1.27786110
1.08220580
1.27380190
0.98023621
1.01016660
1.10843970
0.99817806
0.92805467
1.15819850
1.19545130
1.30487930
1.31307840
1.18974260
1.12286410
1.07237240
1.17902450
1.24636390
1.19425650
1.13776870
1.26362290
1.10674710
1.01854880
1.23317360
1.00545280
1.09341280
1.15621850
1.11629930
1.19672890
1.05332150
1.27467050
1.10981400
1.18189630
1.10985020
1.12720580
1.16484360
1.15502850
1.27394800
1.03746430
1.17357730
1.36816450
1.28377060
1.11891490
1.35213550
1.24305340
1.36704600
1.24585000
1.24260050
1.33145350
1.26604900
1.19617500
1.28155140
1.34948470
1.40290270
1.13339350
1.40189050
1.40081050
1.21356230
1.35934470
1.38944970
1.34723070
1.36105800
1.27182860
1.39443550
1.34010370
1.22821370
1.18886970
1.08039630
1.14427340
0.90122442
1.22444720
1.14938240
1.12711830
1.26197630
1.14411170
1.45536980
1.30415160
1.22147350
1.34866650
1.51117470
1.34999380
1.37621380
1.27446200
1.29936190
1.33785580
1.32804300
1.41532130
1.62783230
1.18815990
1.28415020
1.15549690
1.47409180
1.22167210
1.19734580
1.33220270
1.35358590
1.36626380
1.32173590
0.99068261
1.19478610
1.25720370
1.21597890
1.09584330
1.21531570
1.29863810
1.32669910
1.38623390
1.05238310
1.21021840
1.07643470
1.19128420
0.97166285
1.04462180
1.07754100
1.22207310
0.79246547
1.08770750
1.05175130
1.20175150
1.09091600
1.02897270
1.14733840
1.11898120
1.27639110
1.15363820
1.16906120
1.25708270
1.08907390
1.16248770
1.18979450
1.21205290
1.31856390
1.22644880
1.42802560
1.33532410
1.35668650
1.09286020
1.29888150
1.33997350
1.56155070
1.33792460
1.69851130
1.35232820
0.97185997
1.01119290
1.05315180
1.11695380
1.21196910
1.22475200
1.31362850
0.94977199
1.14313450
0.93768104
1.01537910
0.96114810
1.27824350
1.09093800
1.19172930
1.12972340
1.03969400
1.32246240
1.33206440
1.37710730
1.09013330
1.23443200
1.13983840
1.15122540
1.28093030
1.36140040
1.12005560
1.34111820
1.16507300
1.04025010
1.14557820
1.08755370
1.21588990
1.11006080
1.26469710
1.28105260
1.11037880
1.16697390
1.24359780
0.98868520
1.39809630
1.29741140
1.25913570
1.25568780
1.01364000
1.22228320
1.31488610
1.08559140
1.36608270
1.45840580
1.22979320
1.32785710
1.24767760
1.35651130
1.27905370
1.49202290
1.13588080
1.34924040
1.29744910
1.37586150
1.41715650
1.03757340
1.20162960
1.10664520
1.11961220
1.30279670
1.07109980
1.30925930
1.24374750
1.17354570
1.01642900
1.19874400
1.18536680
1.26857190
1.29848300
1.43976070
1.30801150
1.30840020
1.04815650
0.96864991
1.11564010
1.23449010
1.03850280
1.18884490
0.98943180
0.98615425
1.13717780
1.14518720
1.25511070
1.11922470
1.35462810
1.16207470
1.43827520
1.36135300
1.24854170
1.37660890
1.19908960
0.96312430
0.95227049
1.14914030
1.17813800
1.37267120
1.23382340
1.18606640
1.26755520
1.24017700
1.11283540
1.25824560
1.13176310
1.31849570
1.11703000
1.30858280
1.17189450
1.19753310
1.13249470
1.38812060
1.17086490
1.12197910
1.14569810
1.24674640
1.13197430
1.24498620
1.21951680
1.05724130
1.22977090
1.34129270
1.22140080
1.57496780
1.27542690
1.17381410
1.52124340
1.27858030
1.25867090
1.39991600
1.65331410
1.34578710
1.37149960
1.04254390
1.07809540
1.05565510
1.08634510
1.15922570
1.24722690
1.09039900
1.30022040
1.11080770
1.31757050
1.25238190
1.36792630
1.29290940
1.33740010
1.25217060
1.42414430
1.47862440
1.24958670
1.42722410
1.27909360
1.09152570
0.99091885
0.95792246
1.15585570
1.14879600
1.47215560
1.26330830
1.21959820
1.25336550
1.25861810
1.19282370
1.34857330
1.36023730
1.51458480
1.29428740
1.31286910
1.44870110
1.56705830
1.35929700
1.51708090
1.06804900
1.36829810
1.21915750
1.21478910
1.34229850
1.34296060
1.11930850
1.31096380
1.16991490
1.27939310
1.25107380
1.32789130
1.30791920
1.33941190
1.36365670
1.33949900
1.66613340
1.27735220
1.50532290
1.45364600
1.68944920
1.23961510
1.14383840
1.05892300
1.21763910
1.02595200
1.10079170
1.19020790
1.10516560
1.22267400
1.31328160
1.17809380
1.32744380
1.27482760
1.33434420
1.28031260
1.66018300
1.22951700
1.39240380
1.33200880
1.38549050
1.26944200
1.34007600
1.29701880
1.05286870
1.27520510
1.28118710
1.15898070
1.18929950
1.31049480
1.17817940
0.98768568
1.18401250
1.18764430
1.34129290
1.26784060
1.38962370
1.36202170
1.28501130
1.20312150
1.12277280
0.98587265
1.00560380
1.44118310
1.12141480
1.40066780
0.95791624
1.14995300
1.22174270
1.23613420
0.97309381
1.18029320
1.20511840
1.18139350
1.28167970
1.22703200
1.26945840
1.17409370
1.36625800
1.25032280
0.93259525
1.05147870
0.91013266
1.11491310
1.05061670
1.04326500
1.23520380
1.07372660
1.14521950
0.87350389
1.10416630
1.02267100
1.02905720
0.92977658
0.96795210
1.11238750
1.09705040
1.18856700
1.23302500
1.37423110
1.26863010
1.18597580
1.28376380
1.33606960
1.32258730
1.05741240
1.38710370
1.06155140
1.38167850
1.09397220
1.41534340
1.30593740
1.43076630
1.24918430
1.33453540
1.15547110
1.21290320
1.20051280
1.25136390
1.29932380
1.13849440
1.11925920
1.32035810
1.31176980
1.19033500
1.24425650
1.20739020
1.22817460
1.08412870
1.37847870
1.34262610
1.13027840
1.30164250
1.28768110
1.13875740
1.18498240
1.15959980
1.36464260
1.15138760
1.13649560
1.04703580
1.17252740
1.20105990
1.19056290
1.21315490
1.18520950
1.01205820
0.84531793
0.91489849
0.93974172
1.03589620
0.92236993
0.93569996
1.18922090
1.31860990
1.26576540
1.07739790
1.15367430
1.26198810
1.31005610
1.50391190
1.54145720
1.26346500
1.21553450
1.43800560
1.24690960
1.24356200
1.30707810
1.38408380
1.22345900
1.16724150
1.25187260
1.39974110
1.17918930
1.23427240
1.23702690
1.24206120
1.31154970
1.31358920
1.42741020
1.48640910
1.35706560
1.36414440
1.57689170
1.21065950
1.04408400
1.22411540
1.17510340
1.20413840
1.12828060
1.10018760
1.38046640
1.25436700
1.48185270
1.38137330
1.02298100
1.04714270
1.26961760
1.08207830
1.09212480
1.09575790
1.22541920
1.00791940
0.98851706
1.01643400
1.06814040
0.98654981
1.38518590
1.08984700
1.15390220
1.20970850
1.19413160
1.24222840
1.17101320
1.45196290
1.26183510
1.44588930
1.34782990
1.49481710
1.33710980
1.20391320
1.23566000
1.30610130
1.21981680
1.31572770
1.33615720
1.27200490
1.35810070
1.35660730
1.26592060
1.23781310
1.28966990
1.10325550
1.11965410
1.25945320
1.28854950
1.16571380
1.38229020
1.36385840
1.43090910
1.52971140
1.31929440
1.43795170
1.27169840
1.22592580
1.30656850
1.30600970
1.43052520
1.50064200
1.37252820
1.25262930
1.47334680
1.40818710
1.54297480
1.32234460
1.29018380
1.40006340
1.33869600
1.35282930
1.23549430
1.37189720
1.18599890
1.38797190
1.36686430
1.13304000
1.10227880
1.23642290
1.23356220
1.28493500
1.40433750
1.26605720
1.26249680
1.20337350
1.22655810
1.47838820
1.30545100
1.37048600
1.30044190
1.29414040
1.49835180
1.41015760
1.15083000
1.61705320
1.38661370
1.23786200
1.28220700
1.32910760
1.25532190
1.04463910
1.30512030
1.19623670
1.59445880
1.25396650
1.51464960
1.22959070
1.24927830
1.19678410
1.41425690
1.27015270
1.42496600
1.28901860
1.31648080
1.24731330
1.18325370
1.35388100
1.48185960
1.44876600
1.28776270
1.35898730
1.26155100
1.28008880
0.90410184
1.09966090
0.93963294
0.98646332
1.10079900
1.01491630
1.07494680
1.09222180
1.09449210
1.24772630
1.05107730
1.07295890
0.96519776
1.19401350
0.99506527
1.17857610
1.28951520
1.13402700
1.24295250
1.25089590
1.39298240
1.49386090
1.30557930
1.24847010
1.29362680
1.12622120
1.15881940
1.03191410
0.95647322
1.04819840
1.00655760
1.07141710
1.43248140
1.19628590
1.26234730
1.12347930
1.34983140
1.43715170
1.07349680
1.11037320
1.29083740
1.07543100
1.06718450
1.22769730
1.40926640
1.26272100
1.22217330
1.16297940
1.21726760
1.14086570
1.15941720
1.22428260
1.18617180
1.36138460
1.39008000
1.22115620
1.33115830
1.18251910
1.37704500
1.32780840
1.60136480
1.04270950
1.23378910
1.10612360
0.98456664
1.13085460
1.10231590
1.28987520
1.39979760
1.42308410
1.13703470
1.13289000
1.17855720
1.23874190
1.25929880
1.15436490
1.18727840
1.17361050
1.17897150
1.18766070
1.16117030
1.18446540
1.37909250
1.18494350
1.30635470
1.25569960
1.14000810
1.48168220
1.29309580
1.47665510
1.10759720
1.07157580
1.15184900
1.08973630
1.06362700
1.10541320
1.24936980
1.28521780
1.38658280
1.44265100
1.37165220
1.29994760
1.27027160
1.19344740
1.14210000
1.34002420
1.28417460
1.45447480
1.33744730
1.16793920
1.10867120
1.29271200
1.37563900
1.05864340
1.13263440
1.19162170
1.08823130
1.27277190
1.31770030
1.08172790
1.03104580
1.04821960
1.20822110
1.14042770
1.03041840
1.12205610
1.09780690
1.28167280
1.31473950
1.44351800
1.39254260
1.53497000
1.61766830
1.37648770
1.49327630
1.44469470
1.24776830
1.39004950
1.21840390
1.10580860
1.13542300
1.17369290
1.22357970
1.18703060
1.24019050
1.07939480
1.27308200
1.11444060
1.25788680
1.42149480
1.24991910
1.25786870
1.31752330
1.15920010
1.15384050
1.24267900
1.32883450
1.32413740
1.14401520
1.15619050
1.17088560
1.17988720
1.17265220
1.31929830
1.16079300
1.32309720
1.38504520
1.20405500
1.08886790
0.96897277
1.10169340
1.14412280
0.97784118
1.14484310
1.13526230
1.06395570
1.00471270
1.15324190
1.52448100
1.21954700
1.56398450
1.26581340
1.23566210
1.33144150
1.38416710
1.30533060
1.17301860
1.32017480
1.71625710
1.70784570
1.43505890
1.32512230
1.45136020
1.24815610
1.38029210
1.50223480
1.54267200
1.66625680
1.08884550
1.00502530
1.22372050
1.31133150
1.06874500
1.13167020
1.01012500
1.09977770
0.86878822
0.94252559
1.06392300
1.00553640
1.02418190
1.17109920
1.11572780
0.91796181
1.10867470
1.09704030
1.20905960
1.18996970
1.06516950
1.10879950
0.99376427
0.93052630
1.16122220
1.20723180
1.31567710
0.87674918
1.01048570
1.13704720
1.07066350
1.06553230
1.31377450
1.16194850
1.09046560
1.07267620
1.33880710
0.98084262
1.33491350
1.25774450
1.18269560
1.29310960
1.25264840
1.45167600
1.47467610
1.47588400
1.42915470
1.32504820
1.46259440
1.33602480
1.77334180
0.92821578
1.02392670
1.16757800
1.17711290
1.06140220
1.09029060
1.18274200
1.14074240
1.21295340
1.20567790
1.16350550
1.38532700
1.21692590
1.28613140
1.33313080
1.29415920
1.40062270
1.66651550
1.13814710
1.15269760
1.18040250
1.07512510
1.24271490
1.22082920
1.21283530
1.15747010
1.38040020
1.06797600
0.91182779
1.13021010
1.19552260
1.06730010
1.20108870
1.41505460
1.15909600
1.02500150
0.95084617
1.12272620
1.10031940
1.14298830
1.11598530
1.24673490
1.14108360
1.32305940
1.33914430
1.33422470
1.18893500
1.22351610
1.23896100
1.21333020
1.16484350
1.28478040
1.18898470
1.20438910
1.23340160
0.89208270
1.01309140
1.21322520
1.23844560
1.09277510
1.02665160
1.26888730
1.27518700
1.19371720
1.11953740
1.37358060
1.25417660
1.18229650
1.35558530
1.36554060
1.35130190
1.24679270
1.17820570
1.30443600
1.07042230
1.30074810
1.30670360
1.49162800
1.45560010
1.33857100
1.28415100
1.35730980
1.45430660
0.91144377
1.31662200
1.11930150
1.26621570
0.89982554
1.14297970
1.04887630
0.88179202
1.09087180
1.44856030
1.49090270
1.05804210
1.34028140
1.13828450
1.21426690
1.07081520
1.12144940
1.28541270
1.44360020
1.18329480
1.34900210
1.39960610
1.45254220
1.50122970
1.47482830
1.55325800
1.26590530
1.47700260
1.86735120
0.97876979
0.86347850
0.75814550
1.06335710
0.84154528
0.93401715
1.24255890
1.35670220
1.28622730
1.27388940
1.51659310
1.45677570
1.30961540
1.37761630
1.46943850
1.66561760
1.43448410
1.23801740
0.91300680
1.17805760
1.05343710
1.06298130
0.97544247
1.24547800
1.01420040
1.21792160
1.35535750
1.35096820
1.26433940
1.15756030
1.45617400
1.38415710
1.40343000
1.43035470
1.38461240
1.04356470
1.21521180
1.21271150
1.08736980
1.24216910
1.18303610
1.27769040
1.48220370
1.45523530
1.13817750
1.13957560
1.21812590
1.30219190
1.26666320
1.40315750
1.39579160
1.28705720
1.18432560
1.33115600
1.12031130
1.19364870
1.21785370
1.11118090
1.18591800
1.18905800
1.10956450
1.04571490
1.12683210
1.15763510
1.11213180
1.33349360
1.14665530
0.99465433
1.13025460
1.24802290
1.29241900
1.14805710
1.41887570
1.10723720
1.26438560
1.29104670
1.33776260
1.33768370
1.42658270
1.43561500
1.17608020
1.10074750
0.95108044
1.17870800
0.94985494
1.16723900
1.15094310
1.07698990
1.22747580
1.23591340
0.78350339
0.89532498
0.94035100
0.81833041
1.10229020
1.07501010
1.06945960
1.22866140
1.24919750
1.26090620
1.26765170
1.26615820
1.34615770
1.29076430
1.23745400
1.16556160
1.47273960
1.17466190
1.26390280
1.49688460
1.26604980
1.37530310
1.17161400
1.38459440
1.39774140
1.29477810
1.35734390
1.08681920
1.02691320
0.97093755
1.12649900
1.11077340
1.28851660
0.98908898
1.15309510
1.05900610
1.26486850
1.29273710
1.27515500
1.08743850
1.26586660
1.23216350
1.20095990
1.20673760
1.17870490
1.19710510
1.25555280
1.32698850
1.38840660
1.14856900
1.19781310
1.25082000
1.29891470
1.26604070
1.37160080
0.80644509
0.94595857
0.84147400
0.90467291
0.96903030
0.89272374
0.93076004
0.97253872
1.34342400
1.24184220
1.29503690
1.13836760
1.41605850
1.15319690
1.31088680
1.38077070
1.50589250
1.13683860
1.19226170
1.46106850
1.22705850
1.31072360
1.14900500
1.28875570
1.31622680
1.43063770
1.36569370
1.24075620
1.28407610
1.31726060
1.39474350
1.28733500
1.48483080
1.44197790
1.31020330
1.47916720
1.69337010
1.39796070
1.27647730
1.58142400
1.17357390
1.45163410
1.40412470
1.27631130
1.20622320
1.52895240
1.16929890
1.37780620
1.45748250
1.23942250
0.90725889
1.24049250
0.98685963
1.24188540
1.06146900
0.90489997
1.27909580
1.13948100
0.86702360
1.17977080
1.00531680
1.05053870
0.92077522
1.24810070
1.23705850
1.17907260
1.14686200
1.29740130
1.25998220
1.26541320
1.20667360
1.32559100
1.38678560
1.35858400
1.40708490
1.18750150
1.51818380
1.40653160
1.31758820
1.39578090
1.46054180
1.18392350
1.51438900
1.40186770
1.42184970
0.98802777
1.14994440
1.15678170
1.21826800
0.97123004
1.18870670
1.29421270
1.17891080
1.14058600
1.18519410
1.28457370
1.41242150
1.28144910
1.25315840
1.29673230
1.40805360
1.24948030
1.45745670
1.47728860
0.99073023
1.12707420
1.07429050
1.14576780
1.21267060
1.07064770
1.27589450
1.35834110
1.13044430
1.15078060
1.16910330
1.15679820
1.05544770
1.51321140
1.29841490
1.48839560
1.10250040
0.93937903
0.93596716
1.49950460
1.11573780
1.26954790
1.09088220
1.13363260
1.17372300
0.97336777
1.32866240
1.29648470
1.31472640
1.27256910
1.41824330
1.24707280
1.19915990
1.21820380
1.55830610
1.22995830
1.19858940
1.18082750
1.40139060
1.49227140
1.27841900
1.17706860
1.37470740
1.35199750
1.60489300
1.41293660
1.24237370
1.30000360
1.15589170
1.20227530
1.36904290
1.41758880
1.28133410
1.31971950
1.35806100
1.27917080
1.30469500
0.81357875
0.93444235
1.25249540
1.25962150
1.17658600
0.99401270
1.22307830
1.07799190
1.06468660
1.14868700
0.94482949
1.12011480
1.11090070
1.27955590
1.06938010
1.35832510
1.21141980
1.20803460
1.03989080
1.29928500
1.16181570
1.13035990
1.24140260
1.06926980
1.08818360
1.21890870
1.22964520
1.21425310
1.23223570
1.16992150
1.16165640
1.23196850
1.19139560
1.03740420
1.41632600
1.21904060
0.99158436
0.76835252
0.89888853
1.10875060
0.93203876
1.17453380
0.87755871
1.25073810
1.07379240
1.34149410
1.16833920
1.44147980
1.38116170
1.24982690
1.40065200
1.46759620
1.46047590
1.09733230
0.99215455
1.29146420
1.06630510
0.95293845
0.89131735
1.00936330
1.12419990
1.42341930
1.01445120
0.99239586
0.99150374
0.88068845
1.13102110
1.12103940
1.55503140
0.97518147
0.99564123
1.35054610
1.18348340
1.42557120
1.03381450
1.14577620
1.25933950
1.32246510
1.22793760
1.27371750
1.28639220
1.25373250
1.33475900
1.28847120
1.24888490
1.42193250
1.08892460
1.06593320
1.36083700
1.20309600
1.26097600
1.27543960
1.14846860
1.26222090
1.13063500
1.24557100
1.16122360
1.10062810
1.34704140
1.28491970
1.23301970
1.16231090
1.27773600
1.10587210
0.99011939
0.96984519
0.99200799
1.23146260
1.16978040
1.18352080
1.31543050
1.29242100
1.22005980
1.24377880
1.39892180
1.37711170
1.24516540
1.41711210
1.31385420
1.27612020
1.41455330
1.55006300
1.47945520
1.18146250
1.09556020
1.16713690
1.22244340
1.23659800
1.29067470
1.35450800
1.27373930
1.35485530
1.24096760
1.30996270
1.00139500
1.20248490
1.30525920
1.20247950
1.23473750
1.22187620
1.30693100
1.33039350
1.12376820
1.09197010
1.02653170
1.15251060
1.10050180
0.94475378
1.04739660
1.08939960
1.14454710
1.07918090
1.29820130
1.40257100
1.31008560
1.33277690
1.22904090
1.42727030
1.35877770
1.10214210
1.09577540
1.33626760
1.27473020
1.13392970
1.31101260
1.31122780
1.33618490
1.41062950
1.42042930
1.01656530
1.08436090
1.07786420
1.01180360
1.03381670
1.24768520
1.04165700
1.31821360
1.14926290
1.12111650
1.20274700
1.37517570
1.25309430
1.17623240
1.50082570
1.34050120
1.23366820
1.43711280
1.24829830
1.60029360
1.44289620
1.19749880
1.36242660
1.39599730
1.43030670
1.22069540
1.43151410
1.24786530
1.21722370
1.16827020
1.19019070
1.30146940
1.30906590
1.23340930
1.12475350
1.43186310
1.15949810
1.01844310
1.07203320
1.09364750
1.25938730
1.13554540
1.11839350
1.28917250
0.95598159
1.11343920
1.27368790
1.28576770
0.99244860
0.98289330
1.16442010
1.19150040
1.18359600
1.24766150
1.27993040
1.05341240
1.28665450
1.29801190
1.20547070
1.39171560
1.36863480
1.16360570
1.26640930
1.22220530
1.13815130
1.03613780
1.20094630
1.00628630
1.09342720
1.22295420
1.10678460
1.12898300
1.25770800
1.00478620
1.13787420
1.22017390
1.16841070
1.24739270
1.01926880
1.08078050
1.08150530
1.13500120
1.19193570
1.21636180
0.97645145
1.17973180
1.22027120
1.30565100
1.23950070
1.10693930
1.00431010
1.23820170
1.08958990
1.27338940
1.09153810
1.17662050
1.13916710
1.36059760
1.05034480
1.33059500
1.15445250
1.36980290
1.40393120
1.30795150
1.29346500
1.39537780
1.46236230
1.35328430
0.98814740
0.91429723
1.10831300
0.83691081
1.00758240
1.02102260
0.93019015
0.98713675
1.13027720
1.06626830
1.05094580
1.26667770
1.14755750
1.30716770
1.16637580
1.28836150
1.36592820
1.41971640
1.02525150
1.07491780
1.25070310
1.05168240
1.16206320
1.43351630
1.34870690
1.12899010
1.01315530
1.30775810
1.29518850
1.06913130
1.04818360
1.12378900
1.13155510
1.14345510
1.30824180
1.10081560
1.15412020
1.20365910
1.20450840
1.61093820
1.29590620
1.43174560
1.45659480
1.39451800
0.95953819
1.21820920
1.13119080
1.30209400
1.06808970
1.15923560
1.17712900
1.09606510
1.15667490
1.34646820
1.27405770
1.28506810
1.46870400
1.19271600
1.24416970
1.38565480
1.48174820
1.21343650
1.12840610
1.11082220
1.05288960
1.03594210
1.26428870
1.18278930
1.21149910
1.18059640
1.26797480
1.28648050
1.06528320
1.46122780
1.31737750
1.23456450
1.38604500
1.31109590
1.30665370
1.28733160
1.46546990
1.49506780
1.05263520
1.02061000
1.16163950
1.01877700
0.91229580
1.01935460
0.88218654
1.12938630
1.21886890
1.06722240
1.21226120
1.05467440
1.10655440
1.18185600
1.23247880
1.16407570
1.20921340
1.26006140
1.14623050
1.55930390
1.19407940
1.39473450
1.29603660
1.60971560
1.51945040
1.57307890
1.48738270
1.40425460
1.23390910
1.01931660
0.95929586
0.95067856
1.28061250
0.86706678
1.22583610
1.16704340
1.00631390
1.26176780
1.20270250
1.32533390
1.20792460
1.33355270
1.45196960
1.36834060
1.20876810
1.40591660
1.33471650
1.29169010
1.12810970
1.05184680
1.21884110
1.09279740
1.30018080
1.21065830
1.30516830
1.25609730
1.16342420
1.40586970
1.02592280
1.10456470
1.13141970
1.04738090
1.32852430
1.18852640
1.00510630
1.21710020
1.27315990
1.31123730
1.32107260
1.04217580
1.16166960
1.17313800
1.05663180
0.89636892
1.19502740
1.14132880
1.10952590
1.12887060
0.89425042
0.98829933
1.06443720
1.10626490
1.19323500
1.00773180
1.09276050
1.15572720
1.07506480
1.25813360
1.08457120
1.08430360
1.02497500
0.99916900
1.22936520
1.17468850
1.37774850
1.02539210
0.90657537
0.97108949
0.89551157
0.86878602
1.04224270
1.30333950
1.11126760
1.29770430
1.11497020
1.09778590
1.42230460
1.21480510
1.22768340
1.31755080
1.56116540
1.35857810
1.23213060
1.53379880
1.35417660
0.93669797
1.03494410
1.17773400
1.56574180
1.18720840
1.24097250
1.29516860
1.23842910
1.14589500
1.13422350
0.89552844
0.96099706
1.04960570
1.11353170
0.95936162
1.37987740
1.44470350
1.18884400
1.13239450
1.33130780
1.26625150
1.13739510
1.27161150
1.27537270
1.30674220
1.12872790
1.37949490
1.01691050
1.20043710
1.30503040
1.15218140
1.18642200
1.27702270
1.67431040
1.67914300
1.52070880
1.27822790
1.32347620
1.30854300
1.35474780
1.18060470
0.97175856
1.17578220
1.19331930
1.29299630
1.24896860
1.34951540
1.33907880
1.21035250
1.31939680
1.08364700
1.11492280
1.10838600
1.19696670
1.32194920
1.33504050
1.23100620
1.24312810
1.19448780
1.22646330
1.28851520
1.23874260
1.31772850
1.51579280
1.54133710
1.46732750
1.34612610
1.56474430
1.57311290
1.50100200
1.49390220
1.33226660
1.41461370
0.82744257
1.25863890
1.01160420
0.77098861
1.22805310
1.09259520
1.28055300
1.19114340
1.36352540
0.99140632
1.09496140
1.39816590
1.40224860
1.19860130
1.22925130
1.15762330
1.21746400
0.91523571
1.12748700
1.01351510
1.22317800
0.89229424
1.02833570
0.94208026
1.10098670
1.20222340
1.29668580
1.21946530
1.54467080
1.29276050
1.39413170
1.28971950
1.25445630
1.53171160
1.57292790
1.52639330
1.23898620
0.77595969
0.83606123
0.86533197
0.83817077
0.90653573
0.95689925
0.93893744
0.86680934
0.98981261
1.14701470
1.09872530
1.20270160
1.03284740
1.04846370
1.21925290
0.90341423
1.19556620
1.03618150
1.36974930
1.39158840
1.47412980
1.17637550
1.42181870
1.41279400
1.47765740
1.38063380
1.39747920
1.49825290
1.15800200
1.28157630
1.03147240
1.11413870
1.04806320
1.06875050
1.03011070
1.36970970
1.05857040
1.29263000
1.18677240
1.15725310
1.15377740
1.14890830
1.14153260
0.94127749
1.06205370
1.01895320
1.17720380
1.04108310
1.27868470
1.24405190
1.27078380
1.22875130
1.25202500
1.11595900
1.23125590
1.29439240
1.25967360
1.44603730
0.99633399
1.23400330
1.30842730
1.05072410
1.27349840
1.09690680
1.17467460
1.16597290
1.14283330
1.19777110
1.37354660
1.26472350
1.21873610
1.21523820
1.24414970
1.41247550
1.24621300
1.25433660
1.18259790
1.22662850
1.25932720
1.24568100
1.07992430
0.96274049
0.97251862
0.99237733
1.08987860
1.14898890
1.16136100
1.11971410
1.10944030
1.27902910
1.26483810
1.30219890
1.25293350
1.11824800
1.40237740
1.24565410
1.28892820
1.03255210
0.87509387
1.24618690
0.91562008
1.18859450
1.16029640
1.00037380
1.36464330
1.43010510
1.12616510
1.08287990
1.12887700
1.37400680
1.13360700
1.32074730
1.48472760
1.05439480
1.14638720
1.07736450
1.29516060
1.39671150
1.13274450
1.24160090
1.23239330
1.24224140
1.28540740
1.26879370
1.44916210
0.98173494
1.14647930
1.21563330
1.12765980
1.06380590
1.18377290
1.13124350
1.14989750
1.13011250
1.17626660
1.26798690
1.32746220
1.05717410
1.31644280
1.13690820
1.29302050
1.05833800
1.16626820
1.24612040
1.12171940
1.30678890
1.12951030
1.40145600
1.23936710
1.47916870
1.12331410
1.19458060
1.12460400
1.09557840
1.04328540
1.09786540
1.26517970
1.27683240
1.24544670
1.25928750
1.26883710
1.34422450
1.66547590
1.62720560
1.44613210
1.55759980
1.40215060
1.37647970
1.30300130
1.25004310
1.05106410
0.93921739
1.01643480
1.09112470
1.04383790
0.86812391
1.11545860
1.22249830
0.98382709
1.23193110
1.11980190
1.07525000
1.13681470
1.09484220
1.15835330
1.46014480
1.42721540
1.32314090
1.15080710
1.07578390
1.42675350
1.08411930
1.13450550
1.10060900
1.05604840
1.38316670
1.11075300
1.16706660
1.14593840
1.35427590
1.39007160
1.34653430
1.51004490
1.45438180
1.31480180
1.19231480
1.06993390
0.88490818
0.93175340
1.00700240
1.06568260
1.06327010
1.08172030
1.14832280
1.14203380
1.13146560
1.13736650
0.96544123
1.10210770
1.15802970
1.03083970
0.96672627
0.99485708
1.29746460
1.36620040
1.28463110
1.31195030
1.22255680
1.12340510
1.15030370
1.35365250
1.34757870
1.17247590
1.03390070
1.43398800
1.24348370
1.26723390
1.22397710
1.50247810
1.52019350
1.53225510
0.98104707
0.91358839
1.06709470
0.97008753
1.20840020
1.27689040
1.27438290
1.33827990
1.11178240
1.10345630
1.30846920
1.04640460
1.38358000
0.97690126
1.26954110
1.36978330
1.22375960
1.24746310
1.25332640
1.06825620
1.42955560
1.21265940
1.25749730
1.35270480
1.47359740
1.23658380
1.30237230
1.22035070
1.18220750
1.26741340
1.41119050
1.38485440
1.63144020
1.41236680
1.32465850
1.25482990
1.56976230
1.42551310
1.62805380
1.18192870
1.04729000
0.93597258
1.03474310
0.91245026
1.04857490
1.33636390
1.15171500
1.10451030
1.19942880
1.23735080
0.98200652
1.19449090
1.13396400
1.08676470
1.15230580
1.30664600
1.03470560
1.17660380
1.34114590
1.30029940
1.25725830
1.10095860
1.24485030
1.05475770
1.30700820
1.28109210
1.47064130
1.27717760
1.45452770
1.42562490
1.37242540
1.39891910
1.49830430
1.39846850
1.51360620
1.36183280
1.60508280
1.09785730
1.12276300
1.03079450
0.87227908
1.25970750
1.37250370
1.07921110
0.99525610
1.23508180
1.28263610
1.18331330
1.21131430
1.02390820
1.19052670
1.25619390
1.06795380
1.39883500
1.13572160
1.25077790
1.06670710
0.96858716
1.10906230
1.21021480
1.15760920
1.04855200
1.14007450
1.34511010
1.17288390
1.18911410
1.28900030
1.27261140
1.27101290
1.39554040
1.27711070
1.23219700
1.19150770
1.21545320
1.49389600
1.29939040
1.22276840
1.47926740
1.19458660
1.29024820
1.09285700
1.57063970
1.24730680
1.29563410
1.41697800
1.05634820
1.30016180
1.29400360
1.33502200
1.09169750
1.13350720
1.13321600
1.00807040
1.14200070
1.31590490
0.99373720
1.39326200
1.02215910
1.09580950
1.16264290
1.13503490
1.29152160
1.11107700
1.31600280
1.29189340
1.28109550
1.24281680
1.15179440
1.27527630
1.33736310
1.19398130
1.17262780
1.44863640
1.19621940
1.27896340
1.61770210
1.42897560
1.26406330
1.21740690
1.58562300
1.20302550
0.95735092
1.25954840
1.06337480
0.92255983
0.94180135
1.19838860
1.26905250
0.98671537
0.88309756
0.95254275
0.93405311
1.03825200
0.91875139
1.53578830
1.33389220
1.21513200
1.29742720
1.23539710
1.41077490
1.32224030
1.19773040
1.43727340
1.14161840
1.50943580
1.23896480
1.39756480
1.17174820
1.16661340
1.51096190
1.06013060
1.33019220
1.11898850
1.15639180
1.10397130
1.23140620
1.06327530
1.05010900
1.22413680
1.32862570
1.17915930
1.03696740
1.06053690
1.00963040
1.09188380
1.11905520
1.07247770
0.89499770
1.13592300
1.26631320
1.30736740
1.03921350
1.30768000
1.21976380
1.22332800
1.48722540
1.24105850
1.40402670
1.39783880
1.22922400
1.20100160
1.18417660
1.06086200
1.22572710
1.26753950
1.37357840
0.96551931
1.07149550
1.27084710
1.22250210
1.10280200
1.07586470
1.10746850
1.47785240
1.12653970
1.14691970
1.10462930
1.13061160
1.47580610
1.18719800
0.90479747
1.08099900
1.10255890
1.12845650
0.86464720
1.06089360
1.24661010
0.99517889
1.22179090
1.52287690
1.30688160
1.19258030
1.52160180
1.29303670
1.16422460
1.42154670
1.30701640
1.36976880
1.28963020
1.26638440
1.38384110
1.09458150
1.12435880
1.13363140
1.02625500
1.27345570
1.30124610
1.15666700
1.05108710
1.10864040
1.06026520
1.03679640
1.11257950
0.97761991
1.18034540
1.02931130
0.94023565
1.16555430
1.17764200
1.25653570
1.42249610
1.30207380
1.16492640
1.13737640
1.24414580
1.47470350
1.32014570
1.50063980
1.32223320
1.24302750
1.36954920
1.17446140
1.08787530
1.29424430
0.99297256
1.09891300
1.00636010
1.18185380
0.94856752
1.07874540
1.24983400
1.24657190
1.22856200
1.15002240
1.23117350
1.04147660
1.32353790
1.18212900
1.04477920
1.06590200
1.05500150
1.07717790
0.97282440
0.93781313
1.32898970
1.06180290
1.17457130
1.24822170
1.08184710
1.26321050
1.51448920
1.08832550
1.27434460
1.40591280
1.21162550
1.25460530
1.17798200
1.53199390
1.40169940
1.17597580
1.26619100
1.23458900
1.07460180
1.13360230
1.05158270
1.27923620
0.96408703
1.33659600
1.23920410
1.07743360
1.26060170
1.27556420
1.33106820
1.29558400
1.04385540
1.49816580
1.24534190
1.05419320
1.20435390
1.35509220
1.20695850
1.27682050
1.29574620
1.31575060
1.19752180
1.34772000
1.33450410
1.30996320
1.11721370
1.15358090
1.28682460
1.17126970
1.21107320
1.15842610
1.00067810
1.28056890
1.05736370
1.19605690
0.83336616
0.91443280
1.18614710
0.97194095
1.00697270
1.29575410
1.26896710
1.23574250
1.37761150
0.95604930
1.13756100
1.10022480
1.45161380
0.96288443
1.20368050
1.11535790
1.13198790
1.07226660
1.30004050
1.02351960
1.13319480
1.05531350
1.05165800
1.43244930
1.39686810
1.27198830
1.19880220
1.31233640
1.25514670
1.40421310
1.26123910
1.20806660
1.20772090
1.40790900
1.45479130
1.29461260
1.22725780
1.37940170
1.29176240
1.62181510
1.33226280
1.17498620
1.04751080
1.18922290
1.27975310
1.24074280
1.25578670
1.26784390
1.23309220
1.24234260
1.23547750
1.08920160
1.30947610
1.18795130
1.34473910
1.13034310
1.10757890
1.16561870
1.25253590
1.16223160
1.30761490
1.34230670
1.19200570
1.10095060
1.08565680
1.26426980
1.12306110
1.15368670
1.16741850
1.49514060
1.29016080
1.21528130
1.00648700
1.43341560
1.21424670
1.25067480
1.44797170
1.23300590
1.04107930
1.12916490
1.05511810
1.08293370
1.19966940
1.32545630
1.06991620
1.27093000
1.14366310
1.22594350
1.16219300
1.24365620
1.06416570
1.36927170
1.26931190
1.26007170
1.29504200
1.35143930
1.19955370
1.25616780
1.37589400
1.32682030
1.16189720
1.34589070
1.26939330
1.16670230
1.26094680
1.38051440
1.11682660
1.43443440
1.58810790
1.06244260
1.17204160
1.10271860
1.20530010
1.13252310
1.15098650
1.15346500
1.21888690
1.14290350
1.25549910
1.06822550
1.24277620
1.00310460
1.11751960
0.97423738
0.91638910
1.08218410
0.98358776
1.20079200
1.20721170
1.21649640
1.13701230
1.10646900
1.34344300
1.30191570
1.11056920
1.26470330
1.11417880
1.20053560
1.28346230
1.30266660
1.12374700
1.01142890
0.97553663
1.23434880
1.40515740
1.40195020
1.16158080
1.10837960
1.11363380
1.15626330
1.16202400
1.29614520
1.28248540
1.27382660
1.28525140
1.38441380
1.27338310
1.23840610
1.32055610
1.36353930
1.32526720
1.21248990
1.01809390
1.03274600
1.06244980
0.89214590
1.13089320
1.31766650
0.93073257
1.07915840
1.02472690
0.98002855
0.99757799
1.05883600
1.23683930
1.04070180
1.11969040
1.12730010
1.11007440
1.11817330
1.17682790
0.98993171
1.13613400
1.21730570
1.43708870
1.38088200
1.06208360
1.17635280
1.24204020
1.40750920
1.19518130
1.15867090
1.02475820
1.17154060
1.13150100
1.27744440
1.22209280
1.18930780
1.27567100
1.32370460
1.64019390
1.64559470
1.12774150
1.01116970
1.03339030
1.43023520
1.19584060
1.15911780
1.33865430
1.28787230
1.09584190
1.20283190
1.22834080
0.92126004
0.85906552
1.13280710
0.90138442
1.06746540
0.97108157
1.03400430
1.16170720
1.16026630
1.11250650
1.18041950
1.22932140
1.13288450
1.05433720
1.13466630
1.35601810
1.25399900
1.31184240
1.30646650
1.29485520
1.51532160
1.51573450
1.24984660
1.45607260
1.47577940
1.51475900
1.29946980
1.17797360
1.10337860
1.28993590
1.29755180
1.17105270
1.12918270
1.15208340
1.11736470
1.26024850
0.91442970
1.09335410
1.06564830
1.21625790
1.01521370
1.12802270
1.26364170
1.10296690
1.13426570
1.29366650
1.33723190
1.31897540
1.40230480
1.21666350
1.19633370
1.18524670
1.40292030
1.14873480
1.14528610
1.28264720
1.40800960
1.28924280
1.26196280
1.41425160
1.44758740
1.44174200
1.27984610
1.19416650
1.15413470
1.08783940
1.08653600
1.16131300
1.12546470
1.13052110
1.14406490
1.13287780
1.12231000
1.20393800
1.02051460
0.98911890
1.19437580
1.05752660
1.14368850
1.07300950
1.24034990
1.23845700
1.32637390
1.02948130
1.31299600
1.16497610
1.22739560
1.42253170
1.25197780
1.18856500
1.05698940
1.28714930
1.18194400
1.20070110
1.24002060
1.23908980
1.17898540
1.43446390
1.26669030
1.33098260
1.37210560
1.14151890
1.00774470
1.06711820
1.39086720
1.21798080
1.19053760
1.26435570
1.06292750
1.26599370
1.23280820
1.29418700
1.01411310
1.03833070
1.12193590
1.04150130
1.15850730
1.16989570
1.31754810
1.21140140
1.11483410
1.14711510
1.03023480
1.12023230
1.02332240
1.19948860
1.19588580
1.37962350
1.13145970
1.38488790
1.18601980
1.31260030
1.22950250
1.13208370
1.30627570
1.06215970
1.33383410
1.09852350
1.47390460
1.31924900
1.18770190
1.15610920
1.19355480
1.28766530
1.25053310
1.24050990
1.22579340
1.10799990
1.38264610
1.25672780
1.28032300
1.49181820
1.25429770
1.41592190
1.26563230
1.51136360
1.15955700
1.36197040
1.58469000
1.30543660
1.28704580
1.01682380
1.00889750
1.03984340
1.16016250
1.32200160
1.02595970
1.09476010
1.08307410
1.18098430
1.18743880
1.05334290
1.40398180
1.05452610
1.12272420
1.15962370
1.08962220
1.09832060
1.15643410
1.34474390
1.09762640
1.01864740
1.08847700
1.31507930
1.12233370
1.32835880
1.30067680
1.13328370
1.30691030
1.19859840
1.21001510
1.30292190
1.23634250
1.42840520
1.28823910
1.28235350
1.35255530
1.37012820
1.48103930
1.47682590
1.23663400
1.19184830
1.14944960
0.96245375
0.94339923
1.26110080
1.03745710
1.20479830
1.21474210
1.20980090
1.21458240
1.22164520
1.11291920
1.29949930
1.25897380
1.17394150
1.39541160
1.13173690
1.14833570
1.24781760
1.20416430
1.30811240
1.07231600
1.32257340
1.06272120
1.14510590
1.35042390
0.95215905
1.37319500
1.13965000
1.12870250
1.09802060
1.03674010
1.29281610
1.35514190
1.12751420
1.17624880
1.19509150
1.41470950
1.21526330
1.39559180
1.26872930
1.26946350
1.17125740
1.24593040
1.00063170
1.27834860
0.91128334
1.28068140
0.87084701
1.20803390
1.05276630
1.20114230
1.10844020
1.06938930
1.07938080
0.99065536
1.17186760
1.15813190
1.18183180
1.15914020
1.25138900
1.16601150
1.16887500
1.14981680
1.30600220
1.16840140
1.16206170
1.21791980
1.33024750
1.48884270
1.38505600
1.37572150
1.34258260
1.22878050
1.24177700
1.31804030
1.54194980
1.21333510
1.43551720
1.24977380
1.37336340
1.21803200
1.18283150
1.25219730
1.55512840
1.39458090
1.33683900
1.23212180
1.15552230
1.18456810
0.99794967
1.03456730
1.21461990
1.16459750
1.23785410
1.08838340
1.37469040
1.25716950
1.38280920
1.48060360
1.13523810
1.44418950
1.38690740
1.34255680
1.33993160
1.37338230
1.32962680
1.14205160
1.15628620
1.33911390
1.15341580
1.11150520
1.27194750
1.17664330
1.15031910
1.12709810
1.45571840
1.19102570
1.20490820
1.33759200
1.17580430
1.37935260
1.38114320
1.53279920
1.40645900
1.15746880
1.11812500
1.25791540
1.35142690
1.12144750
1.17682450
1.33407830
1.18196810
1.04381080
1.41919370
1.01753910
1.16756600
1.26970430
1.49855370
1.26725200
1.44652520
1.27887800
1.30645470
1.14639820
1.22570510
1.40798990
1.18142000
1.08438330
1.20610900
1.12947780
1.27041280
1.14710010
1.22103680
1.35529500
1.08647070
1.26292990
1.18551530
1.32830610
1.34505660
1.20322280
1.22796880
1.42992740
1.45876960
1.34796730
1.28920100
1.34683810
1.26214660
1.51708740
1.28833410
1.35864120
1.14429270
1.15659550
1.17512050
1.41001530
1.08023300
1.10015640
1.34912830
1.25737170
1.04088170
1.15428230
1.21028520
1.30583850
1.20606810
1.16413920
1.39749850
1.06383510
1.53419070
1.22338460
1.08408990
1.08922570
1.25852920
1.08345050
1.04922940
0.96047044
0.97054915
1.21687830
1.07129730
1.19907730
0.99325114
1.08579360
1.22132920
1.14423000
1.37065620
1.24272470
1.36620660
1.22312640
1.13788080
1.37870370
1.09726220
0.97095312
1.16804380
1.15766090
1.23401190
1.37037400
1.18173750
1.13879460
1.27596480
1.36142120
1.16908390
1.33851950
1.34885140
1.28373440
1.29824140
1.35547340
1.28269990
1.16484710
1.40060460
1.16564030
1.44697190
1.18351260
1.44193470
1.23814410
1.30839160
1.18375100
1.02990950
1.38415370
1.15286600
1.26752600
1.17544540
1.42392330
0.98288522
0.90495848
1.09357220
0.93969905
1.09607760
1.16233540
1.00937860
1.28522730
1.30830810
1.10633990
1.33324840
1.26985980
1.24689720
1.49880520
1.14355070
1.26729110
1.37221140
1.40468780
1.20533210
1.13072710
0.95732875
1.06904220
1.32410870
1.18973050
1.20072120
1.32935320
1.36573600
1.20909300
1.40977900
1.10458730
1.01528700
1.20752200
1.11109200
1.43408020
1.17206550
1.39415010
1.43176700
1.18423390
1.30508570
1.21343230
1.17156560
1.16884550
1.12400380
0.91969017
0.89762272
1.23031100
0.98395917
0.96266914
1.30733390
1.09187250
1.15413230
1.42657610
1.16106490
1.08975260
1.23344950
1.09440050
1.16751420
1.11721670
1.13348710
1.07811050
0.98249388
1.18746910
1.19629370
1.25280540
1.10365860
1.00145290
1.15665190
1.44491940
1.43384750
1.22983760
1.13848200
1.11002240
1.18580010
1.19009080
1.30817520
1.22151970
1.43965160
1.35201610
1.41338430
1.31671600
1.33787800
1.35185250
1.36044610
1.38660610
1.36295610
1.29273580
1.41127370
1.27425290
1.19442780
1.27856450
1.26399730
1.35605610
1.31343420
1.29901060
1.22548070
1.31869300
1.04812160
1.12387780
1.15423820
1.13174090
1.11357390
1.24880100
1.29710660
1.32160050
1.25087080
1.01281590
1.04371290
1.05037230
1.16331080
1.07186190
0.93733209
1.03108930
1.08661020
1.20528340
1.18384150
1.20290590
1.29726840
1.24746920
1.33774270
1.48106360
1.35586130
1.23775890
1.27862660
1.30373760
1.32870480
1.19627880
1.21448650
1.10012810
1.28974820
1.33685670
1.37536610
1.23607720
1.34152920
1.47164570
1.38373750
1.02949470
1.16919710
1.21662330
1.26947190
1.18200690
1.09649170
1.19898230
1.00087120
1.39487160
1.05145120
1.19666360
1.13270620
1.16579450
1.34408590
1.20096500
1.29179960
1.27240010
1.09303220
1.23052560
1.13897050
1.34617380
1.36413030
1.36165000
1.30052180
1.29792420
1.12799830
1.27427960
1.21261210
1.44499970
1.20467720
1.07244770
1.04909830
1.06073240
0.96306567
1.06067130
1.13790350
1.02846140
1.23679820
1.17974880
1.09883490
1.29999820
1.41986400
1.25806020
1.22824640
1.41121740
1.32342820
1.14108130
1.27210100
1.10988620
1.08122890
1.13459390
1.31155160
1.15722620
1.15168550
1.21212910
1.24866180
1.04575170
1.38592810
1.22018940
1.19622100
0.97815806
1.09165950
1.28781280
1.11603900
1.12612270
1.18447380
1.40536610
1.08930050
1.01814730
1.13574920
1.12998800
0.89877156
1.04399170
1.02541420
0.95762488
1.24460660
1.11349920
1.11228090
1.08022080
1.17190680
1.06413620
1.09095690
1.04966260
1.22668020
1.24046300
1.21815550
1.16326350
1.10165780
1.14983070
1.12254380
1.48945010
1.22174180
1.24644130
1.16092400
1.11568210
1.08675450
1.54574410
1.13539340
1.06351780
1.11509690
0.89946670
1.11529670
1.12848220
1.30034840
1.40452200
1.35408780
1.07526670
1.36274330
1.52697550
1.24746850
1.03029680
1.22762150
1.17572260
1.08854520
1.07325350
1.19684320
1.09641110
1.17366850
1.26665450
1.10196900
1.27191970
1.17294090
1.39041980
1.19540410
1.20648370
1.43025040
1.18201110
1.20557400
1.03024400
1.05425450
1.42102820
1.32693110
1.06781530
1.04857910
1.02104560
1.26252860
1.23765280
0.87209311
0.89656734
1.27604850
1.26167490
1.04493970
1.04404220
1.26980970
1.15290760
1.20333650
1.20076300
1.20276570
1.30602280
1.49729250
1.30834140
1.35887150
1.38986340
1.22222190
1.09934820
1.21062540
1.02867430
1.10116090
1.10909130
1.10676280
1.09880540
1.16283040
