0.98310752
1.03735250
1.03116090
1.06297910
1.10915430
1.13940170
1.00962530
1.08904870
1.02283730
1.01675410
1.07186290
1.15551990
0.97769729
1.01063850
1.00965220
1.21535180
0.97810414
1.03408040
1.06388040
1.06977440
1.27125150
0.96528673
0.96883963
0.96788051
1.01191010
1.04562350
1.16561960
1.16042450
0.97327249
1.18822370
1.03262710
1.14048170
1.09001250
1.06716110
1.29473140
1.10366840
0.99897307
1.08850750
0.92802573
1.08729400
1.02325450
0.99215213
1.07987390
0.93696740
1.08736240
1.07976380
1.07656860
1.12128320
0.98523438
0.94124041
1.11201590
1.05622530
1.04810460
1.16859400
1.25120810
1.25156010
0.87010803
1.11274980
1.08842010
1.12934770
1.06883370
1.01705040
1.00416530
1.21525100
1.03023430
1.13407350
1.20610400
1.05703630
1.05567810
1.12812200
1.09137670
0.94982282
0.95078555
1.07407290
1.22633090
1.10017110
0.91547563
0.96104031
0.99956054
1.14608990
1.12590890
1.03682020
1.15252630
1.12942440
1.05209590
1.19392420
1.16004040
1.10389710
0.99075083
1.02103130
0.96829375
1.05681270
1.02868740
1.17503440
1.19219160
0.86418406
1.04077520
1.00347400
1.06474130
1.09868740
1.23029400
1.33202420
1.07447970
1.11710980
1.01414790
0.96793271
1.12132630
0.95190929
1.04944360
1.14693170
1.24774100
0.98255446
0.99537097
0.96187916
1.18388290
1.21918250
0.97018488
1.11828170
1.01187890
0.99327526
0.78805950
1.01956040
1.07235130
1.07479090
1.01630540
1.08960660
1.20670680
0.96092635
0.89511404
1.01201920
1.10054700
1.13124360
1.15865650
1.27445350
0.78724915
0.96992102
0.92193450
1.08311410
1.13483500
1.19846650
1.32875170
1.03504070
0.90543775
1.06046790
1.06114930
1.15723170
1.13883490
1.10539870
1.23311010
0.98381333
0.96277668
1.11951480
1.00652440
1.09590000
1.17461970
1.22125570
0.91420881
0.98643487
1.03298660
0.96307069
0.84429373
0.96416230
1.12647610
1.21711750
1.10756650
0.84083437
1.04153940
1.01005880
1.07873900
1.19307100
1.23414650
0.96075864
0.93917090
1.10530770
1.15155710
1.05014340
0.89727171
1.05392840
0.89851104
1.03637480
1.05657910
1.06970540
1.30595910
0.96066103
0.98171721
1.02773150
1.15397440
1.04482620
1.22737790
1.23783770
0.95114575
1.08720430
1.18163640
0.98172036
0.99020890
1.27476450
1.15159100
1.02665520
1.08907370
1.15572450
1.12770500
1.13513130
1.17196370
1.20106740
1.10820250
1.04048010
1.10619860
1.12632260
1.14065690
1.18208420
0.85011463
0.89799794
1.01168680
1.18939900
1.24326140
0.88094211
0.93320480
0.95394443
1.16553130
1.11820450
1.06078060
1.11189130
1.13128240
1.16960530
1.07019540
1.14805270
1.01792970
1.18687180
1.03011710
1.11766390
0.95231628
1.11421170
1.04993300
1.13850470
1.16032400
1.21275300
1.21263400
1.17837980
0.84350499
0.98456600
1.09347610
1.09587600
1.11386780
1.04630700
1.18429900
0.94699511
1.14487640
1.06303430
0.99314833
0.97141460
0.96030518
1.06076800
1.00393390
1.08166680
1.04152980
1.17761110
1.10705720
1.17091300
0.96527591
1.13325740
1.14080320
1.11499540
1.21478190
1.32116950
1.02068100
1.00275250
1.08900990
1.03064260
0.99829674
1.11555860
1.16462900
1.14063640
1.02973020
1.01852100
1.04512450
1.12854920
1.06307980
1.03899920
1.20489190
1.07449250
1.08057560
1.03963620
1.03431560
1.04772370
0.86804604
1.07712500
1.13301690
0.88215580
1.00367120
1.16743830
1.17234950
1.13027880
1.04979430
1.23836280
1.23389150
0.82265248
1.02670690
1.08889840
1.11612330
1.07833720
0.99828040
1.05911870
1.13447850
1.15071830
1.32578210
0.94685392
1.00292070
1.10604210
1.09341120
1.19771380
1.18076960
1.20995850
0.89308603
0.85130326
1.00734500
1.11713340
1.15116160
1.17704880
1.11940920
1.08121370
1.08860020
1.08630740
1.14568340
1.14887850
1.20382910
1.04575600
1.18623270
0.98635566
1.16606770
1.06396850
1.24046520
1.16547800
1.10567030
1.06834150
1.09800640
0.97353592
1.15973230
0.98393691
1.17866130
0.96823341
1.07992930
0.93574403
1.02328730
1.08439370
1.15155220
1.20375500
1.14903590
0.89022275
1.06638290
1.07195810
1.18648410
0.99473965
1.05636290
1.15810260
0.97683468
1.08100900
0.86164038
0.99364832
1.02399430
0.94235239
1.00129430
1.14558530
1.02029220
1.07680850
1.02758870
1.10642880
1.12665120
1.08541580
1.03974560
0.96085941
1.17649220
1.14592290
1.17452500
1.12812530
0.95722283
1.01051150
1.06811720
1.07839060
1.15217120
1.13978170
1.08234660
0.95902570
1.06037780
1.11004020
1.06082120
1.22860700
1.10581650
0.98169336
1.01956170
1.13866340
1.12906060
1.14466590
1.15139690
1.22865660
0.97980739
1.03542090
1.01935560
1.18390530
1.04609610
1.15961520
1.13293530
1.22139050
1.01060810
1.10463950
1.09840540
1.11712650
1.08466890
0.80471706
1.08344630
1.15911840
1.15034100
1.18997840
1.05702600
1.11224760
0.98115970
1.03631440
1.11861480
0.93729936
1.01605880
1.04871600
0.99222585
1.00549310
1.09502240
1.06042380
1.08849730
1.02717590
0.99384839
1.11397510
1.10586210
1.15371730
1.31969540
0.95024252
1.09748990
1.06345080
1.14922440
1.23970270
0.96990367
1.00341450
1.09264470
1.16513440
1.17570330
0.88408645
0.83468890
1.04558430
1.07392490
1.04918570
0.91328954
0.96362919
1.11618830
1.16191330
0.98374132
1.12041940
1.11704640
1.03967910
1.17946970
0.87428316
1.00773460
1.01525460
1.08443340
1.16215630
0.90921390
1.07250880
1.24362120
1.14184670
1.27512040
1.12841880
1.05142910
1.01610160
1.13793220
1.21460470
1.07577210
1.26083340
0.95381851
1.02432840
1.02298430
1.13444200
0.94317089
0.98431554
1.09545540
1.18455730
1.13237980
1.27721850
0.99310716
1.06608060
1.02977450
1.06420840
1.00072360
1.08871300
0.95702480
0.91054883
1.06396760
1.08623570
1.09658660
0.97600988
0.99354281
1.00541880
0.90365357
1.10157080
1.08538620
1.15888210
1.12909820
1.24099240
0.93263877
1.11613020
1.09934680
1.11076650
0.94491347
1.00048520
1.18297590
1.19355220
0.99014440
1.00825760
0.99021020
1.14080470
1.13728120
1.18530910
1.16212320
0.99086113
1.06308210
1.06935610
1.06972900
1.19344350
1.10580870
1.32899280
0.91442736
0.00655185
0.97031637
0.99782021
1.12306730
0.99276759
1.10692900
1.07811240
1.06687260
1.14283790
1.04542220
1.17264600
1.09009990
1.23976220
1.00667620
1.11434910
1.09329210
1.02415380
1.04579900
1.03125680
1.05518910
1.14546340
1.00014310
1.03896150
1.06160800
1.03534870
1.08157310
1.11478290
1.14962280
1.06418440
1.01753250
1.01043720
1.01606830
1.00686830
1.12865790
1.12894990
1.11118250
0.97840764
1.02551270
0.97383472
1.10545970
1.02443180
1.18598660
1.12856150
0.98616043
0.98589826
1.06166330
1.07490900
1.09784770
1.06307240
1.25692790
1.01803640
1.17586150
1.24008710
1.09281230
1.23356350
0.92525566
0.96856197
1.06358180
0.96051650
1.14214840
1.23415380
1.18127850
0.81219530
0.98820138
1.04146650
0.95602843
1.12174010
1.20331320
1.11242730
0.94779083
1.14838090
0.94693966
1.16314930
1.16854480
0.98093861
1.06035820
1.20161290
1.08311070
1.12353580
1.06323450
1.02883270
1.04495430
1.21421740
1.08961040
1.07996320
1.13563470
1.07355700
1.04870190
1.01998540
1.20063860
1.13400450
1.02732450
1.02270250
1.13146280
1.02349640
0.98835516
0.99063960
1.08045370
1.04518290
1.08711360
1.13891810
1.00451350
0.96448896
1.03837070
1.12972650
1.10306020
1.09790010
1.07916940
0.98121951
1.01578980
1.20636850
1.05651110
1.23891740
1.20740270
1.02329590
1.14818570
1.06955910
1.20826320
0.93600040
1.05393410
1.03369520
1.09577990
0.87156952
0.97734954
1.07162160
1.03128810
1.13332810
1.03787110
0.93159393
1.08813960
1.10292790
0.92012752
1.12438250
0.91774069
1.01492470
1.09909980
1.12908720
1.10399260
1.13546940
1.18276720
1.20331730
1.02019760
1.04603710
1.07546240
1.12337000
1.09981540
1.10974700
1.15068480
1.12297310
1.12060380
0.91414904
0.93123252
1.02985470
0.94560813
1.01553980
1.07438110
1.11794720
1.11909850
1.01150000
0.96509412
0.97912329
1.06092430
1.01395430
1.13216790
1.06298120
1.09678470
1.04825220
0.98992309
1.12500450
1.17144430
1.08539970
1.11575740
1.24293060
1.05447860
1.12736420
1.15165100
1.15978860
1.18172800
1.15155430
1.19199940
1.26254740
1.02745120
1.02212690
0.91590689
1.11233670
1.17896330
1.18087600
1.05402510
1.14668620
0.99852266
1.11866290
1.02338000
1.19383080
1.06383280
1.02661510
0.99536204
1.03182310
1.05195330
1.23417540
1.12917270
0.92772504
1.02332290
1.09645760
1.12038340
1.07194800
0.99825239
1.12726510
0.97667582
1.12462980
1.02406480
1.09982380
1.16454980
1.15310580
1.01289030
1.17840340
0.94149229
0.92507768
1.03474410
0.93878931
0.98916546
1.13631610
1.01057450
1.06267770
1.10090750
0.99686422
0.99819619
1.20938740
0.94841736
0.96706980
0.83899139
0.93505816
0.92886138
1.03818570
0.91543694
0.99288459
1.07746290
1.16454880
1.33497420
0.95988496
1.00553890
1.15572910
1.20862110
1.12759220
0.97411802
0.86911253
0.99893474
1.13773860
1.23945740
1.24950270
0.98242594
1.14693220
1.11397420
1.20430260
1.09168460
1.13086990
1.18023780
1.24408860
0.99830314
1.16553460
1.15005660
1.13442030
0.87443286
1.11171480
1.15924650
1.13564020
1.18953330
0.90248459
0.99041130
1.04516810
1.11278460
1.30245520
1.17624080
1.29571950
0.97077265
0.97374439
0.99628242
1.10071580
0.96351942
1.09399490
1.11980550
1.09207110
1.12252420
1.13772130
1.04578950
0.91991612
1.08923200
1.16844200
1.26395660
0.99039046
0.91436949
0.97029858
1.02149970
0.90516234
1.07841450
1.21423980
1.12855780
0.92534224
0.86593819
1.01837050
1.14523800
1.14514900
0.88522006
1.09045540
1.09081420
1.02900380
1.20998410
1.05138250
0.94788754
1.07739160
1.09862160
1.13272110
1.13269130
1.05214760
1.11317060
1.02051420
0.97880977
1.06670250
1.03462290
1.07803830
1.07086940
1.01980340
1.08071860
0.85133090
1.16330300
1.09939200
1.06084990
1.06452150
0.90736167
1.05459320
1.01118830
1.08008240
1.08094400
1.10915780
1.30822910
1.03785420
1.01623890
0.95933660
1.10191330
1.10709900
1.04059980
1.20190400
1.02781540
1.18096930
0.90254643
0.88567256
0.88949621
1.04139610
1.03100990
1.19585510
0.88959070
0.90293755
1.00940780
1.08552350
1.06702060
0.99607907
0.94519707
0.96878697
1.11804340
1.12733210
1.05265220
1.10946310
0.97846619
1.12176860
0.88961060
1.06137770
1.08026640
0.99160932
0.91514486
1.06659470
1.23104110
1.07312940
1.09087620
0.98389051
1.15849960
1.03325480
0.96551761
0.85308153
1.00667330
1.06470770
0.85861473
0.92989815
1.16475370
1.10291810
1.29385850
0.82903640
0.98695916
1.02681080
0.93919419
1.08163170
1.10004130
1.13223980
1.10644520
1.07988060
0.83183840
0.97298096
0.92781541
1.06487470
0.97203261
1.11186030
1.18907140
0.96558135
0.92642831
1.06570500
0.99079759
1.05853340
1.12151040
1.19579520
0.92288876
0.96425583
1.02160430
1.17622320
1.19535910
1.15499890
1.24027880
0.96710059
0.97697967
1.00088320
1.16049350
1.12116930
0.95239575
0.92794582
1.02673410
1.06662120
0.99990298
1.03087000
1.09695370
1.09142590
1.09782720
1.09895910
1.00969600
0.97990872
0.94792147
1.08150650
1.16582180
1.16371620
0.95758835
1.09904940
1.03998180
1.11092850
1.07557890
1.14003140
1.16952750
0.94936258
0.91227372
0.98579007
0.95396317
1.11026110
1.04606310
1.13218870
0.93144676
1.08161500
1.09880210
1.13233380
1.11470950
1.10730440
0.95680384
1.07832850
0.92832794
0.95726621
0.99371207
1.03900350
1.13973700
1.10598400
1.16092460
0.93430791
1.07097730
1.08168930
1.04628120
1.01626030
1.14053720
1.11095480
0.91472287
1.07040680
0.90447997
1.21468160
1.09333950
1.13808120
1.00250500
1.02797000
1.05240420
1.06723720
0.94501181
1.01923340
1.13783780
0.99770980
1.02067250
1.08042380
1.05396730
1.08615640
1.09145850
1.20544720
1.34172110
1.01190040
1.03591310
1.03004480
1.15478500
1.25156030
1.23586050
0.94030359
1.09584350
1.11454580
1.10597920
1.09137240
0.99261085
1.06323000
1.07764540
1.25592000
1.16999420
1.15720670
1.19636410
1.25966670
0.93408505
0.96982483
0.99615896
1.09889120
1.22998050
0.91861626
0.90772123
0.94241290
1.30244890
1.22964490
1.19578690
1.02128680
0.92074013
1.00705870
1.05521400
0.98576517
1.14714920
1.18793380
1.02692530
0.94040176
0.97029853
1.05247260
1.15827770
0.98494002
0.93587823
0.89923631
1.09420380
0.95706369
1.06660780
0.89771885
1.05863530
0.98891551
0.93996641
1.05183660
1.07525870
1.09834700
1.08844810
1.20036640
1.05057830
0.95866430
1.01092750
0.91367935
0.97789128
1.11310780
1.00322730
0.93229772
1.00746530
1.14735820
1.05425780
0.96717308
1.01975180
1.03456090
1.01632680
1.10372230
1.11718670
1.07029140
1.16418300
0.95044865
0.96658760
1.01807400
1.11506500
1.17067470
1.17142520
0.93328975
0.98702974
1.14001730
1.03946920
1.06597600
1.11618890
0.98957838
1.03885390
1.13362180
1.13013840
1.11146280
1.06219500
0.92467182
1.05991270
1.13081660
1.14965620
1.25433200
1.32732990
1.17034090
1.00470490
1.07807600
1.10648790
0.98233928
1.07286080
1.10611860
1.16467110
1.08406420
0.92537669
0.99336160
0.99926138
1.07986350
1.13886810
1.16711200
1.14567590
1.02858410
0.86539161
1.03384130
1.02844870
0.78371166
1.15894200
1.22571960
0.93283021
0.92473494
1.09759100
0.92789050
0.99500931
1.07706620
0.87287127
0.91505831
0.99565895
1.05959530
0.95087584
0.79656132
1.00217620
1.04589510
1.16696490
1.17907860
1.10876620
0.90967226
1.01542000
1.03952210
1.07114340
0.99373735
1.08522800
0.93463376
1.06570000
1.12039680
0.93425558
0.96814457
0.95764675
1.03845820
1.03680590
1.04221020
1.12347160
1.12818230
0.94258038
0.98032527
1.02509590
1.03881400
0.96816334
1.06233090
1.13228160
1.17313890
1.14595850
0.97374011
0.98965205
1.01496480
1.03683090
1.03794430
1.20223000
1.13567840
1.06617680
1.14031330
0.98593890
0.95445422
1.04884630
1.04875490
1.10711110
1.10483510
1.11857790
1.14420780
1.09053180
0.97301162
0.93629956
1.00913540
1.23901920
1.24577180
0.98278785
1.04107080
0.87861832
1.06302640
0.98750977
1.08710710
1.04911310
1.04610610
1.00839310
0.85112872
1.01404300
1.07603800
0.98265572
1.09252530
1.17099070
1.19986540
0.98078597
1.07630340
0.95134405
1.07465140
1.11414980
1.07012380
0.92304646
0.89672547
1.08654750
1.02232910
1.20000210
1.21384230
0.92418761
1.01210370
1.06963120
0.95258868
0.97080741
1.00285210
1.02093740
1.07440690
1.02247000
1.06469390
0.91170591
0.93826944
1.02231360
1.01057540
1.06375100
1.10911860
1.22916550
0.95355386
1.08247270
1.07358460
0.95487193
1.18515350
1.20545570
1.23205340
1.02147180
1.04885240
1.08740420
1.12665360
1.19501260
1.10353990
1.07604870
1.12445660
0.97788274
1.10647000
0.98788575
1.18590040
1.04005980
0.95309582
1.20867550
1.02150570
1.10593850
1.03546780
1.08932650
1.15649620
1.22242980
1.16535370
0.97739257
1.03021140
1.05443680
1.21440440
1.10352540
0.87303303
1.02189910
1.14568030
1.12468010
1.03104790
1.00345740
0.98577833
1.04422820
0.99454868
1.04980670
1.15293330
1.17947040
1.19391250
0.96201625
1.10055990
1.18629600
1.14698500
1.14077850
1.15204780
1.17752680
0.98778587
0.99674049
1.02349770
0.95105107
1.15168510
1.05227890
1.04253210
1.02917740
1.06350810
1.09287890
1.23458360
0.95739541
1.06296850
1.07670100
1.16584320
1.02469530
1.11928610
1.11390260
1.28041320
0.97149301
1.04708280
1.08411930
1.09856830
1.06206130
1.08517540
1.13657220
1.10127790
0.89578546
1.12380560
1.11559000
1.06986000
1.11298490
0.93706007
1.07924750
1.05163500
1.06003690
1.08943450
1.11370450
1.21652420
1.13978110
0.98265759
0.95610302
0.94624117
1.11973630
1.11091780
1.07496530
1.19731410
1.25037210
1.01211200
1.09864330
1.06589790
1.02127610
1.06951240
1.11528660
1.07724480
1.01604480
1.08578980
1.06135740
0.96987389
1.03457000
1.09770030
1.01183210
1.09789790
1.00904360
1.03679440
1.02031940
1.17179240
1.07702340
1.04149790
0.98896100
1.14907780
0.98968255
1.03840090
0.98228219
1.05084250
1.00404650
1.12140040
1.08610530
1.09023740
1.15313930
1.02001690
0.99959433
1.06435750
1.12145790
1.23020620
1.18784630
0.97340605
1.02346630
1.14522130
1.19206410
1.19286400
1.20507260
1.15811460
0.97468205
1.08877220
1.13925030
1.20987830
1.10317190
1.08348060
1.15612280
1.06736700
1.05339740
1.14130510
0.98027074
1.21055400
1.15877600
0.91957775
0.98911558
1.16297870
1.08531990
1.09454910
1.02414450
0.96382668
1.30870140
0.84056454
1.00585400
1.07219160
0.99381577
1.15088620
1.07866770
0.99169456
0.88315502
1.01119470
1.05812540
1.09070380
1.04800090
1.13564640
1.26652510
1.03123780
0.93145051
0.95382819
1.00628090
1.16734270
1.02596770
1.09794410
1.03117570
1.13880860
0.91817665
0.91215354
1.00999420
1.01712430
1.02204670
0.98544406
1.04960560
0.93418690
0.95168277
0.97746830
0.93833945
0.88910289
1.04815670
0.87904884
1.02955600
1.04290930
1.09292710
1.30873760
1.22091910
1.02270070
1.07868250
1.05966860
1.08316300
1.14107940
1.17023680
1.32883260
0.94916648
1.00843560
1.05731240
1.05536640
1.04297350
1.05993820
1.22104030
1.15529650
0.97353340
0.94832570
1.03829870
1.02828680
0.96715584
1.15402270
1.13798740
0.97397138
0.95728321
1.29798990
1.07774650
1.15716860
1.01757960
1.04050210
1.05990200
0.88907163
1.22397010
1.21691140
1.10002480
1.11922190
1.30595400
1.00056260
1.07151220
1.05238720
1.06513080
1.11246040
1.03357280
0.98175267
1.12341660
1.08620200
1.07107720
0.93541662
1.06790890
1.06010580
1.15244700
1.05898900
1.11103750
1.19302160
0.97710794
1.01642110
0.96070234
1.14096510
1.00214270
1.04855710
0.98602446
1.09883120
1.10018020
0.90576706
1.03106210
0.93680926
1.05697290
1.08631180
1.15693090
1.19584100
1.08015620
1.05054890
1.17005780
1.05658990
1.09412430
1.18524560
1.04012140
1.24999060
0.96153684
0.97724094
0.94567373
0.93206328
1.16014800
1.26056340
0.97714230
1.06082580
1.05487730
1.08161130
1.13621820
1.21194430
1.15838920
1.14776250
1.11442870
1.19234510
0.93139628
0.97021947
0.93162600
1.18320080
1.19038880
1.17075190
0.89289185
0.87582906
0.94723982
1.07158010
1.17020460
1.10652030
1.11668980
1.00529110
0.99855556
1.06085220
1.16591080
0.95913055
1.03332990
1.11139080
1.03859490
1.11404910
1.06048210
1.03632380
1.16190860
1.08326800
1.03856550
1.09288210
0.95865668
1.04481470
1.15698030
1.14185710
1.05755770
0.96249517
0.95128583
0.94267222
0.95649060
1.01927110
1.24956660
0.94984086
0.86299545
1.10172880
1.03096480
0.98293189
1.12199600
1.08859590
1.25604720
0.92724287
1.13299500
1.04716330
1.06307250
1.11823700
1.11779610
1.06678340
1.09707180
1.20647620
1.09447700
1.10736200
1.08239970
1.03702200
1.21309700
1.12418950
1.20991260
0.91082889
1.02675150
1.11904140
1.08104630
1.21689800
1.22623120
1.05653390
0.99342821
1.16114020
1.13794730
1.18317540
1.05825370
1.08777500
1.03437510
1.15631550
1.20087200
1.22853680
0.88769349
0.99717814
1.10059820
0.97851551
1.08411410
1.24122580
0.90006440
1.05116030
0.99566977
1.00047340
1.22975190
1.17400720
1.12259180
1.06212520
0.95411773
1.12373540
1.05176630
1.18594300
1.23976890
1.26540410
0.88972539
0.92790494
0.89360273
1.03188000
1.04151700
0.87593090
1.04975390
1.05916770
1.12938780
1.20401410
1.23283850
1.07631780
1.01109720
1.11400140
0.96890784
0.91548200
1.17903650
1.07110250
1.12813170
0.99664524
1.08908630
1.18439760
1.09794440
0.94340218
1.12178880
1.07033950
1.00855660
1.03978230
1.08537830
1.09630350
1.07801460
1.10829970
1.21043930
1.21460480
0.97808289
1.11465190
1.07889490
1.06648930
1.15387200
1.05024970
1.10737150
1.14799110
1.06287830
1.18001090
0.91342865
0.94162717
1.04612760
1.18426320
1.12033220
1.22199600
1.10190690
1.09905430
1.08449380
1.11794010
1.08139520
1.24260360
1.14615110
0.91660162
0.95243564
0.92901144
1.08044760
1.09798800
1.14974910
1.21285540
0.88231347
0.96528941
0.81668364
0.83879204
0.94560734
1.16448020
1.02812960
1.04290570
1.10227340
0.87690363
1.02762360
1.07576280
0.90991002
1.15012090
1.17475050
1.28570710
0.99892307
1.10397750
0.97445448
1.17365630
1.03834360
1.05601020
1.08014480
1.03464260
0.89100422
0.99921413
1.09171630
0.98812729
1.13884200
1.29252000
0.92645379
1.01414630
1.08401750
1.06300780
1.24416910
1.20663950
1.01180800
1.11576940
1.08225510
1.05026070
1.06832550
1.20072390
1.12095700
1.12791280
1.05646350
1.07336480
1.05668290
0.95419838
1.00481660
1.03163970
1.11447730
1.07468260
1.07201050
0.87664363
1.05226710
1.10365340
1.06087980
1.00822520
1.08726960
1.01911070
1.01759480
1.06841190
0.99783339
1.05679460
1.24485630
1.23537090
1.11796660
1.17530860
1.15722950
1.00694530
1.20327730
1.16193940
0.92812352
0.98053322
1.16580950
0.95974341
1.00858920
1.17813740
0.89858140
0.98893363
1.09539160
1.11838910
1.31471080
0.87158591
0.97952285
1.04962350
1.12858690
1.10192630
1.07746330
1.16094000
1.06837360
1.14058340
1.00934370
1.00235820
1.07919930
1.08219080
1.13016780
1.12921980
1.08012470
1.09352030
0.97504604
0.91557603
1.09842580
1.09073630
1.13556660
0.97735287
1.22129910
1.15345160
1.11643640
1.23432960
1.13186980
1.04927680
1.08666800
1.07806760
1.18782010
1.09810110
1.04654240
1.05180510
0.93446074
1.12083350
1.12130720
1.14335750
1.17503630
1.09519260
1.18569420
0.90556506
0.99751417
1.01997140
1.12675980
1.15415140
0.94273533
0.90616104
1.09020720
0.98978431
1.23895010
1.08474180
1.02670060
0.94581358
1.08538240
1.04090690
0.93039140
1.15035080
1.08494600
1.13442520
1.00446580
0.97502509
1.12003240
1.09022230
1.16788320
1.24206380
0.94530542
1.06438080
0.96678715
1.14178120
1.19884020
1.18278840
1.03246390
1.02221910
1.03685550
0.98063136
1.12729560
0.95953401
0.96625155
0.90628300
1.05087700
0.99671234
1.17155250
1.15807480
1.20183460
1.00714650
0.93484209
0.96762884
1.03416830
1.05737220
0.93459906
1.07650720
1.00528030
1.07255020
1.10009660
0.91597614
1.13410900
1.17386840
1.14973670
0.97599348
0.90449190
0.83557239
1.04673690
1.13368290
1.06206370
0.96629935
0.97935327
1.00346270
0.97251455
0.94727437
0.99991200
0.94726241
0.98630343
1.03772390
1.04038710
1.03905510
1.11960590
1.03839460
1.00482210
1.19757630
1.10272800
1.16084950
0.94862897
0.92327796
1.04737500
1.02079680
1.01296360
1.01018100
0.99823626
0.99553730
1.17043210
1.02078300
0.90047553
1.04338970
1.09842970
1.13206570
1.05455370
1.08383060
1.09832100
0.91272702
1.07256880
1.06241830
1.09128200
1.15553640
1.10348460
1.30584770
0.98595820
1.06959600
1.00807170
0.95722618
1.13946360
1.06726110
1.21045650
1.11974790
1.01607740
0.90157075
0.96961187
1.07714190
1.07648410
1.16208410
1.14828770
1.14983910
0.90087446
1.01878490
1.05372270
1.07338320
1.15041480
1.12997820
1.22396460
0.96855850
1.10016340
1.02802470
1.05497890
1.16077680
1.26039350
0.99187059
0.98865020
1.06337280
1.11847450
1.12914330
1.17158970
1.18011160
1.27884920
0.99311729
0.83823049
0.94509013
1.04185780
1.10008300
1.17685850
0.99885504
1.10864870
1.13460710
1.04829240
1.00992800
0.93394653
1.03652930
1.10960760
1.15865130
1.26898770
1.10322970
1.08136770
1.06568730
1.08557970
1.16790090
1.03934140
0.96982573
0.94841344
1.09161970
1.10986290
1.15773620
1.03920660
1.07235010
1.12379120
1.05330720
1.04296560
1.09022180
1.00592010
1.13608530
0.98463007
0.96408888
0.95173544
0.95403450
0.99990891
1.10488630
1.09881260
0.96010260
0.99913838
1.08799580
1.03735460
1.00341270
1.09703710
0.97096495
1.03233330
1.09397960
1.10035590
1.18313970
1.03395970
1.05093170
1.11038620
1.09894810
1.05806950
0.92740041
1.02105010
0.93382355
1.02879820
0.94392856
1.08104850
1.15172160
1.13421060
0.97174961
1.06863740
1.13618230
1.08008360
1.11915810
1.06784710
1.17419510
1.23000590
0.98442293
1.01531740
1.11579310
1.15336570
1.10656620
1.00815350
1.22329350
1.18404490
1.04366250
1.01562760
0.75791562
1.06212160
0.95061863
1.09813310
1.01193680
1.05393610
1.06082360
0.99595553
1.00080140
0.99826515
0.94681479
0.96278079
0.97814917
1.06751190
1.08436840
1.11037440
1.06011550
1.01946630
1.07768140
1.09561770
1.18400260
1.20304540
0.92249587
1.06689770
1.17685000
1.03425820
0.98791618
1.10843670
1.03263010
0.96037107
1.01559510
1.10585560
1.05884780
1.13563090
1.20827870
1.14609140
0.99642684
1.06075310
1.16257120
0.97872831
0.98741356
1.21357970
0.96835634
1.19027400
0.94998448
0.99064860
1.11366280
1.21361960
0.14596541
1.02146740
0.94889629
1.03702150
0.84769134
0.97204054
0.97096459
0.96790480
1.24893640
1.07144110
0.94568130
1.02565810
1.04990130
0.90276930
1.15677420
1.31544950
1.22501860
0.90146714
1.01614080
1.01232400
1.03699730
1.27170720
0.99889333
1.00110830
1.03831170
1.13529380
1.27916720
0.87282922
1.07823210
1.01457440
1.04723040
1.15830810
1.20061060
1.21446010
0.95878228
0.98072496
0.98978284
1.01891870
1.28444760
1.22720860
0.93975649
1.00573730
1.04440280
1.14369160
1.26105160
1.09990230
1.04474550
0.89137210
1.10509480
1.26897740
0.98161373
0.86419092
0.94215046
1.06066940
1.16519230
1.19839720
1.14730380
0.89215970
1.03561340
1.11052840
0.99772595
1.02827570
1.15352270
1.09165130
1.10958340
1.03808540
0.95781773
1.12358280
1.13288120
1.30829530
1.23151170
1.26949080
0.86074235
1.02090110
1.15344160
1.04991480
1.05643680
1.08044020
1.03990880
1.18788490
1.01681590
1.00737390
1.14267940
0.96538368
0.85496411
0.98545317
1.04983190
0.97946611
0.95404754
0.92019121
1.06517690
1.00722330
1.17288160
1.17263530
1.10664840
1.15841410
1.00774080
1.16841710
1.05169120
1.14779070
1.15199730
1.11738270
1.12103370
1.09813670
1.14086810
1.07617650
1.02934110
0.97362630
1.03756070
0.89368431
0.85623064
1.03714130
1.09924080
1.13541170
1.34143650
1.03021050
1.03377900
1.03490310
1.08583770
1.07334590
1.08443810
1.12833060
1.12456180
1.06251330
1.24074840
1.27126280
1.14373280
1.11275790
0.99522214
1.20586020
1.24041750
1.13618290
1.09312160
1.03061320
0.98592574
1.06812390
1.12498460
1.12342020
1.18787900
0.86856657
1.02003900
0.91612080
1.25091290
1.08560150
0.99361230
1.10623130
1.28437170
0.95202868
0.97461296
1.06224330
0.92616432
1.03483550
1.14240020
1.11838660
1.00366750
1.06526590
0.94808367
1.01759310
1.03163690
1.11542530
1.15583280
1.18387540
1.20865930
0.87177002
1.06704720
1.09827920
1.09748600
1.18488080
1.29583080
0.91721414
1.05848110
1.07051370
1.06697790
1.06765810
1.03052780
0.87505903
1.06788440
1.00462560
1.08502590
1.08095960
1.10491770
1.13272120
1.01110840
1.04021710
0.90453238
1.08680260
1.05709090
0.96896845
1.12783480
1.02380200
1.15128700
1.17356600
0.89531871
0.94435919
1.05658730
1.08304030
1.10239970
0.94210519
0.87301422
0.91917618
1.06325640
1.02431600
1.07995530
1.18442870
1.10281760
0.82886263
1.02574160
0.96165878
1.00730260
1.03627630
1.00023060
1.00492340
1.07175970
0.98877860
1.07313510
1.08164850
1.10510150
1.11500370
1.17555340
1.05174210
1.06415650
1.12497930
0.94925236
0.94928829
1.06231080
0.99977976
1.08310580
1.15483560
1.18315360
0.90737843
0.99948305
0.99406366
1.05183120
1.12032670
1.14298190
0.98594084
0.97624923
1.05581050
0.94061327
1.04226840
1.12101910
1.11429740
1.12780150
1.01916560
0.96948627
0.95291747
1.09404510
1.07890340
1.06667660
1.03077500
1.13250560
1.05248450
0.94983179
1.05616160
1.01423680
1.08403450
1.05674810
1.06734570
0.95953530
1.03645210
1.07487130
1.11954070
1.11024510
1.13635860
1.23362900
0.91653172
0.93090852
1.03661730
1.04274080
1.08530190
0.97319674
1.04937320
1.08888970
1.07305210
1.03121160
1.08073550
1.10088040
1.14065830
1.23563150
0.91420254
0.94654888
1.05296230
1.06695360
1.02472520
1.18230390
1.05087200
1.04460880
1.06024940
1.10205360
1.03530120
0.95103793
0.99578772
0.84962971
0.99709762
1.00188270
0.98387404
0.99223007
0.96012364
1.18897790
1.03012670
0.90429603
1.03162080
0.98264196
1.00417270
1.22151360
0.96060635
1.07077210
1.20605710
0.87512081
0.98671594
0.99755007
1.05599350
1.24447740
1.16528660
1.09974010
0.89631318
1.04658990
0.99320026
1.04775990
1.03580170
1.10505420
1.20421330
1.04623690
1.06755970
1.06785920
1.20719370
1.14867230
1.16577580
0.91837439
0.99977347
1.08597400
1.07947880
1.21382400
1.13530830
1.22973950
1.21505460
1.06921260
1.00147020
1.02036050
1.17328450
1.24438900
1.17117810
1.01968950
0.81817289
0.91860795
1.01012000
1.33153100
1.29222040
0.90201815
1.04096460
0.91941627
1.09535430
1.04552950
1.14401350
1.16756430
0.98716310
1.14273480
1.09814760
1.10240910
1.01881030
1.17963960
1.16838880
1.17554820
1.01609390
1.12751840
1.10427390
1.08740660
1.15781100
0.88936424
1.02003130
1.00299580
0.97338719
1.11348040
1.07384850
1.06453920
1.20403090
0.84420848
1.04008020
1.04005780
1.05793310
1.09995900
1.21328200
0.97622747
1.01780030
1.20200330
1.06546760
1.23319130
0.91898070
0.90091618
1.00735010
0.96220854
1.10940700
1.03875400
1.12752180
1.13707000
0.91420576
1.09153050
0.97856190
1.01262700
1.11312340
1.19303970
0.96489833
1.11808010
0.92271945
1.01535400
0.98878980
0.96532233
1.00624690
1.00955260
0.97134956
1.03578180
1.06016130
1.04897820
1.16536180
1.12062720
1.17784970
1.15996940
0.94599389
0.98380123
1.03236900
0.99233077
1.05859600
0.89650118
1.06896330
1.14623160
0.85748001
0.91626244
0.99524950
1.05541110
1.17379190
1.22613300
1.26324140
0.92062521
0.96811840
1.02350600
1.09337470
1.19399350
1.15488580
1.03647740
0.97800161
1.00849120
0.99739845
1.14574090
1.08534580
1.12604480
1.20274150
1.02371070
0.95617902
1.11837300
1.06596060
1.14686530
1.19686640
1.00614830
0.91783461
1.03028080
1.05017450
1.20048030
1.07516950
0.93377612
1.04509490
0.98646508
1.08437230
1.24820510
0.96024982
1.01513710
1.00165800
1.08893930
1.05961090
0.92884736
1.11444100
0.93549062
0.88004169
1.04553840
1.13566540
1.27445960
1.02264160
1.04784230
1.00168380
1.05055440
1.19129410
1.03216770
1.12328790
1.04330440
1.11069320
1.22011900
1.20407740
1.13625470
0.98600982
1.02943870
1.00243620
0.94492014
1.08600330
1.03227000
1.07536900
0.97200061
1.12272100
0.92769306
0.95860826
1.04881090
1.12911660
1.13328200
1.04468620
0.97236097
1.12561420
1.16820720
1.05646960
0.88421546
0.90008848
0.83522335
0.89942256
1.15135290
1.20418670
0.80678192
0.80620565
0.92964884
1.26398050
1.30303320
1.28604380
1.01461570
1.01432600
0.95875534
1.08573890
1.08468310
1.03024690
0.93895390
1.03279490
0.92145063
1.10552710
1.00584530
1.14297640
1.15248930
1.26606910
1.03728080
1.12250770
1.18428330
1.14408260
0.97652428
1.01285730
1.09699220
1.12798020
1.18823640
1.30414790
0.80503687
1.05847870
0.97066440
0.99228973
1.20045970
1.24629680
1.05996920
1.16288010
1.02471690
1.08879170
0.89987065
1.05052270
1.06164610
0.95841750
1.17907630
1.04213380
1.13472180
1.14991230
0.92365512
1.00422930
1.13892280
1.05308510
1.18313830
0.80540140
0.93663736
0.94373786
1.10794900
0.95730193
1.01744100
1.04718970
1.10559720
1.08850680
1.02212790
1.14377110
1.13101060
0.98020030
1.13968980
1.12146590
0.98840446
1.02316720
1.08048940
1.18358830
0.98811424
1.00482430
1.13570590
1.08917910
0.94203741
1.27622090
0.90503291
0.99901492
1.04538050
0.96969396
1.13221170
1.18143280
1.09035790
1.13952620
1.03756810
1.10047950
1.02052650
1.23271370
0.98695750
1.06481300
1.09259310
1.04715960
1.17394510
1.15104760
1.11936390
0.84228191
1.07167450
1.06855960
1.09438160
1.07107780
1.04654840
1.04576470
1.14009330
1.09811470
1.02892580
1.05096460
1.10479030
0.94995100
0.90644484
1.17501610
1.19401680
0.97290088
0.93938996
1.05923380
0.91117023
1.07365970
1.02504720
1.20919680
1.20152430
1.09058900
1.14429960
1.20564300
1.14199660
1.33747440
1.01354440
1.01830210
0.99385845
1.07116210
1.16755350
0.91686706
1.12078060
1.13900670
0.98224934
0.95348012
1.22570950
1.12057310
0.84649749
1.08879060
1.07701790
1.12331740
0.89603209
1.16184100
1.09571130
1.23196520
1.04725810
1.09538690
1.14574740
0.82965548
1.02010900
1.04578380
0.99255201
1.11110340
1.05481510
1.14602550
1.11136680
0.97522160
1.00568300
1.06488410
1.10974610
1.06198930
1.14421230
1.04593430
0.99380250
1.04817770
1.07222920
1.12041550
0.97245999
1.09668910
1.15214270
1.19728910
1.00227580
0.90798409
0.99044679
0.98733464
1.13786230
0.99475954
0.98782296
1.05912370
0.96590466
0.93527425
1.08669680
1.18065760
1.23461630
0.98695005
0.85863902
0.99310804
1.00813570
1.03787800
1.06430970
1.03141040
0.87279699
1.08454970
1.05937600
0.84815467
1.00566500
1.10267530
1.11222650
1.04080790
1.15773490
0.99772698
1.08845520
1.07164230
1.00062110
1.00945230
1.10999170
1.14675810
1.20418870
0.98416407
0.98212739
1.13435610
1.05421960
1.00934940
1.14116050
1.17004040
1.09513200
0.90566652
1.09487650
1.06047260
1.15604230
1.17642260
1.25747710
1.20116920
0.97006842
0.86702528
1.06059120
1.07271400
0.99947127
1.03527150
1.00326770
1.08643560
1.13858350
0.87118270
0.92319378
0.89262920
1.03913450
0.97138223
0.96976374
1.03489160
1.27122090
1.21474070
1.05885650
1.04543710
1.03067520
1.10411320
1.12078420
0.91456043
1.14809370
1.14358910
1.03340860
0.86270423
1.12540720
1.13038830
1.06425930
0.96646321
0.98946279
0.88010909
0.99811626
1.07933340
1.20052490
1.13970740
1.08395070
1.06852470
1.01876420
0.97419935
1.34722790
1.26492940
1.06905220
1.09886590
1.09688650
1.05042620
1.20854780
1.14717280
1.22975530
0.92170574
0.98134350
1.02095230
1.09857620
1.07576960
1.08233190
1.30116660
1.05452640
1.01183920
1.01133680
1.17750600
1.11045410
1.11400090
0.95702884
1.20647370
0.98411721
1.01351470
1.18415380
0.97658214
1.13391950
1.06471820
1.15041180
0.94798625
1.13624480
1.13444780
1.07118210
1.21029340
0.98092831
1.08500860
1.08060010
1.23598500
1.12098260
1.02972810
1.01290780
1.05829750
1.01549970
1.10936540
1.04531320
0.97715670
1.08750110
1.02678410
0.93618944
1.02607010
1.06046780
0.98995724
1.15861050
1.15856250
1.04144860
1.04265760
1.03323280
1.09923390
1.10336370
1.13578470
1.10002670
1.12983610
1.13315760
0.93828451
1.07949750
1.01364430
1.12698850
1.03647310
1.00213310
1.02339380
1.11692830
1.03430350
1.05720200
1.00871170
1.02884760
1.08153730
1.02626210
1.13604730
1.16903470
0.84622796
0.82158146
1.01388840
1.06011730
1.13724470
1.02351420
1.12020600
1.20464070
1.16967940
1.08145730
1.25199270
1.22408310
1.30198800
0.92900511
0.95961914
1.02635740
1.16421660
1.16706430
1.31302000
1.04294760
1.01969370
0.97519352
1.04386360
1.10294520
1.09226630
1.04863600
1.10563510
1.05675560
1.03871440
1.14438310
1.05318460
1.00283310
1.16562370
1.16712430
1.07791640
1.06171560
1.22181950
1.02363130
0.89680812
1.00346370
1.08740860
1.24554180
1.09370550
1.27288740
0.96312703
1.17180490
1.15900230
1.09545360
1.09681920
1.16694720
1.14839570
1.05440260
0.88815417
0.88332230
1.01197070
1.31771270
1.08044890
0.96065910
0.96514861
0.99741431
1.02040970
1.05746080
1.23055710
1.10753770
1.15368780
1.07579950
0.97158070
1.06964380
1.03962210
0.91680734
1.01899160
1.08476880
1.26068850
0.93935722
1.01554060
0.94640593
1.10105020
1.12857360
1.14865220
1.10777900
1.28225130
0.89701618
0.79903586
1.00469860
0.88758073
1.18942730
1.22807520
1.00760900
0.99217844
1.03677340
1.00927440
1.09211850
1.03750490
0.97801445
0.87724094
1.07922710
0.95040758
0.96429720
0.98923761
1.14209150
1.04415020
0.89657949
0.91141746
1.06432690
1.03353790
0.92807381
0.82167521
0.99148355
1.07244290
1.11186850
1.16591650
1.20309510
1.26333740
0.82853255
0.85187844
0.93580950
0.91199555
1.15879960
1.20547780
1.15316680
0.92081155
0.90864920
1.13086500
0.99549315
1.11563650
1.07276620
1.20623980
1.24605260
0.91698886
0.98604519
0.98282666
1.08680560
1.13926000
1.18107530
0.91677936
0.86155027
0.97538858
1.01052840
1.07437170
1.01864460
1.06251460
1.09780490
1.01801650
0.98496624
1.02402860
1.09825120
1.08348090
1.10642160
1.01330890
1.08466470
1.23219350
0.98508536
0.83214645
1.10248560
1.16723170
1.21806680
0.96489109
0.93401180
1.06199290
0.93734646
0.99135560
0.95214065
1.04652210
1.06763780
0.96723174
0.95968007
1.04164650
0.92806010
1.05856820
1.12951930
0.99730413
1.06458730
1.02919940
1.09779730
1.13722620
1.05849830
0.96040478
1.04054630
1.14581320
0.96821272
1.08126100
1.12563140
1.06980190
1.18539340
0.94215549
1.21478390
0.92827457
0.88209677
0.86050977
1.04650190
1.23331580
1.00674650
1.15401120
1.07502110
1.10289310
1.02359530
0.92269718
0.95002978
1.03906870
1.20386350
0.93553879
0.99873464
0.96909662
1.04697010
1.11510640
1.13885720
0.86168702
0.93102950
0.97909592
0.96721603
1.09489190
1.13996220
1.28404070
1.03718460
0.97489063
0.98584200
1.03010550
1.01497810
1.01994390
1.00088390
0.97521938
0.93596116
1.06145060
0.94934129
0.98383647
1.08517170
1.05110850
0.87252041
0.79357972
0.91961465
1.05308990
1.04571320
1.10589810
1.22620810
0.91491791
0.93867808
0.93379210
0.99030585
0.99778696
1.01721560
1.05714580
1.10413650
1.21381770
0.90924319
0.99328359
1.01415820
1.05983220
0.98107819
1.06905630
1.13078380
1.04531710
1.15571910
0.79703993
0.90873877
0.91525502
1.03741180
1.02977250
1.07410360
0.96545003
0.96682925
1.05745390
1.04244670
1.14444750
1.14396870
0.99149824
1.23273690
0.98528459
0.98759180
0.97828063
1.07764470
1.12976180
1.13767450
1.05566480
1.01255120
1.16634320
1.10418070
-0.06583014
1.05366950
1.03303480
1.13249660
1.07453950
1.11963990
1.18117410
1.22282980
0.71045068
0.95053026
0.00030839
1.26440680
1.21883370
0.89875097
0.99790831
1.12416230
1.13851990
1.23297050
1.19884870
1.18461990
1.25934080
0.93467232
0.99659706
1.08656190
1.03294870
1.06255310
0.96103688
1.15570060
0.98620072
0.99267743
1.12416390
1.01168510
1.13567260
1.19094290
0.94612800
1.07766120
0.95081004
1.28701880
0.96089805
1.00773680
0.94096758
1.18899480
1.22868650
0.84443527
1.02611340
1.05066340
1.10210090
0.98429627
1.15678400
1.07587290
1.10289790
1.01251310
1.01547680
1.09423630
1.13819910
1.15718100
1.23133610
0.94444596
0.98329832
1.12806010
0.93435871
0.84430458
0.95723351
1.18768290
1.17467220
1.00997320
0.90233783
0.99143611
1.08849330
0.95086258
0.94348025
0.93186313
1.19639280
0.99580004
1.15104470
1.20234980
1.01356960
1.08389130
1.11096040
1.00479390
1.13241790
1.09246370
0.98416466
0.90424399
1.11265580
1.17301550
1.08867880
1.11933310
1.20232690
0.89537072
0.85354606
0.97872885
1.01432040
1.04694500
0.96581310
0.92018660
0.99182570
1.00258270
0.92459657
1.02169280
0.94245886
0.99295156
0.97533915
1.00447650
0.99696690
1.05623070
1.23287050
0.88784240
0.97932563
0.83269252
0.95115679
1.00000970
1.00269990
1.15256540
0.99151262
1.11747200
0.96778509
1.20208300
1.11168550
1.23012940
1.12621340
1.00682960
1.06716390
1.00495160
1.04173530
1.10390270
1.13338200
0.97347075
0.97050474
0.93564295
1.01680430
1.14772030
1.08017440
1.20022600
1.07245850
0.92395059
0.99507568
1.04717510
0.93304770
1.03401690
1.13404490
1.07784760
1.02461520
1.04959230
1.09810850
1.11434660
1.14832600
1.02867910
0.95606514
0.89850389
1.04464110
0.93434832
0.88376580
1.11894350
1.02430420
1.06996320
1.09223300
1.06751500
0.95864135
1.11889730
1.13558610
1.08707760
1.10040050
1.22697870
0.70018829
0.87208174
1.01944700
1.14815680
1.11401010
1.03399240
0.95076872
1.06780180
1.01772080
1.11936300
1.11326160
1.11033650
1.01451520
1.00149010
1.02536050
0.97570082
1.09200000
1.08892210
1.04940380
1.06266100
1.13036930
1.07339690
0.99464775
1.11563240
1.10433660
1.06652910
1.20072150
1.14759330
1.23945790
1.28211070
0.92146377
0.92515465
1.00918460
1.08538080
1.11825900
1.16283050
1.18064440
1.06307820
1.09315870
1.15635170
1.12824430
1.24140250
0.97441295
1.09127380
1.14084250
0.99776562
1.02042460
1.14702520
1.12499230
1.15968100
1.18851720
0.98117993
0.88770738
1.04999060
1.06363180
1.14733190
0.99603929
1.17263750
0.94141259
1.02864780
1.02202210
1.07535570
1.14120110
1.09024820
1.06006660
1.20257160
0.82599563
0.88518561
1.03854430
0.96747210
1.16041320
1.24459740
0.88129733
0.93265971
0.98721576
1.08546140
1.14326810
0.88359578
0.99887013
1.07098570
1.07055860
1.06884280
0.90553601
1.02777640
0.98467401
1.07232380
1.18741450
0.72535512
0.84856196
0.94500936
1.07480240
1.19469970
1.22094840
0.98743158
0.98722373
1.13539760
1.10851310
1.15470760
1.21291690
0.84564286
1.11902800
1.02588940
1.06890280
1.02428320
1.17427940
1.04035110
1.15789970
1.13547810
0.95593508
0.98842867
0.97556989
1.01623940
1.00604170
1.03927690
1.17064690
1.11825280
0.77417168
0.95808767
0.86535198
1.07598360
1.04600310
1.13907540
1.04447740
1.10978900
1.12985910
1.08623760
0.95005513
1.01076830
1.04391320
1.17688060
0.93635316
0.91838879
1.26440080
0.91642809
0.96609610
1.07415320
1.20669680
1.19398040
1.22595490
1.15095200
1.27102760
0.89987725
1.01893030
1.12973090
1.18180400
1.11939760
0.99946168
0.98700946
1.01976330
1.11680250
1.16114760
1.24850120
0.88541491
0.88327768
1.00551630
1.04763520
1.06699640
1.17083060
0.88794952
1.02435520
1.10180380
1.05430610
1.10818910
1.15839840
0.79606119
0.99684679
0.89067206
1.03122020
0.97848470
1.08524760
1.10704550
1.10154040
1.11297490
0.87996116
0.95932960
0.99028864
0.98817058
0.97127227
1.18124820
1.22266640
0.97556002
0.98484677
1.11648260
0.93557648
1.07726760
1.24940450
1.12151910
1.07066540
1.19235130
0.88747078
0.90617281
1.08852240
1.05111830
1.03171020
1.19675760
1.26442040
0.84399922
1.00455950
1.11211150
1.12058300
0.93249396
1.16672730
1.28477460
0.90574397
1.04199820
1.07967370
1.18436550
1.25835840
1.16500040
1.02067660
0.94528623
0.93668424
1.07216580
1.02251270
1.10557130
1.20139480
1.23506920
1.00592260
0.97516701
1.06367700
1.07263210
1.08724570
1.22721900
1.10166510
1.23006620
1.05573380
1.06294190
1.05442730
1.12047070
1.05592060
1.03739140
1.13685170
0.97851720
1.10237920
1.09261980
1.07538510
1.06424410
0.99822135
1.08253400
1.08374170
1.00903510
1.03399800
0.99545752
1.04607550
1.00815730
1.06602100
1.09549370
1.11996830
0.97912166
0.95042083
0.88100298
1.08787060
1.11979340
0.92647908
1.05589870
1.05048810
1.15702850
1.08248000
0.98728103
1.05724650
1.08612420
1.03238400
1.18753440
1.00671840
1.17879960
1.09941100
1.13961430
0.98719829
1.13547800
1.07748320
1.02130430
1.04827490
1.13412730
1.00291360
1.09096180
1.16676780
1.00744440
1.06606730
1.01268640
1.16850450
1.03394020
1.21651170
1.06629170
0.96974155
0.96612802
1.17580240
1.06760580
1.00423460
0.93029170
0.94161846
0.96653848
0.89413257
1.05618400
0.95235425
1.08818680
0.98943904
1.05539710
1.07516740
1.15652700
1.06707870
1.08712690
0.92107265
1.02101800
0.96430393
1.00660720
1.10332770
1.13903250
1.12606510
0.99049894
0.94170930
1.01363920
1.05495770
1.09983140
1.18223080
0.99154548
0.97366970
0.84671872
1.07862600
1.16298260
1.08223520
1.10121140
1.12215550
0.95556530
1.02543110
1.13506920
0.90150208
1.10796780
1.20582810
0.85130763
1.11625100
0.94865763
1.04562060
1.04156780
1.03608940
0.94513128
1.17458290
1.07685870
1.37176970
0.91165421
0.98957085
0.94358741
0.93643229
0.97243394
1.21936240
0.93212857
1.08853890
1.10613130
1.03770410
0.94605957
1.00395910
1.00957010
1.13084940
1.05185550
1.03715320
1.00373410
1.05830860
0.89653459
1.12639560
1.14584880
1.06571940
1.16780030
1.00585720
1.13028370
0.93386730
1.00568700
1.08405610
1.04954570
1.12534040
1.03128320
1.15852170
0.97388386
1.00094520
1.06047080
0.99267893
1.12566490
1.11558830
1.13203100
1.16525010
1.11190610
0.97027632
0.92396351
1.10352180
1.10309790
1.13276490
1.26161930
1.18594330
0.83034453
1.00032050
1.11393110
1.01243580
1.13987830
1.15803080
1.25685360
1.23173410
1.03602730
1.03624180
1.11721170
0.97059958
1.08106080
1.15206980
1.21791780
0.95034817
0.95445587
1.19270820
1.08133230
1.20230110
1.18943160
1.20294970
0.99070174
1.01061850
0.85364249
0.96743724
0.97899901
0.97336848
0.97046396
1.04503460
0.89748609
1.04175320
1.02835670
1.10972870
1.15755340
1.09249220
1.21435810
1.13534250
0.87378105
0.95860190
0.96922709
1.05750540
1.25430250
1.24171090
1.20940610
1.08533440
1.10027300
0.97936997
1.08210450
1.01140470
1.17208890
1.20147390
1.22015010
1.11182770
0.78192859
1.05080490
1.02506820
1.03734850
1.14233130
1.15320730
0.96762298
1.02232570
0.92019494
1.05861970
1.10080740
1.12672120
1.20229840
1.07833730
1.12607110
1.04431800
1.19416420
1.09890940
1.29794530
1.32478350
0.98702124
0.98880072
0.94404762
0.90122882
0.98818519
1.15053900
1.14743460
1.16444110
0.92993879
1.15450340
1.04575740
0.91448053
1.05239400
1.08247480
0.91525555
1.03591540
1.21960910
0.98795212
0.87189473
1.02892260
0.99672807
1.03574660
0.93676314
1.04479600
1.12298100
0.98479326
1.01358440
0.84695473
1.08088530
1.01823700
1.06982960
1.13580320
1.26467800
0.89527801
0.96909546
1.00054980
1.08544700
1.09104520
1.15336670
1.02012020
1.00771900
1.13932020
1.03316830
1.16722860
1.09167700
1.25944190
0.93513746
0.98952859
1.03846100
1.09278770
0.99553825
1.05595820
1.03878490
1.04890990
1.07863510
1.11032930
1.13441730
1.10929620
1.11577810
1.16104560
1.26123490
1.07904760
1.12288660
1.08476860
1.09955310
1.14493020
1.11953000
1.20881660
1.24666880
1.03663230
0.96254603
0.97909830
1.23189280
1.09073940
1.01267890
1.00449000
1.04720540
1.12876740
1.12181830
1.18186930
0.88081661
1.01604350
1.00456800
1.20279860
1.21400700
1.24718910
0.06316438
0.99009518
1.03188940
1.03966340
0.94661938
1.13558630
0.87199732
0.98049348
0.99332788
1.09043320
1.11443920
1.15230600
1.15259300
1.02643770
1.21860900
1.07852240
1.00852760
1.04581000
1.08712820
1.12055220
1.15474200
1.07708190
1.12408720
0.85997393
0.86106976
1.08181540
1.17866790
1.16165320
1.25742820
0.98723429
0.99907140
1.02384220
1.07805540
1.17584400
1.15923750
1.14586190
0.93562303
0.82969940
1.09186350
0.96325689
0.95885832
1.05482980
0.88091775
0.92035847
1.21065410
0.93230674
0.95757090
1.03150240
1.04966320
1.14859260
1.21232430
0.98852665
0.96875461
0.91298092
1.03681030
1.07255250
1.04704360
1.04009300
0.86091332
0.99311680
1.04063920
1.19515000
1.21182210
1.28111380
0.94798047
0.84935193
1.05013610
0.91270176
1.11382260
1.09077930
0.91863267
0.94872542
0.97673113
0.97604022
0.98617669
1.08926550
0.99363366
1.03801160
1.12683120
1.07264430
1.03301310
1.00209990
1.04756040
1.11810440
1.03377920
1.06788800
1.14817530
1.10930920
0.90028108
0.99681486
1.05624560
1.04100520
0.97590678
1.12395200
1.20441450
1.03045800
0.97865008
1.05068210
1.02208160
1.01099550
1.10976020
1.01270110
0.94698844
1.06914020
1.00134350
1.05533300
0.97843057
1.07967170
1.12561280
1.06394490
1.16795260
1.12028000
1.25776320
0.87716108
1.05229140
0.96253114
1.05884760
1.10432560
1.13659580
1.11300930
1.15270150
0.99599798
0.98108807
0.99629213
0.97544987
0.96995092
1.17458950
1.01000300
1.09379720
1.07174520
0.81401075
0.98129997
1.01734510
1.03249670
1.16456490
1.19762500
1.01082120
1.05064210
1.00995750
1.11422180
1.16437020
1.14043400
1.25197280
0.91494590
0.99943603
1.04668410
1.07782560
0.94983368
1.25672150
1.10519540
1.25121640
1.22907960
1.17046590
1.05656660
1.14103940
1.04218520
1.03413240
1.17176950
0.95735379
0.98091528
1.13293710
1.19584930
1.24735230
1.21837730
1.19016260
1.08998900
1.06455930
1.03764670
1.19221520
1.03862620
1.02686470
1.02589830
0.98076156
1.17183080
1.11747210
1.01922510
1.17248400
1.29961940
1.06432160
0.98868018
1.07391960
1.05053750
1.18970360
1.23678780
0.90825164
1.03448540
1.02870240
1.02742870
0.97153971
1.08888280
1.24279590
1.10956170
0.89603125
0.94868246
0.91176355
1.17131210
1.16198580
1.14024440
1.20536430
0.89615271
0.98048436
0.97120667
1.08855380
1.11365890
1.13750050
1.06137540
1.17070490
0.90389702
0.91785291
0.92453960
0.87664537
1.05458390
1.20735980
1.12441970
1.00049880
1.24714880
0.89884447
0.99980012
0.97636481
1.06939750
0.91671217
1.14330480
1.08616550
1.06992570
1.16254880
0.92458676
1.11293430
0.99977739
1.12501180
1.08708340
1.16353850
1.19531790
0.91677569
1.04924480
1.06589360
1.14106210
1.03524710
1.11723930
1.14049940
1.16515970
0.99817670
1.05373640
1.00088430
1.13169600
1.17222710
1.05931520
1.16981530
1.14939920
1.11019560
0.98285632
1.02793760
0.86349953
1.02705110
1.03833050
1.15762060
0.98418371
1.05962420
0.93310702
1.24842980
1.12240080
1.08034880
1.10872160
1.12455650
1.23675420
1.16350570
1.19327500
1.06343780
1.00595100
1.03233640
1.14252820
1.06230960
1.12931510
1.07581860
1.07623910
0.95386713
0.94083644
0.92581508
0.96748426
1.18980760
1.08447740
1.10593740
0.90502086
1.03055880
0.96149878
1.06687700
1.18920150
1.14385110
0.95930855
0.91242226
0.90158289
1.03463870
0.90110846
0.90300231
1.06620400
1.15233220
1.11528800
1.02488340
0.86562216
0.96770013
1.00814690
1.09949490
1.11752570
1.16392520
1.18954890
0.88302202
1.04306430
0.92058175
1.06096370
1.13947580
1.04726390
1.12780960
1.21320770
0.88398840
1.01348520
1.14779570
0.96378048
1.00982980
1.07558450
1.15965380
0.82480202
0.89740654
1.02822100
0.83742217
1.00636240
1.00062830
0.92028157
0.98525826
1.11473110
1.16056240
0.93479381
0.96350591
0.93306867
0.94140640
1.04581390
0.98934418
1.16514330
1.05581400
0.98933768
0.89461354
0.97333087
1.00643340
1.07159660
1.09261490
1.07936430
1.02620330
1.10824460
1.15198860
0.78585698
0.99123483
0.98420174
0.93175431
1.08691920
1.09901230
1.08241180
1.06735340
0.99775690
1.05889670
1.08328840
0.94853564
1.12591010
1.06570180
1.02413620
1.06168400
0.96769293
1.03603520
1.02232820
1.04259690
1.08184750
1.20867030
1.12430620
0.90974625
1.07124690
1.14458660
1.00582090
1.14034070
1.06045770
0.90822105
0.95966863
1.04118460
1.16661350
1.17108870
1.18252580
1.24833080
0.88133668
0.93017421
0.87013775
1.07380470
1.09678800
1.20344910
0.95036524
1.05365970
1.00579010
1.13081020
1.07120090
0.95146527
0.96581581
1.04567340
1.09178390
0.79861793
0.92007258
0.91806560
0.89128228
1.04424140
1.02728830
0.96298283
0.94228748
1.17246030
1.02409660
0.93715934
0.99297031
1.05457670
1.08927710
1.11475240
1.07905170
1.16529280
0.88515152
0.98652297
1.03821810
1.05292330
0.94430716
1.06561240
1.06658100
1.12012750
1.10129800
1.11052540
0.81528730
1.09999780
1.07849260
1.15915920
1.03687450
1.17175570
1.11140010
0.93276324
1.04628810
1.00573840
1.13698570
0.87731196
1.08503350
1.19635400
1.02307470
0.95546464
1.02081780
1.10167580
1.03406410
0.89860042
0.73606951
1.05646770
1.10989240
1.12735790
1.10580240
1.10407590
1.02043060
0.89776375
1.13408140
1.05619060
1.32897150
0.87796779
0.90479437
1.10202560
1.05825690
1.08799810
1.09409850
1.10502860
1.18058250
0.86894888
1.00184260
1.17847190
1.02375730
1.17247750
1.16666670
1.02285770
1.19592030
1.16256750
0.85376864
0.89927764
0.91337804
0.96557743
1.11814370
0.99024674
1.12435640
1.18314230
1.03159490
0.97568832
1.06372800
1.04877800
1.07480560
1.12286740
1.08847310
1.12788720
1.10091490
0.96463711
1.08518060
1.09655200
1.05974660
1.10114530
1.05424850
1.16613180
1.19869490
1.11189220
1.02167020
1.04600940
1.11045980
1.05105890
1.13352130
1.11209170
1.09687510
0.99464942
0.96983683
0.98796875
1.02806130
1.09665120
1.05653990
0.92379275
1.05403780
0.99745398
0.98869576
1.11803790
1.07280150
1.10166350
1.13574010
1.11706760
1.11665950
1.02046810
1.12029920
1.04677110
0.90870688
0.99580949
1.09117300
1.11109590
0.90155576
0.98899986
1.06607290
1.10647030
1.19015020
0.95539871
1.19323790
1.10588780
1.20896920
1.02907400
1.15734740
1.13463580
1.22917580
1.16370110
1.11737650
1.18365720
0.97504144
1.16131870
1.06468380
1.05320330
1.27182510
1.24370600
1.12070200
1.14441750
1.29318560
0.90567838
0.91719027
1.01615010
1.02746310
1.23211180
1.10490320
1.09512760
1.14129840
0.93059080
1.00000340
0.96319811
1.08684260
1.08781670
1.14984280
1.06310190
1.07161410
1.14716530
1.00221320
0.99300177
1.06374580
1.00360550
1.06765250
1.03857350
1.09880720
0.90673060
0.87728357
1.05030040
1.04774990
0.87018511
1.11122270
0.88623580
1.01805330
0.98336692
0.93962855
1.13469990
1.00093580
0.99017043
1.05994710
1.12978740
1.01779390
1.18959610
1.01297020
0.93211682
0.96465208
1.10833010
1.02541570
0.89841032
0.98018646
0.99504033
1.08603890
1.27419360
1.11988730
1.25073530
0.93334835
0.96010359
0.96659837
0.88984970
0.98330068
0.97963874
1.04264160
1.06667780
1.12673990
0.91154746
1.01668660
0.97243247
1.07627560
1.15212350
1.03791360
1.12362230
1.15586030
0.98873028
0.92353704
1.01049330
1.13249400
1.06646600
1.12818930
1.02510160
1.20717690
0.85282644
0.88401662
0.94181551
0.98450451
1.11023100
1.13530000
1.14943410
1.12977500
1.10787030
0.91495879
0.99986943
1.04914070
0.91418800
1.00562600
1.02612680
1.01050940
1.00312970
0.97583421
1.04043170
0.82138870
0.87189390
1.00399540
1.01613510
1.05330070
1.07919250
1.05305480
1.11169640
0.90567534
1.01622970
0.99576374
0.95117147
0.90975157
1.02453340
1.01868790
0.99399607
1.06564030
1.03019300
0.93156617
1.04924670
0.92241024
0.98535337
1.06296530
1.02348170
0.99344313
1.12565070
1.13399970
0.83133483
0.91097385
1.03513120
1.06434740
1.03224650
1.10280060
1.15760150
0.85923693
1.02435810
0.95549994
1.04817740
1.12367710
1.03367930
0.90931206
1.21079350
1.12374830
1.24631000
0.88338960
0.99261944
1.06741230
0.94222951
1.05838130
0.98345762
1.02024360
1.11651620
1.04938230
1.05252080
0.97650446
1.10729060
1.17384430
1.06972780
1.04942810
1.18263680
1.00576020
0.97235262
1.04105660
1.07663100
1.04825030
1.07395270
1.11558220
1.17577010
1.16513230
1.08453380
1.07060500
1.09391550
1.17788960
0.98805997
1.21850980
1.12162670
0.82012067
0.97799295
0.98177115
1.07114200
1.03361340
1.06397410
1.14681050
0.92487365
1.09153770
1.20229410
1.06471260
0.99691313
1.03393370
1.03679570
1.11861120
1.11335220
1.12531670
1.05948850
1.23008240
1.20760100
1.12753170
0.95928975
1.16742510
1.18122570
1.08148130
1.11140300
1.14306390
1.14009610
0.99700333
0.96147088
1.04708080
1.04929610
1.03614440
1.06700760
0.99044686
1.04567170
0.97301325
1.11991580
1.15739250
1.10535700
1.19553480
1.06562990
0.95084842
0.99343068
0.96893521
1.12082920
1.04869060
1.08074000
0.95173112
1.11581500
0.98207268
0.95358807
1.10164860
0.99810572
0.96324050
1.15699520
0.91310217
1.01267310
0.92586737
1.11992700
1.04698090
1.18564870
0.83532640
0.93260896
1.07688570
1.06679600
1.08499930
0.94700380
1.06692930
0.89742098
1.16650800
1.08981620
1.07706480
1.16505020
1.19294780
1.03508940
0.98875366
1.05332730
1.00992790
1.04747440
0.90987767
1.05581320
1.05712530
1.11447190
0.95576317
1.07103480
0.95155261
0.90931589
1.08679990
0.99761059
1.02237540
1.03288880
1.05518530
0.98496906
1.00469120
0.94298148
0.95319748
0.95960569
1.10539750
1.11705910
1.25560520
1.04316330
1.08871530
1.13201690
1.05118900
1.13300500
1.15328720
0.95170858
0.92463917
0.93416345
1.02776090
1.01769460
1.07685940
1.02926030
0.97222141
1.05641500
1.19258340
0.97953544
1.02798400
0.96865310
0.97378027
1.09412770
1.15452780
1.16814020
0.97746312
1.12889990
0.97030148
0.81942804
1.13224160
1.04803320
1.01890190
0.86359734
0.92730397
0.75277337
1.04491560
1.09193660
1.15466100
1.10499480
1.21429260
0.89698102
0.96323215
0.96460277
0.99600087
1.03930770
1.03425090
1.06595940
0.96462146
1.10230930
1.08689440
0.98956300
1.05549930
1.04469110
1.04031170
1.03655650
1.14435850
1.12542030
1.13799920
0.91311650
0.94887720
1.00425030
1.08849510
1.17787130
1.13899480
1.13848920
1.20188820
0.99244898
0.95225657
1.10099470
1.04703410
1.00270570
1.05798800
1.01445350
1.05038720
1.09681380
1.13714210
0.91504406
0.93524401
0.93459864
0.92537770
1.02652390
0.98304708
1.03938040
1.08697000
0.91700975
0.96764581
1.05516350
0.99258271
1.01295120
1.06347640
1.10241930
1.19918360
0.94414985
0.88010728
1.00976360
1.01216100
1.05789000
1.03627590
1.14396770
0.98149511
0.95689104
1.00338060
1.03607170
1.03162560
1.10843750
1.07509370
1.13151590
0.97879319
1.17224310
0.93191553
0.97975794
0.86923626
0.94044908
1.07470890
0.94227459
1.09525280
1.06761000
1.02482810
1.01009990
0.91100007
0.90872356
1.02836700
1.07744770
1.11738890
1.07481420
1.05105180
1.18216040
0.91421039
0.96243270
0.94373594
0.99244435
1.01505120
1.09465980
1.06886730
1.08425540
1.08565820
1.07013790
1.08411390
0.92975414
1.01464040
1.11623370
1.09457260
1.04291230
1.07393550
1.04157630
1.20449000
0.89453550
1.02757820
1.06627450
1.08905900
1.06235940
1.08288110
1.00629030
1.05969280
1.02933830
1.12808920
1.03769820
1.05228200
1.18765060
1.17628560
0.86728284
0.90607263
1.09514740
1.12140190
1.05790370
1.16776820
1.06252860
1.06956300
0.98469175
1.12147540
1.15318310
1.05372440
1.02186000
1.11114950
0.92400387
0.90510090
1.03528730
1.01251300
1.20838920
0.99219731
0.97126834
1.04065270
0.94707534
1.04094400
1.03222210
1.09395740
0.99085338
1.09337180
1.09290810
1.04413590
1.01583330
0.96380663
0.95164334
1.03643080
1.01581090
1.03006400
1.04780870
1.14293700
0.91608156
0.95042753
0.98604950
1.09042910
1.06266290
0.92082594
0.97761045
0.95599501
1.06519560
0.96560110
1.08816030
1.06690850
0.91053269
0.84467645
0.95643215
1.01975540
0.97135175
0.97997775
1.13677840
1.06123900
1.00158120
1.12511770
1.05971470
1.11963090
1.14507970
1.03918380
1.07498670
0.94244538
1.00622160
0.88443470
1.14306800
1.13653870
1.11300980
0.86603050
0.97322816
0.98763918
1.04305580
1.00645700
1.12768780
1.07906970
0.88736473
1.02551120
0.94917421
0.94250572
1.10676830
1.08835000
1.08269640
1.04871620
1.04528310
0.91427220
1.00978030
1.09645020
1.16470880
1.13576470
1.04304440
1.14999120
1.09565480
1.01049900
0.92967131
0.98652952
1.03216720
1.20654910
1.22614280
1.02960760
0.96446094
0.99624965
1.00238400
1.16231390
1.24668060
1.13125610
1.04139690
1.16258000
1.18475840
1.10473020
1.14366740
1.17263210
1.13028070
1.08035210
1.08267950
1.04700970
1.04111450
1.06833620
1.19440270
1.13225900
1.23142170
1.17402460
1.16868280
1.23016380
1.04668200
1.05988820
1.09119660
1.07220980
1.03454600
1.16929980
1.15454650
1.07278330
0.92089185
1.02348400
1.00984430
0.92428034
1.09960270
1.04125360
1.17421710
1.22818030
0.99436529
1.05640780
1.13136080
0.87783112
1.10616630
1.09863850
0.99049478
1.07663440
1.13545300
1.04533450
1.02860190
0.99395122
1.08492180
1.08031750
1.01579350
1.07551890
1.13907870
1.04625640
0.96369705
1.02047350
1.06624710
0.98479203
1.03081190
1.08513830
1.15940380
1.09476630
1.10904250
0.97790566
0.94335156
0.97110684
1.09058350
1.10315990
1.19771340
0.86304545
0.93617402
0.98999508
1.14797780
1.14763710
1.25588060
1.01209060
1.03677690
1.15011470
1.04735670
1.12676130
1.03736100
1.04356880
1.09262490
1.14133380
1.21938960
1.00812830
1.04184610
1.02902870
1.04312690
1.11174480
1.17060790
1.19698890
1.25142130
1.02104310
1.00765870
0.98516427
1.07608540
1.05835590
1.07143690
1.21576770
0.95450800
1.04615700
1.07214600
1.05932640
1.17345270
1.14252250
0.93077929
0.97097138
0.94792312
0.96793728
1.11553570
0.86550116
1.06899390
0.92043807
1.00318390
1.13042370
0.93034329
0.99954733
1.00011450
0.97791618
0.99457956
1.02637090
1.04036920
0.94471832
1.06924120
1.07834720
0.93580420
0.91757340
1.03445340
1.13703780
1.17761210
1.14004470
1.08607470
0.91034682
1.03099410
1.12770710
1.05858990
1.06895210
1.10947240
1.16040210
1.16743140
0.87681780
1.08715020
0.93195580
0.97108025
0.88121419
1.08909880
1.11262320
1.05768230
1.16076340
1.08363650
0.86123136
0.91116256
0.94498398
1.08194690
1.15840880
1.16269580
1.18572080
1.16034270
0.94391178
0.78279730
1.02468270
0.97213885
1.01826770
1.03511450
0.98631860
0.85643338
1.12047990
1.15806320
1.17631330
0.90540923
0.96016460
1.04466490
1.06519440
1.08965440
1.12945820
1.06906080
0.78657403
0.82733477
0.92347828
0.95648505
1.14639420
1.13293390
0.97014431
0.97951685
0.98199049
1.05935000
0.97973256
1.14121530
1.10331260
1.21812490
1.11350230
1.10791250
1.10484730
1.14234540
1.11751060
1.05866750
1.00463730
1.25811110
-0.00589671
0.96770280
0.93142743
0.91756300
1.06434740
1.04734250
1.05688900
1.04537800
1.08099990
1.01432180
0.91829375
0.98965284
0.97107956
1.10730940
1.05834280
0.96777139
1.04966400
0.94694565
1.05580520
0.95091424
1.07212360
1.03116270
1.06309200
1.10425820
1.05112090
0.86296223
0.92688566
0.92888344
1.06875260
1.02983820
1.00362250
1.02578200
0.97794464
1.02225990
1.09536320
0.99651046
0.95441649
1.10906980
1.07341870
1.09782930
0.96669287
1.01012540
1.09849820
1.02939960
1.15248040
1.11210840
1.12262020
1.13477300
1.04860890
0.87468307
1.00830790
1.05302740
1.07249860
1.07203930
0.97366827
1.02304700
0.89222846
1.01238110
1.02376290
1.14229140
1.12946660
1.13360000
1.25733570
0.94274265
0.89172262
1.06119010
1.18369320
1.12264560
1.16104210
1.15057850
0.98480836
1.00217050
0.95809393
1.19285540
1.22336620
1.23336770
0.95569953
0.98627614
1.07495110
0.98291618
0.99747340
1.07828750
1.09382280
1.10704290
1.03436350
1.13662880
0.97876973
1.06475090
0.99725913
0.99147771
1.07671360
1.08878320
1.12334120
1.11621880
0.89993347
1.03424330
1.04588630
1.01423340
1.11938350
1.07809120
1.18020660
1.13419900
0.97018895
1.09196270
0.88509869
0.97145912
1.07937600
0.90980250
1.00187470
1.13766460
0.98560550
0.89493604
0.98093700
1.00046050
1.13756150
1.06637130
1.13059270
1.16913610
0.88092791
1.01689370
0.85977566
1.03120000
0.98892987
1.10954570
1.00557580
1.14172870
0.94400552
0.98704105
1.08780970
1.06740290
1.07205090
1.11227910
1.18540760
1.18164370
0.93796019
1.05195160
1.02132970
1.03927940
0.99265309
1.06938340
1.05688440
1.09095070
0.97593010
1.08036250
0.93990597
0.87919252
0.94577878
0.92133859
1.04823650
1.18460690
1.11770410
1.19264240
0.91628179
1.03515240
1.00084470
0.94292016
1.03946790
1.04237330
1.13844630
1.16740760
0.87506564
1.00138980
0.87390415
0.98566379
0.97345129
1.03356280
1.17322410
0.95341376
1.06051780
1.02233050
1.04885380
1.13592180
1.11501470
0.99675199
1.10551930
1.11083630
1.04128160
0.93792370
1.16091200
1.21561000
1.12629240
1.07761940
1.27982860
0.97210625
1.05781360
1.10094270
1.19348270
1.14412560
1.24140870
1.03324100
0.95440619
1.17584590
1.07748430
1.16440310
0.92870670
1.01302410
1.07777250
1.04090240
1.15826240
1.06189370
1.05530510
1.00924900
1.05103300
0.95922216
1.07824680
0.98125220
1.08824680
1.08931600
0.96540057
1.07218470
1.09835120
0.99062326
1.02435680
1.11977740
1.02691170
1.01168000
1.26995940
1.04264130
0.99933209
1.04308170
1.03006870
1.05296960
1.07108680
1.14775610
1.03537640
1.10917400
1.15346930
0.99971666
1.02658940
0.99992729
1.06975390
1.19119070
1.08424540
1.15700350
1.21392760
0.97214569
1.10750640
1.00150950
1.05990140
0.98402910
1.04562130
1.13276190
1.18098480
1.03790110
1.06982950
0.90880130
1.06844170
1.18044420
1.13076460
0.98069260
1.13746710
0.93840652
1.03628110
0.99650180
1.07192410
1.15652700
1.21126130
1.22830590
0.85770954
0.97125866
1.07334120
1.02287110
1.08289180
1.10543850
1.05727980
1.07325490
0.92531686
1.07084570
1.14002040
0.98356787
1.05804730
1.05906280
0.91561939
1.00738640
0.95650523
0.96490593
1.02456670
1.01880280
1.11810320
1.12335630
1.13419390
1.09289230
1.10652710
1.11751770
1.11109760
0.79001190
0.93738545
0.97098269
1.03775920
1.15359370
0.99693510
1.10080600
1.20400830
0.98450116
0.92206219
0.98374148
1.12726190
1.13636280
1.17289350
0.91407621
0.96030262
0.96078613
1.00798330
1.12700750
1.09839320
1.12147540
0.95106350
0.96053495
1.12700210
1.09885110
1.16807020
1.11673030
1.15433740
1.03863530
0.98281978
1.05963780
1.09765480
1.01446830
1.12889310
1.12150510
0.85378172
0.79677431
1.05371470
1.02594490
1.15734360
1.13996010
1.02348380
0.91285383
1.10971290
1.05003360
1.10585080
1.10309890
1.13393370
1.04330520
0.98225190
1.09824230
1.04789040
1.11716750
0.93718124
1.05058060
1.02636740
1.17272050
1.08642390
1.13161240
1.14201580
1.04672390
1.19630180
1.18352960
1.18229770
1.12849440
1.00331850
1.00311880
1.02898220
1.22773800
1.08855920
1.04060010
0.96538814
1.04374570
1.16810540
1.07448260
1.19979180
1.05814640
0.96788822
1.08596070
1.11258730
1.09619810
1.03973300
1.09814880
1.05894380
0.99695268
0.96949804
0.99017170
1.00373520
1.09293140
1.14673360
1.03585110
1.08041200
1.10806310
0.91355310
1.01073930
1.02901810
1.10622720
0.86153900
0.91350215
1.02598020
1.11325350
1.13666790
1.25927060
1.10036870
1.03114050
1.11351880
1.10336730
1.20260600
1.09171200
1.14670560
1.14046760
0.91578206
1.02896810
1.02731020
1.09104500
1.12729380
1.15074270
1.10818460
1.15117430
0.87384715
1.08117470
1.06016900
1.17029360
1.22448360
1.13532490
1.09944510
1.16583920
1.11607070
0.92188378
1.01184100
0.95814358
0.90612928
1.08656450
0.99539270
0.95441020
1.10795710
1.13344600
1.01428080
1.07887270
1.17677210
0.98089003
1.11321490
0.94778824
1.07468950
1.04593530
1.22568790
1.14646720
1.13407070
0.95413330
0.95546649
1.09880580
1.17249490
1.12794180
1.21863550
1.04998300
1.00280650
0.97803160
1.13054260
1.09974750
0.99940330
0.96815766
1.17261540
1.04092050
1.07019910
1.15598540
0.96441444
1.15977670
1.09004210
1.03806060
1.15462300
1.26070630
0.90584338
0.94246344
0.99977384
0.96519695
1.02388460
0.98355724
1.02813800
1.15081680
1.01868200
0.98091921
0.98975928
1.00590160
1.08610410
1.06606180
1.11533980
1.06937000
1.29324890
0.87097250
0.97186781
0.94346495
0.98886711
1.22122720
1.01155170
1.13400870
0.95119840
1.03164890
1.10119880
1.05587710
1.15337650
1.08905970
1.11001380
1.18083600
0.94851779
0.90741825
1.04081990
1.07659840
1.11899330
1.15474570
1.18081650
0.98433886
0.94095242
0.96421046
1.05082630
0.80732306
1.06941630
0.98417967
1.12343530
0.96506675
1.06037550
0.91500308
1.08114570
0.94320431
0.95554999
1.15939430
-0.00954804
1.19627230
1.25671410
1.01630450
1.03786560
1.05043070
1.03181350
0.99716556
1.14273980
1.12185730
1.10948830
0.81961025
1.01943470
1.04459940
1.13991730
1.15073250
1.18183060
0.95378487
1.04275230
1.11761250
1.10385510
1.14283100
1.23234780
1.19456340
1.17237530
0.99305874
0.96513821
1.01294440
1.06957980
1.07339310
1.16592460
1.19499360
1.09705780
1.01207620
1.03190470
1.02824510
1.15548410
1.14758080
1.13986320
1.21282910
0.98710400
0.79420372
1.00657000
1.10263670
0.98267623
1.08710380
0.93319820
0.98290165
1.07731050
1.02211120
0.97542734
1.11777820
1.07745390
1.13917560
1.10272360
1.08864310
1.10905320
1.09611240
1.04767840
1.14409120
0.94744293
1.15415120
1.05967970
1.03690260
1.11328210
1.06766620
1.28415960
1.15683810
1.28033720
0.91873787
0.95663002
1.01112620
1.00803130
1.06359870
0.92855991
0.89917083
0.98129307
1.00818010
1.16327150
1.06101390
1.05398110
1.06538810
1.21364020
1.10857170
1.00198910
0.91670636
0.94901359
1.05162660
1.18060520
1.16959600
1.20612050
1.04818990
0.96757934
1.07954710
1.11196950
1.07579680
0.97694278
1.02923430
1.12808330
1.07863990
1.08411060
1.11989510
0.93237799
1.13524410
1.00721270
1.25385170
1.08990190
1.17853960
1.08629370
1.00220580
1.09995030
0.94780877
0.97794665
1.18996510
1.06494170
1.24851920
0.92358109
0.96910775
1.08665900
1.21920910
1.17799580
0.93388160
1.00179310
1.03319430
1.01183510
1.01910410
1.06412630
1.16686830
0.96164453
0.96919822
1.03289470
0.98583149
1.13141520
1.09077850
1.08971230
0.97262534
1.09265070
1.12777050
1.01539670
1.18677180
1.05980210
1.04547940
1.11061900
1.09092850
1.17658790
0.97897126
1.12588730
1.10854620
1.11924870
1.03546530
1.15533580
0.97021714
1.05615730
0.89515432
1.05904530
1.08113510
1.13690280
1.22554930
0.88826640
1.03636140
1.11255470
1.13409270
1.31436460
1.08760660
1.32872860
0.83672936
1.04278090
0.95766281
1.01597950
1.04098810
0.97489294
1.04676670
1.14250500
1.11067330
1.00234830
1.06647940
1.02444270
0.97181776
0.95320280
1.07619920
0.98100772
1.00291620
1.18026740
1.03961930
0.79722112
1.04663670
1.17994390
1.20797010
1.03065660
1.16050040
1.11242650
1.13787840
0.96199812
1.08944370
1.06833690
0.91428455
1.12199420
1.13382670
0.87390835
1.04190730
0.99614837
1.28402490
1.09619230
0.88952942
0.85531358
0.89976732
1.00375640
0.86194063
1.05894070
1.10262770
1.03238650
1.16347530
1.03202030
1.08382520
33.33414700
1.06056900
0.78785067
1.11175080
1.05455780
1.00232070
1.22559060
1.00536900
1.08113040
1.04617980
1.04192200
1.11784650
1.04375100
0.94704996
0.96417693
1.02831530
0.96305014
0.98204267
1.07469380
0.97965733
1.05996830
1.07242690
1.04145420
1.14793150
1.02124240
0.94965367
0.98697989
1.06819790
1.07100090
1.06973150
1.04693320
1.17757580
1.02190780
1.07166850
1.12253820
1.13631850
1.13897240
0.85212303
0.97799386
1.11621160
0.98613722
1.14088470
0.98793673
1.16681910
0.87390055
0.90800022
1.04880640
1.02416000
1.00641300
1.09605200
1.09482290
1.02855630
1.00271880
1.01458240
0.97968946
1.01216660
1.11452260
0.93564234
1.07456040
1.12323330
1.05153600
0.86924545
0.93699854
1.11978240
1.04383770
1.01307040
1.09247050
1.03817880
1.01123830
1.05468600
1.01634880
1.12171100
1.10519660
1.11385590
1.21888950
0.87042554
0.94441421
1.03222250
0.96704730
0.99749580
0.99851766
1.06404970
0.94048625
0.97840839
0.98658212
1.02242410
0.92690110
1.10558290
1.11378360
0.94535332
0.95434857
0.92913837
0.95649587
0.98764927
1.05924790
1.02416260
1.01530140
0.99608143
1.02317110
0.91402282
1.05051780
0.95907725
1.06470560
1.12484050
1.17118660
0.95270719
0.90418504
0.97710143
1.05392160
1.04124980
1.03650340
1.03178900
1.10741150
0.90256665
0.92222733
0.85684104
1.00440130
1.12556880
0.84641872
0.97522396
0.97885817
1.07138580
1.09988270
1.10087120
1.08940350
0.99693385
0.84317330
0.97176030
1.04539630
1.07999610
1.13325620
1.08455000
1.13485930
1.19055690
1.01660980
1.10815960
1.09225680
0.94104185
1.11624200
0.97457839
0.95351784
0.96261135
0.98109591
1.01729410
0.99286559
1.26085190
1.29645220
0.85910657
1.10943170
1.08933310
1.12846320
0.92108994
1.01261910
1.16788400
1.10026910
1.10637660
1.05365390
0.96525719
1.12594410
1.08482700
0.92746717
1.02824440
1.05844100
1.06795490
1.06899790
1.02912510
1.06581320
1.20515370
1.20721860
1.27190100
1.01130430
1.02803710
1.10847370
1.14256850
1.20075860
0.88572610
1.05038480
1.15486450
1.07820410
1.15219290
1.17089380
1.19075830
1.20061650
1.17488660
1.06358480
1.12518100
1.17208310
1.19795340
1.19255130
1.15874750
1.23088740
