0.95213788
1.16474390
1.08605120
1.10114390
1.11262660
1.17221430
1.10036610
1.24789310
1.20498190
1.16956380
1.18297710
1.19707200
1.19768880
1.11574870
1.09688850
0.97320684
1.03900290
1.07165330
1.07930610
1.15502810
1.07278530
0.97576576
1.01851020
1.05760590
1.17059790
1.05118010
1.04142680
0.98402838
1.03494580
1.07731050
1.30217850
1.05971230
0.99391472
1.08453340
1.03037260
1.18779830
1.20690110
1.06210900
1.09355200
1.02070260
1.07550460
0.95596966
1.16975870
1.12907270
1.01694900
1.02823160
1.07592190
1.20019210
1.15344850
1.06782450
1.08400470
1.06031960
1.35287500
1.14066150
1.05027140
1.08372510
1.17119440
1.15240820
1.15254140
1.02399010
1.08291600
1.08568560
1.06960190
1.02225210
1.23012600
1.02093940
1.14740700
1.20931060
1.02043400
1.05857590
1.05801630
1.10694310
1.01509050
1.05709120
1.05830220
1.26609030
1.29890500
0.98659041
1.07070190
1.03225330
1.12406670
1.09981460
1.06487730
1.09032480
1.11635910
1.01768480
1.11257310
1.03352390
1.11464730
1.00796490
1.06044790
1.10464990
1.11720290
1.09123700
1.14639830
0.97016516
1.12690510
1.15234860
1.01957920
0.99417021
1.12770380
1.20625120
1.12929670
1.09911520
1.10598470
1.24356430
1.15595130
1.20425050
1.13775070
1.03323300
0.99478589
1.25413630
1.08547570
1.10637450
0.97255432
1.14298560
1.14791530
1.10540720
1.18732390
1.01469280
1.02547910
1.11345270
1.06795980
1.06480550
1.05551780
1.08503240
1.08061710
1.05410420
1.13309430
0.97614099
0.95305108
1.12175000
1.17163530
1.26906820
1.12898260
1.20241410
1.13769250
1.18362500
1.07606530
1.10900690
1.25409800
1.06971280
1.04861510
1.17367980
1.01121690
1.17528660
1.11264730
1.13995960
1.00862990
1.18968880
1.16966250
1.03046250
1.09750620
1.15819040
1.20779170
1.11969370
1.22538480
1.06120830
1.08059070
1.06422290
1.10232740
1.08516990
1.22042570
1.11476000
1.11150620
1.14885060
1.13737040
1.04805520
1.06751900
1.14303100
1.14101950
0.94035544
1.14472590
1.15898140
1.19166960
1.23056340
1.18813710
0.99750126
1.15158180
1.14422730
1.13710960
1.15940350
1.20632290
1.01894050
1.02830360
1.08383140
1.18223300
1.03422030
1.00796810
1.05130640
1.07982820
1.25450810
1.18778480
1.04692100
1.06465460
1.06289560
1.02181060
1.19833200
1.10244670
1.12300320
1.03011040
1.17452630
1.08770290
0.99366441
1.12282230
1.14974930
1.16995280
1.01411940
1.05083780
1.06557460
1.06083230
1.19033230
1.18378120
1.05918530
1.13627020
1.00702940
1.13944490
1.01278310
1.11006350
1.05562420
1.12586000
0.96764809
1.11195250
1.09473520
1.04429500
1.13433710
1.14619230
1.05227090
0.97243189
1.11052050
1.02538220
1.16579320
1.05970690
1.00497820
1.04701810
1.19074750
1.06285960
1.02427590
1.13356220
1.11969990
1.19808020
1.09853530
1.09962500
1.15583540
1.06175640
0.94815778
1.26323580
1.09340170
1.18957650
0.92493129
1.01517380
1.24882480
1.04466210
1.10661580
1.21537270
1.08774270
0.95938474
1.07943140
1.08973170
1.22081400
1.14569640
0.98303684
1.01704090
1.16798420
1.03964630
1.10875670
1.00766760
1.15076740
1.31568510
1.17185610
1.18607620
1.09788280
1.06745230
1.08354890
1.14405970
1.12978990
1.03816270
1.23998320
1.04489470
1.08548320
1.08501500
1.11730010
1.14804390
0.95897290
1.13118990
1.08384920
1.11648740
0.93535119
1.12817790
1.12690450
1.16664820
1.27102850
1.03434300
1.22631820
1.12932200
1.15887770
0.97720265
0.96193847
1.15169070
1.14885660
1.06195200
1.09208130
1.21199710
1.10634920
1.19733690
1.15154930
1.02656670
1.30626250
1.30003470
1.16460150
0.94844949
1.10979230
1.14956630
1.17196050
0.96116718
1.12214520
1.22724310
1.16996350
1.23471920
0.97381563
0.98994099
1.10302880
1.18745940
0.96791670
0.94135097
1.00178040
1.15401290
1.18361440
1.15977850
0.86519350
1.08745930
1.13458670
1.14628000
1.02454980
1.10842790
1.17865130
1.19055460
1.21877330
1.11355690
1.05921700
0.94504229
1.11895670
1.10388220
1.13915430
0.94230121
1.11232770
0.98809185
1.11797200
0.95188310
1.24956930
1.18460030
1.11016730
1.21937700
0.91910988
1.03858580
1.11769730
1.21497310
0.86036216
1.10644320
1.23382530
1.10497510
1.34325740
0.99746383
0.89583320
1.01698930
1.22632090
1.22018510
0.89326027
1.00533890
1.11328600
1.07754230
1.20533060
1.09922440
1.14783410
1.31041930
1.16828550
1.02017510
1.02733660
1.14132690
1.19115950
1.12410820
1.20466290
1.15828590
1.07938280
1.21114750
1.03444990
1.13251970
1.14152760
1.06605650
1.08583690
0.94515244
0.99169477
1.03365780
1.12823400
1.11943530
1.07179980
1.00219920
1.12981380
1.17374270
1.04239860
1.10462720
1.09364520
1.03242200
1.13530400
1.20169170
1.01858730
1.16780790
1.01847960
1.01680340
1.09664720
1.13030910
0.90500311
1.03109150
1.17765290
1.06366740
1.07147200
1.04142900
1.11124940
1.08542260
1.15507590
1.15344530
1.16779520
1.09930410
1.07597760
1.04720600
1.20381750
1.21518530
1.09679540
1.15077000
0.97177384
1.17577860
1.09699600
1.11907260
1.26809860
1.14437880
1.25218270
1.07390390
0.97387100
1.23446670
1.04268670
1.12049200
1.09494820
1.08116150
1.08275770
1.11109710
1.08840190
1.09694430
1.07355780
1.16455630
0.93069280
1.05288120
1.12332730
1.15557350
1.20623250
1.06310980
1.24855440
1.07862090
0.99454023
1.32182690
0.84052795
1.03209930
1.12127100
1.10111410
1.13565510
0.95253448
1.16970780
1.10676140
1.13794630
1.14854880
1.13999940
1.12613600
1.16057410
0.99890283
1.08318510
1.14850810
1.01353400
0.04833155
1.01544390
1.02472550
1.03347690
1.10206060
1.14441910
0.98196033
1.01935610
1.03154060
1.06040630
1.29066070
1.32116160
1.20986170
1.24800350
0.89025112
1.09128500
0.93886248
1.12356910
1.10452960
1.01435640
0.97113023
0.92961636
1.03203120
1.06059490
1.04313570
0.98273382
1.17995510
1.12337700
0.94577757
1.12952950
1.07715230
1.24193170
1.16431680
1.12133010
1.02646400
1.14735490
1.11842720
1.09497660
1.09754600
1.08538270
1.04138820
1.31906540
1.12609430
1.17680730
1.26636170
1.16844190
1.03958330
1.03798360
1.12018200
1.19443500
1.17836260
1.14134630
1.17836130
1.00202240
1.21418710
1.03801990
1.01983670
1.16829670
1.00614480
1.06476720
1.22728750
1.09597330
1.01596430
1.06045350
1.00858960
1.12353040
1.24355870
0.99439341
0.98803983
1.17205430
1.16116120
1.06695430
1.00057370
1.12751380
1.17717590
1.12860040
1.03947810
1.09316370
1.05480690
1.13195360
1.04408870
1.09085760
1.15204800
0.95168128
0.95722368
1.14180810
1.03508390
1.01290850
1.07967410
1.15262310
1.13173100
1.03346760
1.05604850
0.97931261
1.05377010
1.13978200
1.22299300
1.19019990
1.04095860
1.09627580
0.91743917
1.07567630
1.03365930
1.20927930
1.22179670
0.95602327
1.18053520
1.02323290
0.96855315
1.16513170
1.18578040
1.18003620
1.04095750
0.94023655
1.08257720
1.14349330
1.14970220
1.23699020
1.11794470
1.04492530
1.05080740
1.07814960
1.11925290
1.02260980
1.20014300
0.91780956
1.12033540
1.13542950
0.92815057
1.17147400
1.10996530
1.15453780
1.08614200
0.94095546
1.28464420
1.03731680
1.45672150
0.99375327
1.07076920
0.99034343
1.02850640
1.10608680
1.15545680
1.16691600
1.07549650
1.01237350
1.04009350
1.06653900
1.05425910
1.06468320
1.12519440
1.07368160
1.09177000
1.09626540
0.97819572
1.02085990
0.95860816
0.99045025
1.12533840
1.08954610
1.14035990
1.04237590
1.09965120
1.06475200
1.18503150
1.10137870
0.96091618
1.01800630
0.98144588
0.96578493
0.99580546
1.02294420
1.09638440
1.27568110
1.34788860
1.13303710
1.04565010
1.20555000
1.15220990
1.15785230
1.15516300
0.99584338
1.29363940
1.07834280
0.99088086
1.12100490
1.12092020
0.90841561
1.05014200
0.99954498
1.13639620
1.06137140
1.21610040
1.14399880
1.05188220
1.16412150
1.17818180
0.93134057
1.07170920
1.17109170
0.95282249
1.09503760
1.20373970
1.03241080
1.11550340
1.18539940
1.11358560
1.13173770
0.95981172
1.13360560
1.11556470
1.11696190
1.06085900
1.09347770
1.19837570
0.97578359
1.10584810
1.16640320
1.13546160
1.06648920
1.14344500
1.17589540
1.15004600
1.09858480
1.12107190
1.28410130
1.05087430
1.20045790
1.03483040
0.96199371
1.18181070
1.06334180
0.98395587
1.05948010
1.01925750
1.22859190
1.09361080
1.14371250
1.07001670
0.99524871
1.03833380
1.08978830
1.09857520
1.25916830
0.98005498
0.92478110
1.04553420
1.02741260
1.03109790
1.11330820
1.10708720
1.15916050
1.03613570
1.13743050
0.94740091
1.03455710
1.11418880
1.03810970
1.13405120
0.98219476
1.06255680
1.01477110
1.10393350
1.20205850
0.88917023
1.13769760
1.23737780
1.14924080
1.21908190
1.11799030
1.07567500
1.25743400
1.30169290
1.12360860
1.09477630
1.08012010
1.27935640
1.09823100
1.02820250
1.02918400
1.07529040
1.14217910
1.25810660
1.02592820
0.99698537
1.12876200
1.14625360
1.13570310
1.10046070
0.93437208
1.06878410
1.11078010
1.06117900
1.00883270
1.00436370
1.03847240
1.07521490
1.06523500
1.15021250
1.08513160
1.02016550
1.12266510
1.10231850
1.06638150
1.09360160
1.09734250
1.01044020
1.03591640
1.14502860
1.19659520
1.10592660
1.12044750
1.04521000
1.18868370
1.09703680
1.19859960
1.02348920
1.14597250
1.19375600
1.04300350
1.20168380
1.11774120
1.06538270
0.91739768
1.16488170
1.10330470
1.20990580
1.01786600
1.04953000
1.10283930
1.05788630
1.04663770
1.09481120
1.17700840
1.11953240
1.29593530
1.02411920
1.03835270
1.04483450
1.15320750
1.19688230
1.28540610
0.97560854
1.00493460
1.07602020
1.04469320
1.15422080
1.25978160
1.05479350
1.19433430
1.08070990
1.20755560
1.25649060
1.05016080
1.05838850
1.18838210
1.00938310
1.17429240
1.18348820
1.09897130
1.16946030
1.17182850
1.15585480
1.09492600
1.17154000
1.11648240
1.10794410
1.12046470
1.15170870
1.25261250
1.07324050
1.14463640
1.18674570
1.04556830
1.10114300
1.14918730
1.01271500
1.04100200
1.11312180
1.04290510
0.95634431
1.05758700
1.12345500
1.13615920
1.15849100
1.02717950
1.04624270
1.22582650
1.16908130
1.11288000
1.19305700
1.15447580
1.15125780
1.17711760
1.12774460
1.09143200
1.11140570
1.07449760
1.20748480
1.23085760
1.04918410
1.07524470
1.18744510
1.03276040
1.11022430
1.03650160
1.03563910
1.15211620
1.04687220
1.07136270
1.20686880
1.22473980
1.04694590
0.91991734
1.14080040
1.10005200
1.21214920
1.14019560
1.03969940
1.10205380
1.05439660
1.18899510
1.07722330
1.17758600
1.12298860
1.07809950
1.07423590
1.11002810
1.14981350
1.19586540
1.02808370
1.08252080
1.08794320
1.09536050
1.13657700
1.10290640
1.05566480
1.06039510
1.11655700
1.33199730
1.04380250
1.19120700
1.08361450
1.17683270
1.10394610
1.19799070
1.02028720
1.06992520
1.08455970
1.16039320
1.04167850
1.11469180
1.00061080
1.14309430
1.14077890
1.13763730
1.16516940
1.23528040
1.04260840
1.09212010
0.93481502
1.14357340
1.16978170
0.96716424
1.07539040
1.03452680
1.10295100
1.08218030
1.11491030
1.04649770
1.01605910
1.10281960
1.13862840
0.96583004
1.13512300
1.19362110
1.09460710
1.01221950
1.04466210
1.26170510
1.12550250
1.15132100
1.00019810
1.08786190
1.12376620
1.10065580
1.30812760
1.23920110
1.05942510
1.15731690
1.00863640
1.07445090
1.02239930
1.01722270
1.09397440
0.94418905
1.10284490
0.97887631
0.94595964
1.20160290
1.21101000
1.10090520
1.27055050
1.04835370
1.16181930
1.12181010
0.97710744
1.09114550
1.01373930
1.06035210
1.15503560
1.20036990
1.03028720
1.10559460
1.18106940
1.03907890
1.15626890
1.12749540
1.04169750
1.08180130
1.14833290
1.01529030
1.08616340
1.14122880
1.19141000
1.20287620
1.07961520
1.07797160
1.20594010
1.13728710
1.10568850
0.98590324
1.03989010
1.08708690
1.04714110
0.92367804
0.88834146
0.99543304
1.13638530
1.00206670
1.07351280
1.02247020
1.01784300
1.09290110
1.19252650
1.17345110
1.08760530
0.90279043
1.03660420
0.96889358
1.05565560
1.04465210
1.24481820
1.00979650
0.99845469
1.13458870
0.87801350
1.14777170
1.04102390
0.98094777
1.15580980
1.01654840
1.09537210
1.20089000
1.27167210
1.08622920
1.19688060
0.96291655
0.98344811
1.11505240
1.01072270
1.08922730
1.23158850
1.14790340
1.00460210
1.03519910
1.20249340
0.94151468
1.20735900
1.19816870
1.07202540
1.12314730
1.11488650
1.05144460
1.18243770
1.26667410
1.15766130
1.04489020
1.22447950
1.08492050
1.10332480
1.22027890
1.12507720
1.04878670
1.10613620
1.20243010
1.07928220
1.11640540
1.14283300
1.05084910
1.20680310
1.11063850
1.23555090
1.25167340
1.09731670
1.06283860
1.02032170
1.05653790
1.16142350
1.21334940
1.20134910
1.13184770
1.10485670
1.10504270
1.15357700
1.10169320
1.22355080
1.15825510
0.96960044
1.28357490
1.15327160
1.00668010
0.98957221
0.99055313
1.08292470
1.24584310
1.17038720
1.21910610
0.97992111
1.13420050
1.08670870
1.15924820
1.01302420
1.11313960
0.99547799
1.08307120
1.04921990
1.03040570
0.99607606
1.03897800
1.27564710
1.19116770
1.04398650
1.18617180
0.97238732
1.01299180
1.15093130
0.89296627
1.11336030
1.01512770
1.18139850
1.08976040
1.14509360
1.13535550
1.12987790
1.15566020
1.15518190
0.99939174
1.20056710
1.08417950
1.08215090
1.08536430
1.11383090
0.87468030
0.96554922
1.13179710
1.10082490
1.07750320
0.99383001
1.02576390
1.09166820
1.16137550
1.09323390
1.14598500
1.17717950
1.19451710
0.96676684
1.17067610
1.19552980
1.15976810
1.19957620
1.04612760
1.02019270
1.02337280
1.21156040
0.97088260
0.93685388
1.04987030
1.10611190
1.12948300
1.13255610
0.99386230
1.01448220
1.05938880
1.01551710
1.11189090
1.24544560
0.96583502
1.18470440
1.16102610
1.13548350
1.16927750
1.08020420
1.06375970
1.06393250
1.16355250
1.19027770
1.28651410
1.10003640
1.17191510
1.08711000
1.06353240
1.07809580
1.13014950
1.18871810
1.22014970
1.14747860
1.08588800
1.09658670
1.15207310
1.11559650
1.05798070
1.06447640
1.04485470
1.14998190
1.16032770
1.07555770
1.13935700
1.21181730
1.18052410
1.09716200
1.12312270
1.19520060
1.10992480
0.90596717
1.19282820
1.00413790
0.99872990
1.06507360
1.12734070
1.21875470
0.94719540
1.02321010
1.06286570
1.15735810
1.06326900
1.21873490
1.10992300
1.02253810
1.08802750
1.11068190
1.15206240
1.24843450
1.14528530
1.30685640
1.03687580
1.09097290
1.10482310
1.23445900
1.01467900
1.10060940
0.98333240
1.01402340
1.24302410
1.08896470
1.08913040
0.91234111
1.00041500
1.28341610
0.92712415
0.97121632
1.09965020
1.02672340
1.11508340
1.06613850
1.06192720
1.16900590
0.99834673
1.23898950
1.09064480
1.09515130
1.12858900
1.00087420
1.08627770
0.99164990
1.07125080
1.08091000
1.15343170
1.03726300
1.15147720
1.07066730
1.08279450
1.11546200
1.13325210
1.11848100
0.95951174
1.13829740
1.10631030
1.01535390
1.08732620
1.00724350
1.14979110
1.20153930
1.17613120
1.12257140
1.07158990
1.19770200
1.16100030
1.22484550
1.05792110
0.94139994
1.00572350
0.98449884
1.08163520
1.04728650
1.22498580
0.92203279
1.01181370
1.10599430
1.17900420
0.98014060
1.14234320
0.97014239
1.16320700
1.06314980
1.23023360
1.04383170
0.98164120
1.02832520
1.20111070
1.09230040
1.20477940
1.14642410
1.01035480
0.96403625
0.99509003
1.14668880
1.09964690
1.28674800
1.01619970
1.06157880
1.11389980
1.14234470
1.19101420
1.14750740
0.98239287
1.03028570
1.08974220
0.98192670
1.04665350
0.99653546
1.05727480
1.15022350
1.11073100
0.94463832
1.00840310
0.95773679
1.05675510
1.21041760
1.06401690
1.15652300
1.07550920
1.22539020
1.11674340
1.04554640
1.14618850
0.96941620
0.98148171
1.16728000
1.02291180
1.06656700
1.09533840
1.12115220
1.21964960
1.21421650
1.21175550
1.08341930
1.14031420
1.05699170
1.16619020
1.23119780
0.98083635
1.17703830
1.02919740
0.96053885
1.07181300
0.98249717
1.03598060
0.98241873
0.99052828
1.02843560
1.12218020
1.00655460
1.02652040
1.10425650
1.00232850
1.19055220
1.05025120
1.27811120
1.00140580
1.02622840
0.92072815
1.10174680
1.13144810
1.30593050
0.95809042
1.19531310
1.08258040
0.98507495
1.09794160
1.22116780
1.10024940
1.06196270
1.13840020
1.29755640
0.98157490
1.06600340
1.06242700
1.01917770
1.04085390
1.18869330
1.06638740
1.08461230
1.02161960
1.14968920
1.14789070
1.00768860
1.22362690
1.00941200
1.08086040
1.05215680
1.13462120
1.06495050
1.13682520
0.99388191
1.03296650
0.97689224
1.13494980
1.04896720
0.99966373
1.06053130
1.11476250
1.18277590
0.94555339
1.14932970
1.06154660
1.01029700
0.99352141
1.12454940
1.08152150
0.94487672
1.01518950
1.11712290
1.19669040
1.17850680
1.12269330
1.00924260
1.05164400
1.01410990
1.10342250
1.03071020
1.18847660
0.98097144
0.95149930
1.07913060
1.21179150
1.27990110
1.08730930
1.21344420
1.17752170
1.14454060
1.08309140
1.10339860
1.13464930
1.06482620
1.06033670
0.99108179
1.08382200
1.23492970
1.12886160
1.06777290
0.94198739
1.02320280
1.02753340
1.10308320
1.07286220
1.10149120
1.16981300
1.06961190
1.03011150
1.09667190
1.08587920
1.09891200
1.15289430
1.30036860
1.04259840
1.09518650
1.24058280
1.10078740
1.07832090
0.94376877
1.14476810
1.12693790
1.03562790
1.04454960
1.12099180
1.23327310
0.99393051
1.10186490
1.05844720
1.05962790
1.09842190
1.09821320
1.10371920
1.06986300
1.18495050
1.00140340
1.09665610
1.11761470
1.07841150
1.07876720
1.15987770
1.10161740
0.95669233
1.11485890
1.34006560
1.10378310
1.15298710
0.97621595
1.02502150
1.11526980
1.03641490
1.15776390
1.21386790
1.09328060
1.05181580
1.26004510
1.09528370
1.09798150
1.15575670
1.10611910
1.04784280
1.15505540
1.24423260
1.07601280
1.05943200
1.12098360
1.21482010
1.08935960
1.08756550
0.98099020
1.14534200
1.09657730
1.38581800
1.12787150
1.01630890
1.18331830
1.02694400
1.07126460
1.10344920
1.07804850
1.17099620
1.01278690
0.92628869
1.09984340
1.08360220
1.14821250
1.11056620
1.09768130
0.93335661
1.17453720
1.07530650
1.14743440
1.08054510
1.06207260
1.03800670
0.95177253
1.06703530
1.21460750
1.03487670
0.90715006
1.12803820
1.19526080
0.99226648
1.13351370
1.17565090
1.19543780
1.10002690
1.08892060
1.08183700
1.28391450
1.12462770
1.12172390
1.07070200
0.99720626
1.05194190
0.98550497
1.13996070
1.07289000
1.18167790
1.15906510
1.16479550
1.22008220
1.19072680
1.22381280
1.09182730
1.12404270
1.08743570
1.06346500
1.12652470
0.99340914
1.06383920
1.10572150
1.17987720
1.16325280
1.15774250
0.98233933
0.91275373
1.07041800
1.13926130
1.11786990
1.22140630
1.23015340
1.13995680
1.12933650
1.04550020
1.11235110
1.04644160
1.06787060
1.02222400
1.26364780
1.03908120
1.22652450
1.22836520
1.10106430
1.08722660
1.11176030
1.00260730
1.07697300
1.03243640
1.04889310
1.05552740
1.19153800
1.05263440
0.99762497
1.02592390
1.18304440
0.97733309
1.15267770
1.06293440
1.08417850
1.07929030
1.11365900
1.15030220
1.18189790
0.95659434
1.06389620
1.04965500
1.26549360
1.04001050
1.10107060
1.11560420
1.23083100
1.07902310
0.95961982
1.05020190
1.20232560
1.00564580
1.09652360
1.17646410
1.00531790
1.08419910
1.15712760
1.06983930
1.31540080
1.08770160
1.19382240
0.92084270
1.03659710
0.98085367
1.15814230
1.05842280
1.10329850
1.08380760
1.04585430
1.17666630
1.23065710
1.02361500
1.08220640
1.18002320
1.15374770
1.24558420
0.94958128
1.08418480
1.13611030
1.12402620
1.00014990
1.05516360
1.22979270
1.12480140
1.07629200
1.03831520
1.05395080
1.23841580
1.06228270
1.09313590
1.11131860
1.19897280
1.10672030
1.23686060
1.06312790
1.14643630
1.07243770
1.00881360
1.05283420
1.16634580
0.93371153
1.12753420
1.12979690
1.22810430
1.05498580
1.26302330
1.16454980
0.98492238
1.12833440
1.15118990
1.10131890
1.13146640
0.99994527
1.00399450
1.11927110
1.09551810
1.24272180
1.12790040
1.11626100
1.11589780
0.98120995
1.12856550
1.26061250
1.13707220
1.18934890
1.14317860
1.10714180
1.18888870
1.19738230
1.12876910
1.19508290
1.16534620
1.01430340
1.12901310
1.19087860
1.05511550
1.13910720
1.03771540
1.14067960
0.98496509
1.11170260
0.98275805
1.06675440
1.02147080
1.00951660
1.13476130
1.19846130
1.10878060
1.13954420
1.27415280
1.24208750
1.00943670
1.01926430
1.19987430
1.16151730
0.94803468
0.95422338
1.03557660
1.17204610
1.13110990
1.03988640
1.17930000
1.09791090
1.04152620
1.10786750
1.31534250
0.96594345
1.00590470
1.12936020
1.05774360
0.97527944
1.04526950
1.15971960
1.25400270
1.01206050
1.19997080
1.06325250
1.10296110
1.25383060
1.16880260
1.03799670
1.08053650
1.06377620
1.08497540
1.09665510
1.20804830
1.08258570
1.01383440
1.01094300
1.19920000
0.95267538
0.97430435
1.18560350
1.05396410
1.10565870
1.20599930
0.95957091
1.20672680
1.00423540
1.12979690
1.18468030
1.03187810
1.19248050
1.16188850
1.21510180
1.09857870
1.03673190
1.02511030
1.10964070
1.15616350
0.92209035
1.02077240
0.96966766
1.11864900
1.29579270
1.05585370
1.07275070
1.18044410
0.98969571
1.23796210
1.09440590
1.05789800
1.12677170
1.21600490
1.05503200
0.98383262
0.99792649
0.93267437
1.02321270
1.07274450
1.12276770
1.09620170
1.12731990
1.05074170
1.17956240
1.05618810
1.10481980
1.12565010
1.17400900
1.03997230
1.09923170
1.21473150
1.06646240
1.06510300
1.28286650
0.99967997
1.10982040
1.15004190
1.08815340
1.04686720
1.15514530
1.11418080
1.16307460
1.17236110
0.96396942
1.08752450
1.24205390
1.03107360
1.13287340
1.24740640
1.07395470
1.16973060
1.05652720
1.16178330
1.14450660
1.05552350
0.97104828
1.01599070
1.10402190
1.14401820
0.92067334
1.10143410
1.13205530
1.09604400
0.98860595
1.08578190
1.15718790
1.12818160
1.14044260
1.03400660
1.11727730
1.02005470
1.13368760
1.14208090
1.12891890
1.01982230
1.21922320
1.29106020
1.25756040
1.04046370
1.12689340
1.17242130
1.06466410
1.13517820
1.06617690
1.13972940
1.06293890
0.92445370
1.03694070
0.95384415
1.10442000
1.08102290
1.09895850
1.06995210
1.14171610
0.94202191
1.08609160
1.13234780
1.04782430
1.10538760
1.22760830
1.07055240
1.05722430
1.11517330
1.24183460
1.06062420
1.06221400
1.14019260
0.91234587
1.15419120
1.10550380
1.10131580
1.15956350
1.11130090
1.10159390
1.09740070
1.03656990
0.98108957
1.05125750
1.08720880
1.05969830
1.18925590
1.19231980
1.19083810
1.11404370
1.15152560
1.11907140
0.98661023
1.09906680
1.21810700
1.09607000
1.15184690
1.00218540
1.07381660
1.00994370
1.12498150
1.03016700
1.02483450
1.15241600
1.04899960
0.98131780
1.24786760
1.18755780
1.07520780
0.99098523
1.02014210
1.09064170
1.03605930
1.09124040
1.08769410
0.94188856
0.99916118
1.04485430
1.06149370
1.02493710
1.16870980
1.17386720
1.16942510
1.10922690
1.17476580
1.03333690
1.05795230
1.18221830
1.09808120
0.97912046
1.08214830
1.04193780
1.10020210
1.17243790
1.08294930
1.01544310
1.03535200
1.33330400
1.05922200
1.02424230
1.04205510
1.04307320
1.12794880
1.20866580
1.23029850
0.89979744
1.08842670
1.22138820
1.15831180
1.07964640
1.14939760
1.19686190
1.07005890
1.29105680
1.25050640
0.92909044
1.05189100
1.00699940
0.90354633
1.03627430
1.11725720
1.08310520
0.98278055
1.06408040
1.01710780
1.06513990
1.08518110
1.19938940
1.05085120
1.21090360
1.13414290
1.05083210
0.96776246
1.23738630
1.11600660
1.04445700
1.12496640
0.96975193
1.08558830
1.16805400
0.97244266
0.91503897
1.08450990
0.95237594
1.18729950
1.11127200
0.91619844
0.98453204
0.98673238
1.11369770
1.04302740
1.13338590
1.06850720
1.22506100
1.07940350
1.12067940
1.11705080
1.17992200
1.10577910
1.02634810
1.09138550
1.13772750
1.09057660
1.25779600
1.00450880
1.10674730
1.07050380
1.13961890
1.08939910
1.07526040
1.14087130
0.98012049
1.08013430
1.13569380
1.08835640
1.11648280
1.07487700
1.23615610
0.92350017
1.00408530
0.94245618
0.99140147
1.00920370
1.01837980
1.13817210
1.24123440
1.18526740
0.98016212
1.15364420
1.03350450
1.17940970
1.06019360
0.98312597
1.03694860
1.09087320
1.07815270
1.00174720
1.08071640
1.00649640
1.24017900
1.09882650
1.07872220
1.01131810
1.03138060
1.12198720
1.07593960
1.06903530
0.97305811
1.09391910
1.07359310
1.02668130
1.08067750
1.08383310
1.32733580
0.97597490
1.05921220
1.12156880
1.06733260
1.07469820
1.26525420
0.95931740
0.98605588
1.15913560
1.01824370
1.07979380
1.06814400
1.24957360
1.07598140
1.20864250
1.10768300
1.20662000
1.03087140
1.07567010
1.02368240
1.21032690
1.12848290
1.06483550
1.10596740
1.10918390
1.16597480
1.05935130
0.95276861
1.10151410
1.05367410
1.13141210
1.03856990
1.14142550
0.99504929
1.11355970
1.22670740
1.11217020
1.03082290
1.03500130
1.03215090
1.14485590
1.18742070
1.10322790
1.02972210
1.05773780
1.10600730
1.14726400
1.04305030
1.05224120
1.19817350
1.09756670
1.01520840
1.03363250
1.11403350
1.15355760
1.11161370
1.11174340
1.16321160
1.08535420
1.09173070
1.19230940
1.08078180
1.12861800
1.15923260
1.17576590
1.05844600
1.09215420
1.16793010
1.05321320
1.07978690
1.07494690
1.18786210
1.08198190
1.06913780
1.07288060
1.08279080
1.10049980
1.21582610
0.95651872
1.10876260
0.97469385
0.93232322
1.02058830
1.03790600
0.94998877
1.13421260
1.01142310
1.09576140
1.10469670
1.04976200
1.14356550
1.25750730
1.10710390
1.08734010
1.16378440
1.04287080
1.19505010
1.05786040
0.92553157
1.14118480
1.09777830
1.06459420
1.14699300
1.00726090
0.98147874
1.07917330
1.09897750
1.07358430
1.01041810
1.15399060
1.34907400
1.02232480
1.00236220
0.99210296
1.08042240
1.08110560
1.21851650
1.11980270
1.09364870
1.13753730
1.19892900
1.02786100
1.06740340
1.24131370
1.10023090
1.12256840
1.21727470
1.03074850
1.03255650
0.94346509
1.16108010
1.05597200
1.05726130
1.06302830
1.10161680
1.11270720
1.10223890
0.99979464
1.18115120
1.01924530
1.20280460
1.27372150
0.88211178
1.03456140
1.09689440
1.06976220
1.01492940
0.96609525
1.05217590
0.87871490
0.91235164
1.19475780
1.19772360
1.15218320
0.96712700
1.19768640
1.16185480
1.24337640
0.96015091
1.12428990
1.16190660
1.15302310
1.17793370
1.00984940
1.18580860
1.13633150
1.17373000
1.16281610
0.97701052
1.08090060
1.12868030
1.04351280
1.34405210
1.15399700
1.17401910
1.25188580
1.33420120
1.12613130
1.24061030
1.14531820
1.17563920
1.07483910
0.94328049
1.08323980
1.11751870
1.01343480
1.15377380
1.06146890
1.25104550
0.96424323
1.07236740
1.00901290
1.03538640
1.07547500
1.18520150
1.23501600
1.24229360
1.15002690
1.13293910
1.02168850
1.14535640
0.96726898
1.17707280
1.18706740
1.22067610
1.08163560
1.03364410
1.13064520
0.94797125
1.01838990
1.02299400
1.01350370
1.07885660
1.05716850
0.93064627
1.06786440
1.05777570
1.05021090
1.19828490
1.29851100
1.13267340
1.08474230
1.04434300
1.11002820
0.99458235
1.05990990
1.00369470
1.15478290
1.21928880
1.08207810
1.08281270
1.10349530
1.15102890
1.04329060
0.95867267
1.18804900
1.16745130
1.05994840
1.03928070
1.17554590
0.99613544
1.17699660
1.33921730
1.03786640
1.23448530
1.20738390
1.32405240
0.89098062
1.10081680
1.18002130
1.01484230
0.89540394
1.04520730
0.98647056
1.08600540
1.00772460
1.00307440
0.91738962
1.00086460
1.13509590
1.04051600
1.18027570
1.00047800
0.95953946
1.05540300
1.05666620
1.08678030
1.01193620
1.13386320
0.99104496
1.37204780
1.09959530
1.07840620
1.12047320
1.13640650
0.92523708
1.07986260
1.07804260
1.12700250
1.08445360
1.11774950
1.04987800
0.90678077
1.00608530
1.04316510
1.03971650
1.05230350
1.05597000
1.15876400
1.21749880
0.99002528
1.20871860
1.18744630
0.99084576
0.98400548
1.01972370
0.94245190
0.99703432
0.85728508
1.19557890
1.03790170
1.17189570
1.22531130
1.28239890
0.96140516
0.95867244
1.13620320
1.07249150
1.17230110
1.12085420
1.00320900
1.05396780
1.03744180
1.01513340
1.17932060
1.16613360
1.09100370
1.17777110
0.97326060
1.09169880
1.18469620
1.19426280
1.11668920
1.15320900
1.23316380
1.12831880
1.13366460
1.06781040
1.15132390
0.97767662
1.05797950
0.96419217
1.17527360
1.00177000
1.07164630
1.23039040
0.97949564
1.03110780
1.10990520
1.08661360
1.01146960
1.07806640
1.19426440
1.11237510
0.99754451
1.21996010
1.02250370
1.06554210
1.12059550
1.16111390
0.98790739
1.07973590
1.17831030
1.17061900
1.19503530
1.13969570
1.19977570
1.05953990
1.15150360
0.99001669
1.12003540
0.94504074
1.09338360
1.01755070
1.15928960
1.16572780
1.08240310
1.15746550
0.97698042
1.32674830
1.08641260
1.11690290
1.08631320
1.15397990
0.99080120
1.13219620
1.08861880
0.98732491
1.16589550
1.07557260
1.08174450
1.15726290
1.09540170
1.12273260
1.13174120
1.30654250
1.06513240
1.24114870
1.09470100
1.07113230
1.02914830
1.09306220
1.12876770
1.14866250
1.02231940
1.16010010
1.04829390
0.99801843
1.10285710
1.25258170
1.04156860
1.05406440
1.20416820
1.03632940
0.99339865
1.04967350
1.15552540
1.13938970
1.01453040
1.27575790
1.05372090
1.09354860
1.09264310
1.05869500
1.11097680
1.05306630
1.10709740
1.08231000
1.12520220
1.11176170
1.06477320
1.08845950
1.04131240
1.12785380
1.09009670
1.10369560
1.20580970
0.94201980
1.02402330
0.99070193
1.01251670
1.16973520
1.05518950
1.15179980
1.15901650
1.05470620
1.12351880
1.06565050
1.18498160
1.20645380
1.07493380
1.12117540
0.97927634
0.99688838
0.95392509
1.12488340
1.09679490
1.16702660
1.07018920
1.12365560
1.24762100
0.93616293
1.00628670
1.13065220
0.99582475
1.18171980
1.05353780
0.96514509
1.01823450
1.19832450
1.16188530
0.91964952
1.03428040
1.03503830
1.10403500
1.30622180
1.18164260
1.02297520
1.03000080
1.02193280
1.07972670
1.01586010
1.13015130
1.09013070
1.09743470
1.09052050
1.02027910
1.02979000
1.06693630
1.04651930
1.04478540
1.05247650
1.03438980
1.15701060
1.05804830
1.06339920
1.06608910
1.13394810
1.23911120
1.07687240
1.04792500
1.10560680
0.96809157
1.16424710
1.20849640
1.12641570
1.24935260
1.18598120
1.12177020
1.04550590
1.19221770
1.08253170
1.28527820
1.09036370
1.14191090
1.13929270
1.07450100
1.19241780
1.11038600
1.07682910
1.20959680
1.07274600
1.13901200
1.05584570
1.03811240
1.09152810
1.19474530
1.09326250
1.00839270
1.06122500
1.08013870
1.08298130
1.09333740
1.01755710
1.05782630
1.04754410
1.04963920
1.16302450
1.14937300
1.09238490
1.02124280
1.01073500
1.10822560
1.06786280
0.96371384
1.02832880
1.03549320
1.06800790
0.98585221
1.06264420
1.19251580
0.94032912
1.13152860
1.22647850
1.12105240
1.05116520
1.10292270
1.16301240
1.27418940
1.04573070
1.04673750
0.99878798
1.15691530
1.05029070
1.04537370
1.11565940
1.11814640
0.95569918
1.19630930
1.04029270
1.06088930
1.15389810
1.16201560
1.04586090
1.10677940
1.05988650
1.14921740
1.06926480
1.10765630
0.99301280
1.20494540
1.09317330
1.04835560
1.22335060
0.98902403
1.27241230
1.12070230
0.97644351
1.37126900
1.03912310
1.19064070
1.14764940
1.07040760
1.22783480
1.15897990
1.27349480
1.01745650
1.11434420
1.03485780
1.07400060
1.16704690
1.09973540
1.13001900
1.19039820
1.06786210
1.11067170
1.05712290
1.12423930
1.23570430
1.09568480
1.22221540
0.98958275
1.07587650
0.92126707
1.21396070
1.21907380
1.02060850
1.13356260
0.99628935
1.12620900
1.02384720
1.09797150
1.11962510
1.15263570
0.97033513
0.86350978
1.06932300
1.18868800
1.13578400
1.12605030
0.96859981
1.28006490
1.09713270
1.07191730
1.11563520
1.05007530
1.02110500
1.08834870
1.14097330
0.98328008
0.97700138
1.08927130
1.14641500
1.15780240
1.19725050
1.08491120
1.08097600
1.25700750
1.23500060
1.13574290
1.09852960
1.12080910
0.91860258
1.10509440
1.23179820
1.13652640
1.00894520
1.21173730
1.11695270
1.04289900
1.19471370
0.99544203
0.99913598
1.24927310
0.88122068
0.99114064
1.09165910
1.09517430
1.01257720
1.05894880
1.14848150
1.19616040
1.11756360
1.13327140
1.08162110
1.28011370
1.19452090
0.96278895
0.96960358
1.05092890
1.05432630
0.91380278
0.98656866
1.10126830
0.96368722
1.08357810
1.10689730
1.14990320
1.10283550
1.08245750
1.08899220
1.16546520
1.05863890
1.16076480
1.06216500
1.26406700
1.11643250
1.07835900
0.98004489
1.13741100
1.11573580
1.09861020
1.18810560
1.04833310
1.03121530
1.11271050
0.94951977
1.16137160
1.07181200
1.10002650
0.98402535
1.00258900
0.98963701
1.08418940
1.05042040
1.03989990
1.14450090
1.21031960
0.98866231
1.06783110
1.07745730
1.20671190
1.04550380
1.12421730
1.08817000
1.14186820
1.14769670
1.20099200
1.08696280
1.11426490
1.26453300
1.24368070
1.09856800
1.12383660
1.33041190
1.20685840
1.03289930
1.02743240
1.08254620
1.00418110
0.95321447
1.06253750
1.14740470
1.07364120
1.09990240
1.16004300
1.35045230
1.08284230
1.03636380
1.12093260
1.01121580
1.23400170
1.14260250
0.97153307
1.05899640
1.06056140
1.06067250
1.01593950
1.06834310
1.20501950
1.13617610
1.05325720
1.36359890
1.02773600
1.26509520
1.02935270
1.07179460
1.04953100
1.19150310
1.14916160
1.16362150
1.11894550
1.02379510
1.06270440
1.05288830
0.99427161
1.02734730
1.08251030
1.25653520
1.11664460
1.10244110
0.94001225
1.11433960
1.06140020
1.06940590
1.13991670
1.04934110
1.14514070
1.17622200
1.08998940
0.99752048
1.10578780
1.07524320
1.04520010
1.07431190
1.01011210
1.14921990
1.04766500
1.12620730
1.15916180
1.00223810
1.08947870
0.99367714
1.04914120
0.97390364
0.97281795
0.94492464
0.98021559
1.16955370
1.23969110
1.11388840
1.17010800
0.95365330
1.23609700
1.08791600
1.07337680
1.06150300
1.00752480
1.07095950
1.04815550
1.27420830
1.13871690
0.97350497
1.12329710
1.09577220
1.06571250
1.10998610
1.12685390
0.98514695
0.89481713
1.09576310
1.05784130
0.97674909
1.07571260
1.23039080
1.12464520
1.04827730
0.98953543
1.01057300
1.02636880
1.11640230
0.92805470
1.07742200
1.20259550
1.27870300
1.11352270
1.03048690
1.10601410
1.17462230
1.06041830
1.12346710
1.16590260
1.22801430
1.00504810
1.04989090
1.27807870
1.14267290
1.01140800
1.09981500
1.25374720
0.95506018
1.02305300
1.18900170
1.07276950
1.03953820
1.19587350
1.08494900
0.98846917
1.02256250
1.07054110
0.99616512
1.12114570
1.02874530
1.21211600
0.92253684
1.17628460
1.16692220
1.11103390
1.07276210
1.21239630
1.06208900
1.08601570
1.12085860
1.16467210
1.01652960
1.18355320
0.97382561
1.16274080
1.13956090
1.17558300
1.01627830
1.12661460
1.20756500
1.09773110
1.02210820
1.06311170
1.09274070
1.08587920
1.10704220
1.07193150
1.18899770
1.05986410
1.13105630
0.96799828
1.14369370
1.06055260
0.99929266
1.13704210
1.05931730
1.08558820
1.06824630
0.99037705
0.94092887
1.18943260
1.05815950
1.03913030
1.14300900
1.15691960
1.07616140
1.04663620
1.15711530
1.03798660
1.22370190
1.00743960
1.05555290
1.20686020
1.19555960
1.22907770
1.01730840
1.09261370
1.25728090
1.15359400
1.06958280
1.00619310
1.02296630
1.05796160
1.13986300
1.03641700
1.20292500
1.18288200
1.05291600
1.24162260
1.20569850
1.09763230
0.98660110
1.13820830
1.01393780
1.05874320
1.10810780
1.07585910
0.97181121
1.10009490
1.03495820
1.04668550
1.03344580
0.98759540
1.21848970
1.12187530
1.00079200
1.02741850
1.05584730
1.05869040
1.17823110
0.94799286
1.09862340
1.07568320
1.14322490
1.03583170
1.01658090
1.06898390
1.22257600
1.08286260
1.16782080
1.14749620
0.95234772
1.05762340
1.12592210
1.13698150
1.20344630
1.24581000
1.11122970
1.10067620
1.10826970
0.99499002
1.10617510
1.20939420
1.03707400
1.26052050
1.15042290
1.10786270
1.24382410
1.15079780
1.24850130
1.08529050
1.10549630
1.16141210
1.10826750
1.22352470
1.09061280
1.03681570
1.11009170
1.09335930
1.08755440
1.13025060
0.97526341
1.04224640
1.16775480
1.12635770
1.15076650
1.00062920
1.13315910
1.13309990
0.98435541
1.07698380
1.04777830
0.90935235
1.13116510
1.06890570
1.08644370
0.97160785
1.01870230
1.13389530
1.05162470
1.18828840
1.08546840
1.20864150
1.11647580
1.09240900
1.16469720
1.05621290
1.07357190
1.09714300
1.13868020
0.90568738
0.99110536
1.18423490
1.06254890
0.94051233
1.07175670
1.10393740
1.10633950
1.16555810
1.09154830
1.07794730
1.09691460
0.99923315
1.16202770
1.05771650
1.19846800
1.08800280
1.14355950
1.11974710
1.11336610
1.15077110
1.04363910
0.96784340
0.98778206
1.06693830
0.98560214
1.03842550
1.07108590
1.20345680
0.96111028
0.88818699
0.99708564
1.04304510
1.11898600
1.21327900
1.22090810
1.25196400
1.01822140
1.13738910
1.08519270
1.27952200
1.15135210
1.06548600
0.98731577
1.23679810
1.12214250
0.98910655
1.16150270
1.08502470
1.13817940
0.97918170
0.98021587
1.02351940
1.06778090
-0.12530943
1.09493570
1.01730900
1.07791900
1.14409940
1.05693350
1.11537970
0.99013473
1.01634590
1.19333800
1.07938170
1.01086520
1.14017930
1.00201400
0.99006211
1.13656680
1.08445560
1.13816760
0.95236438
1.04609810
1.09551420
1.16219860
1.01053410
1.10093070
