1.04640840
1.01411970
1.17081680
1.15178950
1.16163080
1.29448470
1.17954470
0.89425851
1.07215860
0.99192047
1.08125550
1.06825440
1.08282140
1.17674410
0.79470970
1.02237180
1.13053260
1.25326140
1.13779960
1.26786140
1.20215700
1.13198300
1.09794160
1.19270540
0.95221599
1.17391880
1.06394350
0.85595154
1.02322650
1.19437610
1.29635860
1.28600440
1.28784720
1.28494030
1.13178860
1.05564560
1.45085060
1.24395640
1.24825690
1.22868450
1.02126130
1.00970030
0.91013718
1.12694850
1.07565260
1.08081840
0.90297766
1.21707590
0.91489903
1.01720340
1.13142300
1.20971060
1.09652340
1.07927640
1.20110650
1.06991720
1.19024990
1.20868060
1.10125320
1.08393410
1.26898430
1.24306750
1.34068120
1.03905350
1.21764200
1.20821880
1.03237280
1.34570350
1.08237770
1.04805190
0.91078342
1.19775550
1.22834200
1.19551300
0.98314765
1.05612900
1.07838250
1.10529770
0.98041778
1.13295000
1.43119740
1.50913130
1.51433800
1.47553930
1.54456190
1.41619870
1.31534350
1.04469380
1.01941180
1.07065440
1.06591320
1.07194110
1.31408080
1.24992820
1.45889280
1.60025060
1.27524830
1.45528140
1.13291880
1.43423540
1.55849200
1.40495950
1.66533820
1.62885730
1.33301090
0.94951817
0.92633645
1.05578590
1.12603720
1.29911620
1.15744270
1.19484980
1.21245480
0.94913245
1.34821740
1.10546480
1.43439520
1.18973280
1.53037410
1.00307050
0.80181298
1.18226850
1.00784770
1.02812230
0.96364451
1.11761580
1.17085510
1.15703130
1.20959240
0.83564870
0.80901570
1.37444730
1.23527420
1.48812940
1.47968660
1.38511150
1.54854340
1.04200950
1.07560560
0.85464187
0.92411721
1.11969900
1.45729460
1.01631690
1.20383080
1.36363580
1.34068930
1.35651690
1.47743950
1.26900700
1.59452690
1.49660160
0.91349183
0.93044208
0.89430556
1.15907090
1.11843380
1.07867480
1.15452990
1.30139030
1.33201690
1.18108220
1.29906380
1.26304820
1.10347020
1.04858890
1.21664260
1.20597900
1.05213660
1.08881090
1.40812460
1.02788740
1.10879090
1.16613550
1.06420740
1.17556400
1.20783590
1.34481620
1.21306000
0.95778512
1.03514730
1.35959050
1.38166610
1.03444020
1.09825560
1.42022730
1.21311050
1.02949260
1.15596910
1.10920790
1.09080200
1.35411620
1.38186170
1.36477620
1.49789380
1.43890620
1.01363810
0.91899996
1.02643350
1.07448820
0.98349378
1.29541550
1.18283540
1.22877760
1.19375990
1.31315650
0.96479123
1.03239890
1.06580970
1.18374610
1.08355020
1.05059900
1.16822510
1.04150360
1.11014870
0.99016851
1.09082210
1.07262540
1.09381440
1.17172880
1.18688470
1.31472960
1.35271680
1.45077470
1.09942670
1.25862500
1.55567170
1.04378110
1.01064490
1.09264030
1.03655040
0.97738825
1.02075020
1.17365390
1.23365290
1.30535490
1.01136360
1.34252450
1.26227870
0.97545466
1.04360110
1.16121360
1.27571190
0.78323619
0.89930682
0.94448401
0.95619898
1.19568780
1.00931660
1.11907190
1.06582030
1.35057520
1.13247510
1.25165890
1.09433840
1.14647820
1.09639920
1.28363890
1.22315890
1.23122800
1.39248900
1.15314310
1.02127780
1.29111740
1.35795930
1.10894090
0.96578140
1.05343810
0.99091719
1.18226220
1.14630770
1.04433080
1.21890720
1.19505480
1.40071830
1.44512530
1.05521590
1.40837230
0.92816001
0.92136307
1.02600640
1.11735370
1.15576240
1.38305820
1.15585150
1.10061130
1.05898870
1.09075140
1.17764280
1.40534250
0.99691000
1.14862280
1.30487060
1.04938390
1.02499220
1.13474480
1.15300430
0.90350324
0.84678223
1.02970520
1.25637160
1.13694940
0.82631392
1.14131110
1.10521700
1.16875480
1.26716980
1.02654600
1.13352760
1.01678910
1.29985310
0.96735994
1.17267710
0.91921860
0.92600011
1.18288320
1.20638780
1.22546990
1.12574390
1.18764110
1.31150000
1.05163470
0.99081918
1.13088600
1.56489430
1.27731520
1.51333600
1.26628600
1.56149080
1.41549890
1.45373130
1.15676610
1.18832830
1.01152050
1.42692120
1.31198530
1.38295850
1.51615010
1.35950210
1.55913990
1.26827760
1.26955520
1.21163630
1.35503350
1.45340200
0.95546365
0.99538909
1.19336020
0.97342201
0.99404997
1.19719810
1.08712650
1.12059830
1.34690560
1.28925620
1.38773640
1.43093690
1.17361290
1.16995030
1.22984740
1.28103380
1.04139240
1.11027680
1.06602090
1.29722430
1.12782250
1.11990260
1.34696750
1.39240440
1.26991400
1.34944820
1.37421700
1.25428640
1.24322200
1.32467850
1.36383940
1.35765910
1.20192270
1.21867430
1.22337070
1.28339950
0.96369013
1.25923190
1.36566650
1.25650050
1.33007140
1.13243250
1.05348930
0.98953588
0.99841997
1.04237110
1.11466520
1.26068710
1.01288450
1.11528270
1.34146830
1.23785330
0.99534485
1.22015060
1.23834180
1.17788030
0.97702555
1.17911930
1.14937280
0.88847067
0.94201505
1.22630030
1.06527900
1.18542800
1.11191460
1.20909640
1.31089550
1.30081600
1.05865450
1.27026260
1.51672230
1.21740290
1.49949470
1.53717050
1.15809750
1.11552350
1.21459130
1.28629430
1.42079410
1.23890290
1.24463410
1.30709660
1.20009440
1.21167730
1.22605180
1.25191320
1.02486250
1.14352880
1.25410250
1.17426350
1.30955290
0.99526940
1.05681400
1.06533580
1.19055630
1.35074690
1.18982380
1.29622590
1.28441500
1.63165290
1.46809110
0.93775846
1.22778510
1.22140960
1.41355080
1.47791680
1.28428730
0.94934579
1.03355090
1.25876880
0.99862316
1.10194520
0.92699248
0.89562477
1.16901920
1.14801380
1.30655210
1.20076210
1.20486310
1.14251780
1.31299440
1.42638440
0.76154457
0.96137886
1.01326690
1.38694130
1.39053560
1.26783780
1.49346980
1.59184640
1.38872370
1.04715680
0.85638843
1.28297030
1.14795630
1.30468610
1.38537920
1.39883160
1.19989670
1.42901160
0.94141334
1.08069920
1.13125720
1.25726080
0.98934551
1.16462500
1.10513620
1.16887580
1.16870420
1.28873090
1.42047400
1.32099760
1.59988900
1.51941020
1.30031660
1.06194790
1.19472620
1.50574390
1.26407720
1.31800350
0.85160222
1.12696240
1.10395620
1.18837600
1.24783130
1.15101600
0.89411737
1.12081550
1.00821270
0.92815841
1.16346500
1.42012760
1.45197890
1.46265660
1.45015060
1.36844300
1.33154310
1.33498690
1.41793460
1.35515680
1.25712630
1.31159280
1.50606690
1.04394440
1.08632490
0.86781266
1.10955960
0.97981968
1.33042840
1.33436270
1.37706080
1.30222060
1.39417770
1.26420820
1.28489280
1.37113090
1.30245340
1.35586440
1.13827560
0.95209526
1.21864520
1.18957970
1.15042120
0.96619069
1.14331850
1.01746530
1.27326570
1.34004910
1.10304400
1.33813630
1.49915720
1.03722760
1.17575500
1.27818720
1.33640570
1.62837040
1.42034450
1.51133780
0.91324119
0.98383026
1.14082470
1.15337650
1.30488070
1.18994520
1.18145340
1.02494080
1.06209650
1.03669180
1.21443080
1.22283700
1.33470730
1.12591390
1.22463770
1.25527600
1.01964490
0.98995015
1.20558870
1.26288030
1.13648360
1.06808930
1.16693270
1.32452900
1.12545400
1.23668200
1.12786440
1.13913870
1.08668500
1.19530760
1.05285710
1.05919780
1.04760610
1.04569190
1.15173540
1.18976190
1.17072180
1.14835970
1.24988890
1.04923950
1.26617690
1.47196540
1.47406380
0.94372098
1.19949030
1.35317440
1.11899660
1.11414240
0.87664653
1.16629160
1.25078340
1.33485020
1.13536610
1.11525630
1.02406440
0.99053128
1.27037270
0.87631361
1.17632970
1.43168850
1.50649930
1.23779730
1.18077710
1.21795190
1.41800870
1.41544630
1.26150190
1.41260560
1.52953800
1.49017010
1.63908490
1.53656970
1.14014120
1.14071570
1.33062530
1.41673060
1.28364010
1.00952640
1.27199650
1.09728900
1.34317470
1.36543590
1.29816380
1.33095960
1.38245970
1.24773030
1.36790840
1.38624030
1.35837830
1.20065390
1.25849910
1.53550860
1.36679680
1.45459550
1.05565950
1.12083530
1.04802280
1.17086890
1.35843320
1.35676230
1.43157660
1.38840410
1.59377670
1.24119180
1.22064770
1.31165320
1.25514270
1.39128740
1.32734110
1.37578170
1.38951120
1.34200980
1.25167830
1.20255920
1.31658860
0.92423686
1.06734590
1.29729240
1.17485270
1.39704050
1.35848460
1.36919560
1.40228530
1.50595980
1.15960960
1.17605070
1.16682720
1.13286810
1.05036980
1.26900110
1.22522450
1.16028250
1.12724500
1.09997410
0.97800504
0.93975948
1.11197340
1.42310840
1.25192990
1.13235390
1.15107010
1.08710980
1.02042470
1.29490680
1.06500180
1.20951140
1.52200790
1.51830690
1.61448110
1.38253020
1.47461970
1.50487360
1.53046700
1.16717920
1.28843320
1.48244260
1.56175260
1.03053670
1.58990820
1.28327520
0.93354684
1.11104220
1.17241120
1.27318910
1.20743330
1.29239740
1.06390820
1.27175020
1.07388910
1.12479500
1.43174040
1.43033190
1.41807630
1.14175710
1.10280860
1.30927260
1.38191980
1.30344640
1.19963980
1.08865460
1.39787500
1.09519710
1.18229120
1.40697860
1.18420540
1.41007200
1.52732270
1.35431090
1.52890460
1.19816560
1.37808050
1.46723270
1.49824750
1.28956430
1.37457770
1.30955340
1.33915370
1.08951610
1.10648220
1.08617150
1.16671280
1.32808340
1.26890560
1.39724650
1.09535050
0.96530926
0.88319341
1.20763110
1.25382670
1.17160990
1.44100890
1.26320480
1.14695850
1.05037670
1.17147340
1.14952690
1.26749530
1.02337710
1.20338480
1.12838540
1.34877040
1.25119860
1.18880610
1.06678950
1.24665750
1.44497170
1.25450590
1.22906720
1.21817880
1.18018450
1.19975110
1.24082290
1.19332950
1.35120610
1.32741760
1.25330190
1.08645670
0.90043274
1.04308510
1.24543500
1.22982930
1.31578460
1.38856150
1.51745800
0.93579329
1.10211650
1.20451470
1.45903320
0.94736916
1.21299170
1.10582290
1.09797370
0.94724604
1.03146490
1.14084910
1.18740920
1.24532450
1.11701490
1.12073740
1.28658020
1.03854170
1.18036990
1.07461920
0.96850352
1.10964810
0.98248225
1.22298360
1.38940870
1.41911270
1.53955320
1.33757710
1.65282550
1.14248560
0.99861927
1.11000840
1.18476970
1.33272010
1.33011190
1.47298840
1.38229480
1.05066520
1.04471910
1.14895450
1.22421520
1.38787820
1.29222510
1.15497730
1.21883160
1.06327850
1.28351720
1.47194990
0.90132200
0.87069030
1.07023790
0.98247398
1.14421830
1.16401500
0.99110123
1.03842090
1.09102270
1.42054860
1.14192250
1.13704650
1.22222320
1.20270900
1.24728620
1.16376360
0.96619970
0.87479027
0.76145468
0.93294478
1.37419050
1.27067040
1.20837000
1.24373700
1.17766190
1.34031950
1.22334290
1.24422330
1.21602350
0.88420174
0.74809398
1.22948980
1.25287300
1.19322900
1.31521650
1.39509520
1.46086360
0.92183046
1.23688270
1.07239760
1.01555840
1.27547840
1.30847570
1.28665290
1.29786600
1.31764220
1.29027870
1.39832450
1.39990020
1.37201400
1.06605980
0.98170262
1.13155210
1.19679560
1.13745540
1.04275750
1.26003440
1.25194630
1.29448210
1.20261740
1.03053280
1.14930430
1.29520920
1.46539000
1.36866570
1.26974800
1.23529670
1.51158800
1.51113700
0.91647906
1.02963030
1.05324700
1.08044610
1.36209640
1.44428640
1.35490390
1.30123010
1.42102390
1.33156790
1.42185050
1.08415060
0.90043206
1.11742370
1.17052600
1.18904940
1.29237540
1.39538420
1.33728820
1.45289320
1.46137730
1.41663720
1.06106550
1.21726790
1.27398310
1.07619970
1.18895030
1.29718820
1.34718040
1.32467170
0.94907459
1.11761150
1.08371940
1.35974020
1.16545410
1.23842400
1.06670940
1.28172120
1.20616870
0.90927564
0.99936253
1.21782850
1.04864090
1.18026130
1.39326760
1.47020780
1.46858450
1.20102820
1.41058990
1.03179470
1.53693330
1.22117880
1.31897350
1.09906150
1.35171450
1.29892110
1.47222010
1.33128280
0.79968014
0.87743260
0.92010673
1.38875180
1.27687610
1.11133270
1.42551510
1.10621870
1.63143260
1.42315100
1.26495820
1.58532520
1.77449690
1.07508210
1.20020610
1.31216070
1.31668060
1.21012100
1.14712430
1.10800790
1.08945530
1.33420320
1.08706750
1.36666140
1.40437190
1.23134800
1.42627210
1.10665700
1.23224210
1.10776290
1.24935960
0.85103965
0.87328279
1.27147120
1.33409810
1.18723660
1.53153960
1.26860580
1.30639660
1.52223500
1.16402860
0.91871080
1.13316850
1.20358810
1.30093980
1.31484060
1.28699290
1.47178330
0.95104789
0.83854834
1.28791460
1.47942510
1.36455630
1.28924910
1.44067000
1.37131090
1.64135240
1.44358960
1.22399610
1.19265120
1.09754970
1.22234020
1.05625580
1.16258700
1.30984830
1.35930250
1.39230620
1.28201980
1.06600440
1.40451460
1.24534870
0.83493962
1.40677270
1.22296430
0.96606875
1.10757970
1.13429560
1.25372880
1.16533460
1.27388150
1.34689510
1.25316110
1.06661490
1.36779430
1.25485150
1.11812580
1.26429510
1.33402350
1.44426380
1.10810880
1.04404480
1.11094300
1.35556590
1.18607110
1.36084390
1.04140240
1.12673370
1.20502750
1.27217480
1.17997950
1.11638660
1.08767570
1.25393250
1.11375710
1.12586760
1.38018030
1.08440950
0.87145909
1.12764310
1.03407010
1.35317490
1.40301370
0.99410807
1.33126030
1.36348600
1.44594380
1.41472410
1.40031500
1.18028450
1.55492770
1.48036560
0.96956451
1.14105170
1.43690490
1.27848040
1.33990280
1.12991440
1.12160130
1.18859180
0.94418157
1.06750460
0.99697659
1.17833780
0.99981423
1.03709320
1.18402750
0.95713846
1.08911590
1.12861550
1.19913600
1.30182090
1.07052600
1.07617180
1.04529330
1.35570610
1.15904860
1.29467660
1.35126850
1.29158630
1.41585750
1.26314960
1.16427800
1.35362620
0.99211499
0.98472963
1.29078040
1.13770960
1.17512060
1.05225270
1.03259920
0.95150566
1.06182390
1.14081080
1.17911380
1.24825780
1.40695860
1.18791650
1.31904240
0.97849255
1.24539910
1.10646180
1.13314590
0.92809084
1.04832500
1.22300860
1.26275470
1.20351620
1.14879240
1.25685160
1.38552510
1.18474540
1.12211010
1.18635400
1.06372410
1.24137690
1.08566820
1.12139290
1.09623980
1.41433810
1.30397180
1.38496580
1.21732810
1.33392600
1.23167200
1.38203830
1.10914450
0.96250290
1.00112000
1.08467680
1.01674130
1.09497300
1.26856420
1.25844670
1.07967710
1.32297990
0.89307868
1.01785680
1.08551900
1.22072290
1.33648120
1.00357500
1.10493700
1.12286290
1.34816240
1.34368920
1.22381970
1.16699540
1.33288120
1.30676160
0.91955647
1.04479930
1.30036140
1.04300530
1.06174170
1.44265290
1.40320380
0.79192575
1.10260960
1.19283120
1.26870550
1.22535320
1.28018760
1.32223240
1.48783690
1.61104550
1.50621900
1.46788490
1.79735760
0.93198627
0.91272280
1.11644030
1.32362040
1.32997820
1.16616650
1.34295320
1.08327650
0.94189829
1.03256300
1.14800590
1.13118260
1.06299320
1.28505860
1.05927230
1.13872510
1.15200240
1.26434100
1.23920010
1.29518120
1.37186430
1.39252960
0.98827221
0.97349316
1.15342670
1.17828400
1.06076710
1.39484710
1.23882200
1.20144420
0.98133570
1.26400700
1.22112630
1.16139000
1.21170510
1.16556020
1.35062430
0.97190395
1.21062980
1.23625030
1.35526080
1.23165310
1.09383560
0.98160751
1.39469760
1.41300290
1.36812210
1.59130770
1.49572710
0.96271878
1.12196000
1.09015250
1.26215360
1.23803270
1.37064410
1.15654870
1.36828520
1.48816710
1.10439600
1.06892740
1.35460700
1.15888390
1.27854860
1.22666190
1.41534580
1.11745660
1.07463930
1.07992760
1.00030480
1.17464930
1.19676110
1.40142360
1.41823020
1.19724470
1.17587960
1.40346990
1.39120880
1.23075130
1.21698340
1.14488410
1.23283750
1.27144620
1.10924710
0.97660584
1.00298130
1.42248620
1.23541780
1.47705720
1.39653090
1.36489760
1.43158660
0.95009136
0.91252756
1.37492710
1.44903040
1.21731940
1.38438200
1.36880680
0.89134168
1.14175080
1.16801460
1.08519670
1.16439970
1.17470880
1.21550960
1.27482240
1.31924420
1.42959610
1.16321210
1.36719080
1.23871320
1.35458230
1.40828850
1.08330040
0.75870926
0.92150916
1.05349430
0.98054589
1.13359240
1.11470480
1.02970320
1.13200170
1.11819280
1.18996660
1.07069370
1.07549650
1.07168250
1.28281480
1.21416910
0.91139811
1.18563500
1.17754090
1.28104210
1.15674550
1.02835590
1.21209110
0.99161409
1.28691390
1.37022020
1.26226260
1.22117980
1.09004270
1.15864060
1.26119450
1.12255840
0.96075453
1.17172180
1.02297630
1.15860140
1.21887510
1.28495250
1.15594660
1.24077630
1.28365070
1.33023680
1.42619830
1.45064600
1.61541260
1.62849510
0.88554073
0.75114842
1.14887580
0.88141674
0.68310938
1.04458000
0.95093263
1.23117490
1.50571650
1.01670520
1.12288580
1.15699310
1.17860950
0.99716942
0.98508382
1.00642560
1.10814170
1.39215960
1.17310930
1.37105760
1.08628290
1.34569630
1.25623630
1.14574550
1.06771370
1.46072020
1.55041310
1.22024790
1.08993250
1.46521390
1.25305950
1.46424110
1.36898810
1.28565230
0.95682619
1.11654280
1.22941230
1.34247340
0.90119281
1.21676060
1.04844480
0.95302352
1.02636710
1.31742180
1.41366600
1.46456670
1.50796380
1.70175440
1.69759330
1.28456850
1.25483340
1.25865650
1.21107800
1.41489440
1.01328960
0.98976464
1.12747010
1.34139300
1.29417900
1.16756160
1.23183170
1.08713320
1.13291630
1.14743540
1.01791070
1.24852100
1.17934060
1.18466500
1.00361990
1.19219140
1.09552590
1.14047040
0.94598453
1.00327570
1.05921120
1.15395260
0.98899855
1.42408240
0.93196020
1.31736150
0.87270075
1.44513880
1.16561150
1.32531810
1.38615810
1.46416950
0.92946099
1.14748320
1.28447210
0.99557987
0.99568611
1.09190010
1.26903630
1.06987090
0.99793544
1.09630940
1.28192380
1.26967760
1.33871080
1.35537740
1.26093000
1.32305490
1.15720840
1.31115840
1.20200740
1.52645060
1.00096800
1.09476330
1.14352240
1.26567590
1.40666660
1.31117640
0.99285658
1.01207530
1.18735450
1.09282650
0.91603737
1.23520480
1.20605040
1.23297960
1.25779200
1.28984110
1.40181230
1.01963710
1.17811090
0.92954368
1.14430090
1.24861060
1.09347910
1.12855550
1.39808820
1.10210760
1.26816300
1.34190880
1.53042150
0.96575476
0.87021946
1.27386350
1.40316320
1.44602470
1.40697870
1.47079560
1.04211790
1.09997440
1.01554610
1.01089600
1.09508120
1.08284040
1.32240500
1.26783140
0.87799095
0.90513320
0.97852255
1.24922380
1.26409720
1.20675720
1.41448470
1.24592860
1.48023740
1.34824440
1.52867720
1.46218200
0.87432253
0.92561954
1.00213080
1.29724650
1.30788260
1.47873090
1.43583330
1.39215900
1.24150000
1.25063430
1.43043490
1.41335810
1.16777420
1.32103200
1.15629640
1.37395770
1.28964490
1.57557590
1.42907210
1.57084910
1.25180600
1.31405410
1.28447690
1.52504610
1.12697130
1.39215230
1.12415250
1.28145400
1.41486920
1.16419050
1.26055850
1.09008330
1.22982870
1.22494920
1.16923530
1.35041000
1.35814130
1.39155810
1.49149760
1.47573180
1.06619320
1.15272090
1.16785030
0.99234849
1.00181240
1.23214990
1.08438900
1.17792830
1.06200550
0.91376700
1.31272300
1.21623520
1.29420890
1.36724560
1.41001420
1.29721760
1.30308650
1.18736720
1.11307600
0.89813658
0.98725446
1.18987600
1.34442410
1.27616450
1.32239430
1.62713510
1.12657060
1.06171080
1.39527890
1.49662370
0.95742703
1.16334350
1.03992790
1.43724160
1.37041450
1.31276600
1.52064460
1.48297630
1.62130590
1.39181550
1.27873770
1.54265130
1.44931780
1.36714720
1.09958330
1.30521210
1.14380520
1.19149320
1.07194600
0.85010015
1.05680220
1.28627810
1.21436740
1.29345400
1.24737810
1.33626490
1.22078160
1.44974920
1.31073870
1.70284730
1.43967820
1.53401030
1.49578900
1.69436260
1.23026420
1.03135380
1.17113860
0.93214365
0.96815747
0.93088241
1.13115750
0.98569447
0.99454748
1.28617190
1.39747760
1.22132410
1.15281510
1.44667790
0.87930522
0.85393560
1.02107740
1.12134750
1.18089800
1.14000300
1.21761530
1.13835590
1.34278320
1.31043290
0.98725064
1.03380200
1.03014840
1.08209340
1.29191520
1.01289270
1.11948560
1.17622630
1.06332870
1.11685100
1.44919610
1.23063360
1.23088780
1.28514690
0.85685698
1.15323160
1.14306270
0.97572065
1.21226520
1.18756420
1.20724090
1.27044720
1.28451930
1.51516220
1.32122560
1.30712780
1.33291880
1.23604190
1.01668370
0.96438508
0.97550223
0.96408986
1.09855820
0.99028195
1.14197650
1.10108870
0.93907389
1.17728380
1.26321790
1.32839440
1.24411420
1.46240490
1.40270030
1.22864180
0.93210941
0.89269686
1.19034260
0.89399736
1.12954670
1.23497250
1.28389870
1.27467710
1.02893120
0.93317856
1.22818500
1.01554340
1.16836090
1.17381620
1.09525770
1.15999390
0.97104645
1.12745530
0.98454002
1.16348510
1.06845240
1.05330380
1.15361530
1.10309510
1.23698770
1.31295540
1.35040420
1.23761420
1.44270440
1.09593410
1.00539000
1.10943260
1.11513200
1.04835860
1.21467220
1.01297970
0.92101624
1.02036460
1.22689290
1.16717920
1.09480390
1.12394980
1.11644260
0.96772311
1.23508330
1.18369210
1.01400980
1.13588990
1.02114720
1.10649680
1.14653640
1.00183900
1.14168690
1.09900450
1.17843750
1.18616270
0.99323359
1.21149350
1.19974240
1.27295570
1.17099930
1.06395580
1.16912310
1.20175840
1.19084950
1.35758620
1.01387640
1.27854340
1.08054850
1.25321370
1.35343770
1.29061320
1.08178720
1.02190820
1.08144980
1.13979850
1.16766370
0.95691365
1.10795920
0.95483463
1.28111230
0.97760580
0.98518169
1.30358280
1.35176660
1.22617450
1.32112020
1.52135110
1.01894110
1.22311620
1.31768270
1.16090830
1.15820330
1.18106390
1.41335370
0.88480308
1.17255280
0.87995783
1.15081250
1.18056260
1.28858930
1.03710860
1.27441250
1.20735620
1.03087550
1.18125530
1.25524250
1.15197930
0.99463636
1.11891770
1.12508060
1.10396920
1.03263990
0.94076846
0.91015944
1.05649840
0.89796678
1.03681540
1.07573020
1.07956480
1.21687670
0.93366020
1.13274150
0.89854308
1.03886910
1.14905690
1.28820070
1.36564850
1.26618760
1.05565210
1.09649060
0.88008504
1.24492920
1.15472220
1.09000820
1.11422560
0.87147025
1.09251910
1.00075000
1.21197920
1.25010810
1.26717870
1.17615770
1.40771650
1.41253510
1.27951710
1.36763820
1.49396700
1.27375320
1.09386280
1.28840050
0.87804223
0.98079928
1.17624310
1.28208370
0.98880094
1.10060860
0.91834958
1.05633530
1.08379240
0.90092620
1.14501010
1.26362440
1.09893320
1.11879970
1.12254600
1.16037050
0.98422314
1.09528530
1.12828140
1.07605620
1.15762280
1.11249690
1.14945500
0.87676912
1.02618640
0.75236168
1.04919730
0.99708008
1.05360710
1.11689020
1.23917280
1.13272290
1.24272210
1.64014810
1.56762350
1.16160500
1.43199870
1.53654150
1.57100600
1.50109660
1.26463140
1.28890380
1.16600510
1.57249220
1.25933580
1.06436330
1.15682860
1.04907490
1.21849810
1.23093170
1.35266200
1.29261540
1.42905960
1.18563100
1.35977840
0.95266825
0.94768367
1.01375730
1.13553580
0.85446082
1.08201560
1.00972050
1.13294120
1.28937050
1.26955700
1.01899750
1.03116850
1.17005850
1.21616990
1.21255360
1.34367610
1.26690880
0.91603759
1.04424180
1.13815580
1.29094710
1.40037300
1.37950000
1.46908280
1.54577110
1.60615780
1.54244760
0.95564156
1.03662330
0.90283711
1.27094640
1.37821950
1.51932090
1.22942160
1.40998900
1.20301200
1.41130220
0.83999128
1.04555790
0.89620373
1.15595380
1.07718410
1.28714430
1.05765600
1.07557440
1.11427030
0.96020064
1.25451340
1.41518990
1.20261250
1.10505590
1.30301690
1.01939500
0.83606822
0.99810096
1.03537070
0.94479845
1.01436460
1.12036390
1.23816470
1.26213030
1.06037860
1.14700900
1.13722220
1.34643550
1.33316580
1.30783990
1.18359640
1.36303610
1.65764970
1.02773690
0.96905922
1.13475770
1.27206520
0.93465440
1.28106980
1.27214310
1.14010680
1.33084140
1.00586900
1.02578130
1.17367780
1.21130860
1.12353840
0.99943525
1.23753680
1.23589400
1.20086650
1.33496550
1.14637480
1.15815360
1.25022580
1.27060490
1.04583900
1.10179670
0.99857604
1.11508560
1.03433440
1.36052290
0.95406155
1.37404870
1.25913760
1.15216170
1.07992790
1.12714780
1.19836400
1.01767800
1.23066210
1.19147500
1.16797720
1.26099990
1.32535110
1.53194310
1.25386850
1.47941900
1.22097960
1.24401670
1.41416270
1.56354640
1.45671560
1.53622940
1.51002730
1.55006240
0.87971733
0.79691048
1.11589200
1.22827110
1.22016110
1.05034730
1.19868110
1.20450620
1.19214250
1.11196480
1.25745850
1.24158900
1.10605630
1.06308410
1.31704050
1.22310770
1.00512490
1.26712780
1.18983770
0.94506683
0.82872480
0.94810755
0.93884658
1.37251520
1.11933300
1.35494550
1.28827210
1.08715430
0.91383297
1.00407740
1.09094370
1.03002190
1.10453140
1.21803770
1.22607400
1.01242500
1.04160660
1.11299970
1.13076900
1.38276390
1.18340530
1.28206060
1.25528180
1.32014220
1.53177090
1.24441510
1.21229100
1.33874190
1.13631770
1.19714590
1.14025410
1.44510580
1.22216300
1.26809750
1.42826210
1.45559710
1.06681660
0.96428929
1.21247420
1.09170200
1.12246020
1.14434990
1.31984640
1.10322900
1.43573770
1.53092730
1.33363600
1.49657140
1.44220290
0.91915528
1.24390270
1.18447740
1.16146750
1.18381560
1.14216000
1.11612180
0.96003968
1.10895510
1.04567960
1.05248660
1.10191240
1.29958320
0.93408168
1.13338130
1.11845790
1.15123090
1.05200200
1.20301510
1.17578250
1.28793550
1.19901450
1.22687350
1.17200730
1.42829400
1.34023370
1.38496660
1.44799410
1.14368250
1.26457830
1.29879820
1.42292730
1.43525300
0.90252299
1.03783720
0.90142065
1.27189620
1.06832550
1.25089110
0.85330912
1.07158860
1.20889510
1.10114380
0.96721333
1.06380900
1.20300100
1.16756400
1.20451120
1.01989610
0.81451939
1.09129900
1.19270800
1.18632720
0.99049995
1.19266870
1.21315940
1.30675730
1.58949400
1.26131190
1.15899470
1.25721610
1.67601340
1.57512430
0.97534364
1.38510530
1.08531710
1.16985210
1.32711570
1.50943440
1.10442260
0.98924734
1.14515450
1.06203340
1.19130710
1.16997090
1.11747030
1.14532690
1.22748780
1.27592510
1.26079370
1.18549380
1.21738820
1.15951400
1.15978490
1.30297720
1.36920370
1.11450640
1.08126400
1.28201280
1.21806390
1.20523470
1.32286500
1.39594700
1.09034770
1.27474740
1.06876270
1.19015860
1.21893230
1.20477990
1.13917890
1.11574010
1.39164910
0.91972225
1.01980130
1.09176610
1.01810880
1.20915690
1.23393030
1.12981200
1.16621250
0.95920169
1.30218080
1.29615660
1.20064420
0.93959760
1.30503410
1.28788080
0.97458269
1.01247240
1.32675810
1.55729320
1.28952490
1.26610860
1.44166910
1.25116680
1.60143550
1.18359110
1.33693740
1.48989340
1.58581760
1.50187100
1.42299770
1.63564220
0.87357676
1.20620560
0.87909918
1.01786400
0.94322978
1.15565210
1.18340070
1.36613210
1.38868170
1.56215500
0.92562204
1.10040500
1.12041300
1.38518530
1.14759200
1.26494120
1.38312870
1.33749730
0.96746546
1.03523560
1.07495030
1.37817870
1.53905520
1.37709620
1.57285700
1.53535470
1.48008430
0.95715411
1.19711380
1.11154210
1.26303370
1.13625360
1.18285600
1.00596100
1.17814500
1.44629690
1.18329100
1.11832960
1.35831300
1.48153620
0.98354439
1.22518550
1.40441740
1.21467670
1.25478950
1.42655030
1.35850050
1.32457100
1.47301560
1.22267600
1.19334200
1.29056050
1.18955030
1.19485220
1.20826090
1.10860070
0.98092163
0.95676846
1.25765690
1.26573650
1.28627280
1.58407910
1.44541940
1.36886320
1.42228530
1.06051050
1.16114130
1.57605380
1.25179120
1.28497760
0.76909463
0.96218710
1.02256510
0.93132162
0.98986787
0.99306265
1.13380830
1.03808860
1.40422320
1.26609530
1.49272940
1.26678850
1.22759080
1.23028360
1.17767520
0.85948275
1.06150540
1.23805190
0.84650551
1.11079750
1.06286210
1.06667710
1.28173400
1.34640040
1.12053990
1.15338530
1.04604610
1.16558650
1.26413430
1.09353860
1.09383500
1.00580510
0.94316654
1.14952000
1.10380730
1.14810400
1.00882540
1.07619530
1.05130130
1.07227310
1.06001830
1.26066080
1.27711690
1.26388640
1.32329600
0.97169445
1.08920010
0.90208921
1.14987410
1.21134790
1.16695980
1.14606790
1.29505850
1.32382800
1.41072780
1.59898440
1.54303350
1.37574980
1.28798810
1.47098480
1.49525180
1.57667110
1.53677470
1.05155720
1.21978410
0.99416885
1.31832900
1.26593300
1.23675350
1.35590070
1.35512670
1.33484900
1.28049960
1.34598480
1.26867010
1.21867280
1.12649350
1.33612700
1.38442490
1.11369090
1.09966510
1.23362170
1.19271260
1.17446950
1.06297280
1.10555410
1.11461230
1.01496580
1.00819650
1.11057460
1.25095690
1.15962320
1.12487100
1.14967870
1.12563140
1.10086540
1.10079600
1.20760640
1.06964250
1.20390560
1.22631280
1.26356680
1.31784050
1.34688960
1.37060360
1.17710030
1.20336670
1.22903320
1.32166180
0.91025684
1.14382990
1.19985800
1.19038600
1.14369900
1.36252800
1.34587330
0.96396058
1.06126390
0.95993678
1.16976610
1.14605890
1.33600200
1.29100330
1.34709410
1.36743290
1.49289700
1.13832820
1.04523170
1.23848770
1.19435940
1.27351870
1.40100670
1.36980700
1.14929180
0.96046930
1.18608310
0.98086500
1.29070950
1.01574520
1.12844570
1.11283460
1.01650570
1.15956700
1.37879240
1.25382420
1.13650950
1.04626820
1.21001620
1.29480650
1.37608870
1.18951840
1.15682980
1.09308270
1.04906170
1.34719910
0.97127792
1.22504020
1.33747490
1.12714930
1.27374210
1.11636040
1.48224020
1.38943350
1.37497060
1.29914910
1.45195970
1.48376080
1.50152400
1.15057330
1.54060960
1.41464810
1.61038590
1.60464750
1.56357330
1.48683720
1.73339400
1.06919600
0.73586375
0.92044462
1.22416320
1.31878550
1.08693740
1.21859770
1.15504550
1.43191140
0.93679521
1.10077730
1.27813560
1.50733480
1.20800490
1.21527450
1.39021330
1.43777870
1.09726480
1.14465810
1.28265030
1.32680820
1.05914840
1.19525810
1.28035030
1.18698440
1.16597960
1.24161280
1.24859890
1.07772340
1.10869010
1.15512870
1.09593210
0.93259431
1.13594760
0.98678873
1.04379750
1.09106870
1.19666000
1.25878470
1.40227340
1.16068920
1.30955090
0.99039273
1.27719630
1.05268610
1.15280940
1.16984080
1.24963340
1.35840090
1.14508510
1.06265580
1.02674210
0.87026442
0.93030518
1.03076320
1.05678730
0.99177138
0.94767029
1.02274060
1.15000220
1.10845220
1.21517910
1.17312800
1.06104290
1.05226750
1.28634000
1.18079090
1.39745490
1.29323890
1.18866260
0.94947721
1.33864050
0.82269290
1.16659210
1.06769250
1.26442850
1.28067340
1.11339380
0.93180394
1.17142790
1.16199350
1.09171660
1.17312870
1.16371640
1.31045510
1.22178770
1.24275190
1.21967110
1.34623370
1.23229810
1.28930530
1.17154280
1.34564430
1.22828340
1.40704540
1.36070620
1.29671300
1.27679830
0.95969730
1.02306940
1.15946920
1.19454610
1.21867170
1.28501500
0.67979464
0.95688733
0.97407961
1.07855160
1.01421120
1.06417050
1.23185160
1.40947370
1.35602590
1.31434130
1.48650520
1.07916520
1.36970180
1.37082110
1.34444840
1.06667680
0.98728565
1.28022720
1.25579410
1.20236830
1.20838570
1.22216620
1.19046120
1.30212640
1.04834630
1.10404520
1.08104990
1.07995270
0.98483589
0.77918501
1.19064920
1.07186290
1.14630660
1.08752730
1.13735550
1.13603450
1.18782280
1.17526990
1.03280850
1.23285950
1.10662150
0.87419068
1.00397680
1.32548830
1.29436900
1.36370960
1.41755180
1.36223930
1.03629480
1.04482220
0.95402139
1.17808020
1.26668370
1.30385670
1.53449800
1.38073180
1.27074030
1.34035000
1.24655650
1.23044490
1.07112860
1.19796110
0.83253538
1.23527290
1.25453830
1.12213640
1.12355160
1.18255630
0.94147950
1.16348530
1.09386230
1.04576000
1.17963600
1.34630650
1.36427480
1.02053800
1.09227950
1.09833040
1.26677330
1.14625160
1.19625450
1.26637340
1.26087430
1.07224250
1.29591290
1.11031200
1.22277990
1.20417610
1.22525410
1.12523050
0.99600484
1.08148960
1.09391950
0.97885913
1.01692200
0.93620728
1.04002900
1.21838870
1.21275560
1.25829160
1.34390220
1.19423560
1.63873490
1.34266350
1.70837990
1.04482170
0.99049311
0.98119147
0.99485425
1.11861270
1.11564260
1.20927760
1.33439480
1.13524900
1.32586030
1.38441080
0.88318245
1.19887760
1.07061960
1.21710890
1.44557110
1.29737460
1.43567250
1.22134330
1.52582370
1.45069070
1.51650600
1.40920760
1.55882970
1.29365900
1.05642600
1.52836500
1.50101480
1.44310330
1.41103320
1.10012420
1.01559090
1.10350650
0.93250112
0.90590805
0.88153127
0.83020499
1.22709920
1.16401650
1.34231650
1.28232030
1.37027360
1.22901590
1.17561280
0.99386558
0.91854158
1.25665250
1.16355990
1.15473490
1.28224180
1.25106800
1.18306210
1.28616750
1.38578220
1.37706790
1.13699520
1.31093800
1.34014030
1.38059660
1.00155000
1.24974640
0.89798507
0.95335491
1.15990080
1.27048420
1.27727880
1.27899210
0.98482871
1.11648140
1.29839800
1.17046270
1.07890530
1.05194100
1.06862210
1.15799060
1.22885420
0.87980839
0.95377140
0.87811795
0.94415866
1.09144720
1.00276210
1.02454730
1.08490880
0.99579161
1.16014180
1.29071490
1.21666140
1.24331490
1.33312450
1.09532090
1.12760560
1.16618310
1.24617990
1.41374070
1.36971760
1.39831990
1.31862610
1.11125850
1.00528080
1.13091560
1.17939610
0.79671471
0.90872045
1.10086400
1.12523670
1.25700000
1.30513380
1.25676040
1.37257730
0.90417530
0.99298692
0.94833186
0.88577357
1.12681080
1.40199020
1.15574110
1.53349430
1.33599510
1.51632870
0.97208476
0.93790969
1.05764780
1.03343540
1.23615660
1.26937240
1.41174830
1.01895020
0.80409926
1.07790350
1.12829750
0.85287932
1.13609560
1.28047650
1.25271900
1.04546070
0.99678029
1.37267150
1.02087760
1.08864330
1.13880990
1.15937310
1.09906200
1.36588880
1.27837620
1.24728950
1.45521110
1.09680440
0.96310560
1.26368360
1.14752400
1.30883210
1.23970630
1.13644140
1.20703500
1.00753650
1.18621030
1.20054290
1.33502190
1.24277620
1.49966430
1.47088810
1.59139930
0.96997133
1.12228960
1.05253810
0.86330130
1.16452080
1.21508550
1.09871120
1.06651490
1.19475400
1.39280790
1.36443550
1.56633560
1.18282630
1.21866440
1.17474010
0.98420921
1.11249680
1.04416600
1.07012850
1.14549070
0.96047047
1.34525610
1.44621390
1.29773920
1.34559400
1.67836520
1.16037510
1.08913580
1.23652000
1.21633440
0.80220043
1.10570060
1.14527520
1.21152000
1.28196850
1.39156440
1.08425650
1.26311180
1.26436710
1.27197080
1.14061070
1.17115040
0.98844851
1.24637280
1.19223830
1.27724890
0.83231341
1.03490610
0.97477752
0.83981553
0.98382092
1.26951450
1.18900410
1.19742050
1.08072500
1.10203420
1.06282730
1.03874770
1.23146390
0.92924919
1.21939160
1.19133150
0.92207258
1.25586250
1.07532550
0.98569510
0.95020709
1.36188020
1.14190540
1.26495740
1.33642860
1.35473930
0.85688429
0.97068034
0.89814921
1.10916770
0.96208677
0.85273386
0.87867278
1.02901670
1.01665550
1.11802870
1.18484920
1.07375450
1.23116000
1.17390630
1.38757220
1.07417070
1.06622120
1.14688560
1.29724940
1.03966930
1.01653220
1.12409340
1.09142920
1.11846250
1.25080390
1.38042870
1.29127690
1.20460880
1.41429810
1.61612130
1.39551270
1.13039470
1.07961990
1.03366720
1.16988840
0.90474601
0.94690342
1.40629150
1.18838390
1.15034950
1.29208730
1.38157360
1.32451720
1.16282260
1.20925760
1.21711610
1.38047620
1.39477190
1.52300750
0.89316449
1.27244730
1.35332110
1.07428610
0.91083412
1.09797810
1.05121540
1.12955150
1.13212190
1.11505190
1.15179410
1.11008210
1.30620960
1.47247260
1.55332840
0.94516776
1.32985830
1.17645110
1.17484260
1.11068080
0.93325097
0.96940132
0.90684767
1.13206620
1.21012740
1.12175680
1.17586040
1.27857850
1.11566390
0.90744636
1.11991060
0.75887536
1.04789520
1.07906800
1.06574970
1.25469160
1.33740900
1.06876370
1.29022120
1.18885930
1.27614250
1.28508750
1.31789950
1.01671460
1.00299730
1.14370710
1.21496840
1.36856530
0.99325003
0.95113334
1.18702010
1.21163440
1.01510540
1.42311360
1.08872520
1.06974180
0.86916993
0.91361561
0.85775170
1.16431910
1.06199190
1.26600800
1.20239820
1.18999200
1.24005650
1.14847800
1.32792570
1.34918920
1.26068460
1.08934980
1.19908090
1.17633980
1.46024210
1.55171940
0.97516694
1.05446470
1.13373260
1.17046540
1.32130780
1.27080310
1.11458410
1.26535110
1.10352940
1.21726860
1.01072020
1.36367360
1.07908090
1.24293700
0.94607640
1.04694830
1.15686920
1.07220260
1.26287820
1.28371950
1.30796850
1.40894160
1.41649040
1.04345720
1.15366180
1.09609500
0.89774397
0.89292194
0.92288495
1.01939100
1.05484320
1.13869980
1.12763120
1.18422250
1.18536120
0.83999835
0.95048573
1.20893680
1.20257380
1.36773720
1.01914480
0.95441361
1.08917290
1.20339740
1.38441030
1.33208670
1.59524720
1.45973350
0.92117585
0.85943600
1.12658240
1.22089360
1.54371690
1.37005460
1.09482200
1.11710890
1.13917840
1.17824840
1.25470050
1.28444050
1.21586660
1.16656840
1.17127060
1.20982330
