1.27268830
1.37002740
1.30769730
1.00439530
1.07950750
1.15953780
1.05541730
1.25039390
1.24252060
1.11731580
1.17499530
1.29058100
1.17960710
1.24994340
1.11259680
1.04405290
0.99099106
0.95987202
1.09284780
1.28008850
1.25180850
1.35216860
1.41325720
1.49902800
1.45935400
1.20658460
1.16960680
1.29751340
1.15940540
1.48095970
1.26740450
1.30994070
1.64019410
1.53671460
1.56831580
1.18261520
0.97105482
1.23048790
1.29633660
1.31504800
1.13066220
1.23918260
1.14372590
1.21589370
1.14436910
1.20486250
1.21108820
1.17120740
1.30380600
1.33807500
1.30923720
1.20177170
1.48545800
1.16795480
1.03094440
0.94944511
1.02880500
1.25347890
1.42093970
1.23754600
1.14167220
1.23385000
1.35408030
1.34385660
1.38524390
1.46109110
1.51290540
1.15412330
1.25481080
1.20209440
1.17102770
1.38902780
1.26299290
1.41126180
1.41170460
1.41784830
1.37300980
1.40127950
1.57573990
1.35819710
1.40899760
1.10436050
1.28450930
1.11635150
1.35566040
1.31431560
1.22300770
1.22558100
1.27097930
1.52744990
1.31126580
1.47766180
1.42792250
1.51593530
1.36345080
1.35378310
1.56881130
1.41703990
1.40730540
1.01881870
0.92325800
1.19136740
1.12975880
1.19523160
1.36466640
1.19336490
1.38178430
1.26819480
1.37314420
1.34100100
1.60796660
1.52945440
1.24287320
1.49643700
1.28453310
1.06836110
1.37557710
1.36807500
1.59676650
1.13520860
1.00755670
1.15444830
1.26866520
1.12830450
1.18247920
1.17459470
1.28374080
1.10614220
1.25026610
1.30360920
1.18787930
1.28928470
1.53458340
1.41994910
1.60604680
1.41284370
1.21522300
1.26940800
1.22330070
1.35363110
1.57422560
1.56941720
1.20690670
1.77418720
1.07903490
1.23988560
1.13865290
1.26089820
1.13390210
1.27383330
1.33123690
0.81103111
1.08097030
0.98212910
0.97796905
0.89767975
0.99035223
1.38940620
1.40299010
1.43409880
1.30468970
1.36882550
1.24067260
1.43563270
1.15735470
1.39913060
1.45932030
1.12404990
1.33184370
1.49377360
1.32554510
1.49173660
1.54717400
1.20929020
1.52877490
1.36923960
1.51314460
1.28324850
1.44022590
1.36563260
1.18944440
1.09041460
1.16073380
1.30961420
1.27029940
1.44633470
1.20350210
1.21499750
1.34598060
1.22508200
1.44874240
1.47540220
1.08231210
1.25634000
1.34356380
1.13525980
1.22841710
1.22558020
1.12725840
1.26605430
1.32673590
1.33975630
1.46923090
1.40108270
1.54256790
1.35535320
1.56410460
1.78515050
1.42340470
1.15026140
0.96478058
1.11431010
1.02141040
1.20857070
1.44423800
1.36694540
1.26958880
1.36956610
1.42114970
1.54493890
1.37851370
1.26216600
1.35471040
1.60386100
1.10046600
0.83033746
1.07283910
0.95085448
1.20060100
1.35144010
1.19697900
0.94394785
1.16367170
1.22842620
0.94570241
1.28633530
1.28722160
1.55129040
1.30384150
1.42414550
1.25083640
1.34434550
1.58871290
1.33388650
1.58557620
1.17978550
0.92619680
1.26259840
1.11461440
1.38640630
1.32264360
1.16758380
1.36290140
1.06735900
1.23190620
1.04161600
1.28391290
1.48890730
1.23255350
1.23563760
1.30554170
0.90283020
0.93643291
0.91357568
0.96306203
1.02748640
1.05793290
1.24267160
1.17317970
1.30233640
1.39858390
1.27653530
1.03873180
1.15407710
1.18080430
1.47584000
1.00716110
0.80219229
1.27287670
1.13641720
1.13404200
1.45536540
1.40738010
0.96116137
1.03963180
1.19601010
1.34072610
1.30094610
1.39134180
1.43353680
1.18600360
1.14266920
1.25471820
1.04775120
1.23502320
1.47638950
1.08565850
1.32308230
1.37175390
1.03949380
1.14874050
1.09332670
1.29973870
1.13056560
1.25009110
1.18996370
1.35532230
1.18990290
1.18736560
1.24568680
1.34763500
1.21466390
1.37054060
1.27122000
1.19526400
1.56424040
1.46246810
1.44553480
1.23581880
1.31438780
1.40673150
1.44868100
1.25478830
1.36356760
1.12593650
1.16144170
1.24565050
1.12431970
1.16161090
1.03126170
1.07413310
1.31347190
1.28781850
1.41952650
1.60811040
1.25110270
1.19615000
1.53804980
1.38704010
1.08621630
1.19068660
1.20602940
0.82257596
1.11031580
1.18216780
1.13693700
1.21552820
1.09869570
1.47906900
1.36319900
1.18558630
1.23942860
1.35319630
1.18452030
1.13786980
1.33081240
1.27218710
1.12810880
1.28057410
1.33311970
1.50268310
1.32056470
1.18040520
0.86004610
0.91922643
1.15914950
1.10066940
1.38266210
1.07641870
1.39772160
1.20229480
1.31724530
1.47521570
1.54713670
1.61498870
1.53494720
1.12728600
1.00114530
1.20861460
1.26320540
1.46893520
1.40998870
1.15996430
1.11086310
1.21208720
0.95710060
1.01402760
1.11699900
1.22054490
1.20336960
0.96147008
1.07870260
1.13699770
1.11888050
1.10581690
1.10448710
1.26260530
1.42595470
1.32821010
1.31898560
1.44978580
1.12584600
1.38189460
1.43299120
1.50152870
1.04211670
1.37933600
1.51949080
1.33883940
1.60303080
1.39124220
1.34745090
1.50785160
0.91665843
1.00404810
1.19863720
1.19009920
1.07794810
1.22587340
1.11777100
1.16743480
1.20850100
1.03129720
1.17913060
1.01052160
0.99745086
1.04486940
1.38153720
1.11016310
1.26435370
1.01793790
1.31285480
1.24333110
1.32774270
1.20475140
1.35865130
1.29582610
1.41747480
1.45311860
1.36239820
1.66339710
1.36405850
1.39896490
1.08109270
1.03276540
1.19977470
1.29894570
1.28084000
1.03404920
1.17650510
1.26942690
0.98981412
1.02583020
1.44984080
1.07218220
1.16535530
1.08223720
1.30978720
0.99919073
1.01762300
1.02448540
1.21072740
0.96094348
1.08116920
1.19084930
1.35420200
1.34647290
1.40007990
1.43945180
1.41813190
1.21045260
1.53475700
1.24359550
1.07431950
1.03270920
1.25998240
1.19541030
1.44459160
1.42046030
1.27139480
0.96734381
0.88388535
1.27734270
0.93425359
1.17665300
0.99243480
0.98945349
1.07156740
1.08235290
1.24653240
1.17465730
1.18528370
1.07008830
1.20015500
1.13544230
1.23533960
1.45852670
1.38824410
1.71087910
1.45692290
1.65265130
1.51038160
1.57838000
1.67716510
0.97691715
1.08779680
1.16163760
1.14692750
1.18788200
1.02468750
1.44740940
1.20739810
1.10583970
1.17336120
1.40718080
1.16993440
1.37845680
1.61412300
0.94914063
1.13518280
0.97989122
1.11546260
1.17068290
1.38146640
1.50638350
1.11443960
1.39232750
1.29467470
1.26296740
1.32652960
1.34522570
1.30209150
1.28769540
1.35222450
1.51588590
1.30920610
1.41946400
1.50594440
1.47774720
1.51084690
1.49720050
1.29522890
1.06072170
1.29771620
1.27934900
1.36695700
1.37080700
1.21581650
1.28237900
1.24208540
1.27335940
1.49729860
1.31221230
1.32558050
1.59563660
1.52904900
1.67698840
1.36999190
1.20747080
1.12401590
1.24964210
1.12912660
1.25605600
1.26458200
1.24431300
1.33397770
1.40668650
1.24465420
1.46947420
1.31998980
1.55582250
1.71406540
1.00562350
1.09767090
1.21514830
0.95309922
0.88256970
1.43236980
1.50261350
1.46667910
1.51550380
1.52365680
1.42813600
1.58356150
1.70701740
1.73670940
1.67150170
1.02393450
1.25688580
1.31147860
1.28177010
1.15635700
1.30595030
1.35793290
1.07347110
1.30981600
1.28527320
1.21362050
1.19185180
1.47250350
1.42798270
1.24522020
0.96252936
1.05278870
0.92896121
0.88623308
1.10741400
1.26610550
0.97836437
1.47723810
1.25444900
1.21766140
1.40201310
1.38062530
1.64736170
1.32704670
1.05738980
1.06789830
1.04351370
0.97818037
1.22576640
0.97955823
1.12742950
1.26782070
1.24524390
1.26275810
1.19842910
1.26022400
1.50571680
1.45343320
1.26210370
1.31163120
1.21290990
1.34774970
1.42028990
1.48880250
1.41490870
0.98952915
0.94456365
1.16059120
1.24266860
0.97271716
1.34664300
1.33937480
1.14046830
1.20044190
1.41345780
1.14140570
1.12509200
1.08751840
0.97392136
1.33726410
1.01478130
1.29600880
1.07215150
1.28682800
1.11267560
1.20776480
1.28689730
1.21131800
1.23407380
1.08377900
1.32725270
1.20160980
1.26835450
1.26382490
1.12824410
1.31188870
1.25547780
1.48037220
1.40588150
1.22822840
1.18761210
1.26338510
1.13081700
1.28926170
1.12646890
1.36848880
1.31383190
1.17063890
1.16465330
1.19571840
1.45027950
1.28888280
1.42632140
1.54175310
1.28187750
1.48915210
1.14965180
1.23479070
1.35704280
1.02609970
1.35877950
1.15809010
0.95034497
1.08800400
1.07664000
1.04403610
1.13706000
1.50823050
1.42917340
1.35565460
1.59336460
1.22955050
1.59264030
1.35591380
1.85287970
1.45977540
1.22901750
1.18080860
1.33145540
1.15912150
1.28677730
1.06064570
1.10539320
1.03441590
0.91615766
1.19248540
0.84067329
1.04238530
1.43630570
1.17666790
1.31880550
1.23457010
1.28123210
0.91354866
1.06037060
1.07282020
1.10646520
1.17992180
1.27766180
1.18924710
1.16663620
0.99565970
1.48578260
1.22671530
1.33605880
1.39971950
1.23787170
1.42960760
1.08932690
1.12894330
1.08695790
1.14028760
0.96726795
0.93303802
1.12250600
1.54264570
1.17187540
1.62346380
1.40086150
1.41425280
1.39882090
1.56841320
1.43431110
1.01936650
1.01525760
1.20056710
1.07188880
1.09382120
1.18866620
0.94766085
1.17344100
1.27152460
0.92631651
1.39011340
0.94382387
1.31409800
0.89835529
0.81808791
0.95046940
0.98937498
1.11828830
1.09634820
1.29398920
1.18582300
1.46289200
1.34231250
1.10674830
1.42994120
1.41048100
1.31334690
1.31607700
1.36449700
1.20581840
1.39453340
0.88301969
1.05624950
0.94608576
0.98948680
1.20627430
1.09098380
1.23761420
1.36927160
1.32023660
1.52481660
1.41466910
1.40771440
1.43794810
1.67723290
1.16703760
1.17731230
1.24767670
1.17197760
1.02855420
1.43350940
1.13801870
1.18379150
1.21844430
1.15609760
1.38646030
1.20999770
1.32708280
0.98640732
1.30794550
1.29969380
1.11146900
1.20882200
1.16815590
1.14370600
1.28220530
1.10908870
1.30100610
1.43248650
1.11651530
1.24983970
1.05994800
1.28353970
1.20217140
1.07038500
1.08101180
1.30415900
1.28380970
1.15424500
0.99058953
1.06149520
1.09776090
1.02407790
1.09133420
0.98898600
0.94645035
1.09738980
1.29411620
1.22386030
1.08159410
1.12066870
1.28358620
1.60075610
1.36568370
1.45814460
1.60296730
1.45941130
1.32317800
1.34458830
1.08019790
1.35899030
1.31598430
1.33257700
1.20797670
1.34489410
1.18402000
1.20672170
1.30879090
1.31024280
1.68388990
1.39012580
1.53366500
1.69193560
1.55552400
1.37182950
1.52560000
1.59169670
1.18761880
1.11102040
1.24775780
1.23055000
1.27095400
1.42290700
1.34806810
1.50954470
1.01794460
0.96223732
1.00572290
0.97324245
1.00707270
1.37495480
1.32505470
1.50804200
1.20205870
1.37371220
1.20166330
1.44091190
1.73889910
1.43071900
0.73605519
0.88231305
0.99517789
0.88253842
1.07202760
1.19348010
1.35906740
1.49365560
1.54990630
1.23949790
1.24985160
1.23755760
1.43413040
1.64712270
1.03387180
0.94584725
0.94269100
1.29566040
1.30616530
1.33809480
1.26665030
1.16403300
1.39299190
1.40183670
1.29600790
1.68740000
1.50070500
1.21727390
1.64734750
1.44539160
1.00674110
0.85541324
0.92672759
1.02603690
1.05034840
1.56766120
1.31345000
1.39528200
1.65624170
1.16920360
1.42513340
1.44317100
1.59623670
1.57160230
0.89506129
1.11880120
1.04021780
0.95639943
0.84827037
1.22772890
1.49838160
1.46053980
1.28200070
1.35855050
1.52803320
1.36090950
1.32547090
1.41803820
1.43760940
1.17656270
1.07879400
1.01047700
1.15387060
1.06108660
0.89309355
1.59820610
1.44230850
1.33661880
1.13609830
1.20936020
1.44183450
1.46665550
1.37528670
1.12749050
1.56290240
1.30495080
1.05940770
1.11265160
1.34712490
1.34279030
1.22160080
1.45939050
1.40280460
1.24218680
1.22262360
1.45778100
1.41410880
1.26264340
1.19628690
1.32800740
1.19236210
1.18538090
1.62265130
1.51827830
1.26284640
1.42595990
1.63461500
1.45972630
1.22584790
1.34375860
1.67920660
1.42980630
1.65467210
1.36350280
1.14071490
1.44024550
1.45326700
1.39677940
1.23985190
1.36482240
1.33546420
1.53887570
1.42449160
1.40774350
1.45580110
1.38927300
1.29243080
1.49241060
1.80398830
1.71844970
1.65577300
1.07800960
1.10073890
1.25399070
1.17483660
1.31217390
1.26256160
1.29842050
1.49378220
1.18345490
1.38468070
1.34202830
1.46293910
1.48678200
1.54941770
1.73715630
1.79396940
0.95521105
1.08478100
1.16223910
1.27751180
1.10948930
1.25394250
1.36921830
1.23182380
0.87111503
1.37627780
1.42347450
1.17420110
1.30066990
1.48630250
1.45923140
1.36394530
1.10004500
1.39560300
1.29874950
1.00268270
1.19580400
1.34640420
1.11472360
1.19744950
1.12461220
1.51667780
1.42139580
1.20433620
1.53297780
1.18164950
1.03788420
1.19169940
1.17807330
1.16696580
1.29833170
1.27148690
1.23997650
1.21020320
0.96222221
1.26462800
1.25876920
1.42577410
1.34252380
1.21069110
1.28067880
1.04512860
1.30850840
1.19400000
1.23026840
1.46355500
1.11726370
1.31169410
1.55141950
1.28491860
1.01455380
1.22926250
1.31849270
1.58104600
1.15977660
1.21537700
1.20648950
1.38647700
1.45413800
1.50412270
1.16892230
1.26336530
1.33658430
1.27110710
1.23164810
1.24703750
1.20414940
1.39728150
1.38793570
1.16753890
1.34196060
1.34770020
1.22906040
1.38670790
1.46905330
1.56681070
1.39669240
1.54985250
1.53069940
1.66556850
1.48098870
1.04094510
1.00905720
1.46932240
1.06036790
1.19601590
1.40821510
0.90157195
1.04523850
1.07431070
1.01581520
1.12580280
0.94981421
0.99594334
1.00397350
1.14220430
1.06755770
1.27207730
1.07590730
1.41748270
1.30353550
1.41670960
1.22511790
1.40269790
1.44603000
1.11492410
0.93494211
0.95575305
1.07112670
1.24996640
1.16364720
1.58968120
1.52572590
1.54446330
1.38536000
1.36966790
1.42520840
1.41145110
1.26757290
1.00061370
1.24996300
1.36451940
1.14377000
1.29941250
1.39980380
1.27617320
1.32571910
1.53728170
1.34806890
1.69098120
1.48394320
1.55000250
1.58598250
1.09265280
0.93613562
0.92617652
1.08467230
1.02699940
1.34139430
1.56428800
1.30252020
1.42331870
1.48202660
1.40951910
1.40961900
1.61933970
1.57957380
1.48086980
1.49412090
1.95527820
1.79850880
1.16390400
1.07329750
1.05362600
1.20454320
0.97936299
1.10808760
1.28059240
0.97487398
1.35381060
1.19507020
1.32819390
1.52320480
1.44112120
1.39996460
1.31355950
0.90887265
0.94116565
0.92982457
0.93305879
0.96669172
1.30142350
1.36716970
1.38777570
0.96433394
1.29374280
1.18786740
1.21061350
0.98434021
0.94189248
0.83899455
1.01286820
1.01900800
1.38781100
1.13984700
1.41877870
1.32928020
1.66090520
1.67761560
1.48842250
1.58166210
1.52451730
1.71019420
0.85524833
0.87640133
0.89524858
1.02098030
1.31511050
1.35760510
1.32972510
1.16282790
1.34673470
1.50592310
1.18392960
1.53800820
0.95320631
1.11378790
0.99076079
0.98449135
1.05392600
1.33168410
1.20395400
1.29802410
1.31081920
1.65301840
1.33208160
1.44960670
1.35762920
0.87655248
0.89706484
0.91922836
0.83944288
0.98773455
1.27957730
1.29956750
1.02795330
1.22559150
1.45871060
1.51671550
1.15123840
1.38237150
1.21692850
1.05788460
0.92950773
1.30256040
1.14252680
1.29085110
1.13728630
1.09601700
1.06966650
1.20534240
1.30467720
0.97652530
0.87400400
0.98026925
1.13930870
1.10388510
1.00109430
0.97656898
1.23366510
1.30801340
1.22455520
0.88672558
1.21972180
1.16114050
1.36348200
1.07896800
1.14148820
1.17820980
1.33221080
1.31540140
1.18222450
1.37055030
1.22303070
1.16312430
1.40691380
1.55923290
1.55304970
1.31433450
1.42738350
1.63796240
1.76702960
1.55052380
0.94176020
0.87255274
1.21488890
1.13708760
1.03068600
0.99922054
1.22155110
1.33957360
1.53574280
1.23513890
1.35119100
1.35402200
1.36887530
1.32030550
1.52027590
1.15128640
1.31188700
1.22665370
1.38433760
1.08495150
1.22507160
1.26660020
1.21953270
1.06595400
1.12250310
1.16541420
1.29647600
1.12724810
1.49952820
1.12971550
0.87408209
1.05765700
1.08298940
1.10279850
1.00409870
1.24267120
1.20250260
1.03294520
1.20367240
1.29236530
1.25569130
0.92736432
1.42722060
1.08842980
1.09737740
0.93275395
1.25217840
1.18905420
1.10994690
0.98744411
1.11131450
1.21547360
1.31897270
1.18745350
1.38157920
1.35124150
1.02057960
1.41424730
1.26910970
1.13264000
1.24206440
1.11889600
1.30408920
1.30845320
1.08013740
1.27533310
1.37927320
1.54566550
1.39385110
1.17017470
1.40140640
1.30293650
0.82762285
1.05591130
1.05664460
1.02598540
1.08492690
1.28574060
1.25515240
1.71362140
1.63897410
1.46499500
1.30455080
1.64146300
1.41200650
1.33704040
1.36012630
1.53986990
1.12501200
1.03177280
1.06725300
1.30100710
1.26739520
1.21692730
1.37423640
1.14335200
1.26260100
1.43800030
1.46267370
1.47282700
1.62495900
1.05526960
1.28561450
1.39703670
1.49393510
1.20916640
1.44369800
1.28556650
1.42797810
1.14399050
1.49526650
1.38331630
1.47646300
1.58199170
1.33538460
1.22308050
1.12659010
1.18762580
1.04505630
1.10631950
1.28930930
1.16216680
1.40208680
1.32413900
1.26484310
1.34822320
1.23176400
1.10416350
1.26042690
1.34882310
1.01108870
1.35721120
1.10253670
1.01207420
1.15929090
1.15391510
1.03182020
1.35868870
1.19236190
1.29678550
1.24487630
1.35620530
1.38048430
1.36742280
1.27865270
1.32745670
1.16678430
1.10924650
1.12476750
1.05810810
0.92250376
0.96894564
1.38263410
0.99405485
1.31988570
1.14330760
1.00932510
1.07101720
1.18367570
0.98439189
1.32260810
1.36623550
1.16300850
1.20078210
1.00621030
1.15974970
1.24662680
1.00734210
1.17275470
1.17978750
1.43571420
1.16838250
1.47541920
1.33353860
1.40919850
1.13227250
1.14118200
1.19650660
1.08253950
1.37037920
1.20811360
1.06602020
1.31216330
1.34803690
1.44582180
1.57224070
1.41925380
1.02376140
1.05755810
1.16109640
1.02133920
1.23614850
1.29338200
1.24064120
1.36087060
1.44192140
1.43680480
1.34165270
1.25555610
1.29070900
1.41287920
1.19048390
1.03253330
0.95516368
1.14231530
1.39676690
1.28428900
1.25072600
1.38038870
1.26750140
1.06206010
1.32698840
1.09236710
1.24492690
1.16352300
1.17766040
1.16889510
1.31444480
1.39347270
1.06281500
1.35495900
0.95452419
1.29135910
1.22857110
1.04373870
1.15947430
1.29242320
1.30818710
1.12900020
1.05261810
1.04592840
1.47266390
1.10642350
1.04713710
1.35039420
1.29124280
1.28795520
1.15277390
1.28076350
1.61622240
1.47866320
1.17385400
1.42433620
1.16895930
1.42314750
1.14379610
1.16327340
1.15205860
1.16922170
1.33104550
1.62549560
1.38794640
1.43215600
1.29050670
1.25496820
1.28575870
1.48319640
1.05626110
1.32699920
1.53184850
0.97574645
1.15232200
0.81764814
0.98437096
1.30630650
0.82404948
1.02360640
0.94359087
1.03888330
1.19398370
1.49125550
1.24654590
0.99365352
1.14271300
1.25333280
1.26293380
1.17747300
1.04920290
1.24377300
1.28065900
1.61719260
1.41812160
1.26352830
0.97634972
1.27952040
1.48566460
1.10583030
1.46463340
1.24409160
1.55205630
1.65310200
1.13794100
1.21195970
1.17195480
0.96945894
1.12903990
1.24322460
1.26562370
1.56048470
1.21162020
1.28918190
1.23512450
1.23497520
1.03864110
1.17280860
1.18719840
1.37264710
1.21064060
1.21721050
1.44593740
1.16205510
1.27258130
1.29921530
1.42068390
1.40145010
1.51601970
1.45131420
1.10085290
0.94687848
1.08828180
1.04469340
1.22209790
1.06592670
0.90400542
0.96957601
1.09740040
1.10797920
1.46391430
1.14235510
1.24980680
1.05831200
1.48377130
1.16154610
1.36967180
1.26362600
1.31527930
1.13422740
1.26471730
1.12689360
0.96657927
1.06574660
0.95706626
0.86509232
1.14001110
1.01055900
1.18329780
1.18049650
1.46662500
0.97183973
0.87833586
0.79412871
0.95381389
1.10055360
1.01181460
1.12361290
1.08658600
1.07577250
1.31419670
1.28432990
1.17672460
1.06611440
1.08732960
1.44781720
1.42413660
1.41898760
1.10779850
1.41887880
1.29434700
1.31592630
1.42966630
1.37155240
1.17750960
1.08666100
0.82909205
0.88237337
0.94055456
1.07441510
1.03403220
0.99799039
1.03445860
1.11704710
1.27021860
1.54543600
1.13431850
1.53185500
1.08450460
1.06368830
0.88853597
1.02756020
1.25507730
0.88334502
1.29468030
1.28340110
1.27080470
1.41779300
1.13693640
1.45112890
1.12383970
1.29202970
1.35411380
1.44177540
1.26778760
1.38156710
1.14468270
1.27419810
1.18938690
1.45324890
1.25491020
0.97159680
1.02394620
1.10547390
1.07933300
1.17589440
1.11601180
1.40748060
1.05557870
1.15189880
1.15661260
1.15639920
1.34573370
1.37812730
1.18483820
1.58605570
1.38655120
1.26116900
1.20107290
1.41696060
1.43499280
1.46314560
1.44792510
1.27610480
1.23710470
1.39075390
1.53909660
1.54057150
1.63534250
1.54067790
1.49369720
1.41007280
1.34901570
1.18677170
1.18813050
1.22359640
1.16776360
1.25494370
1.24337950
1.21384060
1.01513370
1.38217470
1.23592600
1.20090190
0.81371366
1.13615320
1.04990880
1.14114090
1.21216510
1.29879000
1.07218090
1.15776070
1.18087640
1.41586090
1.14230190
1.31791680
1.32383350
1.20515750
1.38183910
1.32556700
1.48927950
1.55318460
1.59396520
1.40245910
1.59856100
1.33974330
1.70708300
1.69581280
0.92425889
1.07417930
0.98643101
1.11838140
1.19408720
1.01690680
1.19277490
1.21479990
1.07296220
1.35077220
1.34816740
1.37363170
1.36773720
1.45661420
1.37892250
1.36921690
1.27290120
1.26639420
1.39012410
1.43983970
1.51735630
1.22217560
1.46562540
1.38076510
1.30270070
1.27405470
1.26359580
1.50918000
1.27331720
1.27213160
1.18246560
1.37398230
1.25289550
1.14033140
1.05001500
1.25800830
1.31832870
1.41783240
1.38061100
1.07095090
1.04711030
1.19298870
1.16911970
1.03064000
0.91644485
1.39200260
1.33209770
1.34833950
1.13592970
1.16592990
1.05968230
1.07949330
1.40643470
1.25788330
1.31778640
1.22549390
1.14876870
1.23292520
1.46749870
1.43208490
1.16009780
1.31553500
1.26279800
1.31510840
1.35820240
1.27197300
1.25095220
1.29087240
1.12325490
1.47088290
1.39657550
1.33960190
1.27825190
1.46083330
1.26850990
1.27304100
1.02173010
1.34034120
1.30157710
1.30220710
1.19000560
1.18025000
1.25748950
0.92558287
1.32805770
1.60389590
1.39943580
1.41835800
1.47982800
1.45097840
1.40601290
1.04682530
1.24365440
1.40419260
1.46964620
1.46103410
1.38657320
1.18582480
1.05164880
1.03338140
0.98425016
0.98918516
1.15636640
1.21654200
1.26655560
1.21776630
1.27006170
1.15481210
1.45027050
1.29247070
1.33835600
1.26451130
1.49860700
1.27943330
1.41132240
1.06014690
1.13783960
1.13105650
1.04051790
1.14384790
1.33123380
1.18712260
1.37377190
1.63832480
1.01004630
1.32056700
1.27952620
1.27240010
1.37913800
1.18113120
1.35569520
1.30715400
1.39102900
1.51590030
1.27784970
1.00233950
1.20762550
1.30002160
1.36491230
1.14179220
1.16918210
1.14423710
1.21101000
1.18877030
1.15413130
1.10998990
1.45523590
1.32105570
1.31587040
1.08716640
0.93015823
1.14664990
1.23893090
1.04455260
1.11221130
1.22951300
1.14916610
1.30782150
1.68687970
1.13789330
1.02486880
1.40172540
1.41111840
1.42835740
1.42277350
1.33398740
1.04514770
0.96525225
1.01027450
1.03266310
1.04292900
1.22725330
1.14259260
1.13326780
1.05682580
1.01295620
1.45258190
1.21234030
1.60560350
1.26249520
1.39978520
1.02295090
1.33117810
1.33723150
1.30900200
1.32483250
1.27015860
1.10998450
1.03445140
1.03459950
1.22093480
0.99646383
1.27218880
1.10511030
1.24106330
1.05105420
1.03795080
1.30111180
1.15521910
1.12898200
1.09002520
1.36494530
1.19404400
1.51324590
1.12476030
0.97794080
1.01688540
1.34149740
1.16169020
1.40720660
1.37024840
1.50235320
1.33665710
1.31213740
1.40125200
1.41224350
1.51464970
1.36804090
1.35627960
1.08187110
0.96407760
1.02794090
1.22895430
1.23774830
1.13882420
1.34487540
1.04460450
1.16221530
1.21292770
1.31627550
1.23564340
1.20384460
1.32363060
1.12975870
1.27281050
1.31331020
1.39075680
1.25843910
1.38565240
1.33949190
1.40512370
1.10496020
0.91019310
1.29504510
1.04774990
1.08792630
1.25301350
1.22844390
1.23697210
1.18854620
1.24620550
1.19218030
1.13927170
1.55606610
1.47479580
0.91319656
1.28186340
1.06719430
1.14328110
1.10913300
1.11496140
1.19015500
1.36119660
1.26880740
1.16920540
1.02563340
1.11113870
1.10258500
0.98270296
1.01333170
1.22305680
0.95250475
1.24441770
1.12018870
1.07765290
1.23300710
1.09291950
1.13207530
1.15062960
1.19620730
1.08358140
1.22557090
1.23192560
1.35459250
1.25116250
1.16756410
1.24210370
0.98178014
0.89931487
0.93933595
1.09224300
1.10469780
1.13130110
1.14816190
0.96096580
1.11437720
1.14121630
1.37104540
1.22869360
1.28256900
1.29361810
1.46684380
1.46899600
1.32585390
1.17247900
1.29469240
0.95087665
1.10001990
1.12246250
1.30168520
1.27255980
1.29029580
1.11821790
1.41335870
1.34285450
1.28197980
1.23609060
1.37519510
1.64245080
1.32142390
1.28614340
1.39475000
1.28148490
1.29344300
1.42648470
1.27133050
1.39997890
1.22887660
1.24828310
1.33546140
1.31089160
1.21229040
1.31087150
1.32025730
1.60986830
1.51203140
1.29341040
1.41204150
1.42479270
1.49063380
1.40998460
1.47808390
1.04085390
1.40280100
1.18135760
0.94742308
1.28182580
1.18804440
1.24960250
1.35678850
1.00029870
1.02069330
1.11496510
1.33342190
1.38736180
1.24980040
1.22629920
1.17905870
1.17918370
1.06608720
1.34710730
1.20189770
0.88889135
1.18799880
1.16852540
1.24515380
1.23130210
1.28117140
1.33206730
1.46675440
1.41095750
1.41445190
1.09411950
1.08143630
1.29000550
1.31478680
1.30323440
1.25369220
1.08973030
0.93046223
1.34818650
1.12454650
1.32020840
1.21144760
0.86093806
0.93312022
1.21600300
1.13487480
1.15303240
1.19154050
1.24715430
1.31814870
1.28181660
1.43018900
1.21330480
1.44018500
1.39719260
1.06521430
1.29003120
1.20309720
1.34077470
1.38481290
1.21948740
1.45047210
0.97210673
1.05914910
1.10926800
1.22063320
1.11727430
0.89247100
1.12544150
1.21331170
1.24679270
1.25442600
1.22331530
1.02638370
1.43890130
1.05824740
1.27779840
0.99569243
1.44907690
0.91554978
0.79322373
0.85955054
1.27702290
1.24913740
1.42891050
1.47151080
1.25286460
1.31210620
1.27590080
1.51982460
1.66933600
1.40586800
0.96850006
1.16786490
1.24983020
1.23812280
1.26184830
1.20341990
1.47581520
0.98151608
1.31191940
0.95697171
1.06826350
1.18739230
1.17063500
1.42672700
1.31401620
0.84649283
0.84353304
1.11747310
1.16170370
1.28145650
1.20032510
1.24306800
1.13217060
1.28060310
1.45226690
1.19873750
1.34052290
1.31258390
1.50551780
1.52476770
1.21836010
1.42794560
1.18117440
1.17677280
1.47345640
1.31949870
1.25967710
1.24740590
1.37052500
1.34517600
1.23924040
1.12899580
1.17945250
1.26087960
1.18225230
1.13482680
0.90117366
1.19670750
1.37775850
1.27746880
1.33945020
1.25550860
1.04997710
1.12857250
1.24597730
0.98622847
1.10909600
1.43258980
1.21703640
1.05774610
0.90461906
1.18343090
1.03569830
0.87861142
1.03538440
1.22577330
1.17719140
1.43060060
1.26122280
1.43946490
1.20452740
1.16009500
1.19914750
1.48610390
1.23774840
1.20762450
1.41894810
1.51665340
1.50749240
1.52805080
1.75520180
1.35400050
1.33424740
1.28176530
1.46000990
1.36051060
1.57515460
1.48789530
1.43708030
1.27207280
1.25431410
1.45229120
1.39098650
1.44375140
1.48187770
1.64800190
1.52445050
1.00906760
1.19678810
1.12803980
1.07511030
1.34817500
1.15767890
1.02971330
0.89606086
0.86271335
0.93932710
1.14161980
1.08645590
1.33996870
1.27739410
1.25379470
1.23796320
1.18853400
1.44893090
1.43811480
1.58338360
1.27732620
1.48798790
1.44383680
1.41693920
1.61924250
1.54000130
1.47545740
1.66861030
1.84623530
1.74416500
1.00250040
1.12245450
1.10703220
1.01998550
1.10008560
1.23069410
1.05056640
1.16755700
1.07749350
1.26943260
1.16306240
1.18467940
1.38446510
1.31153590
1.42333880
1.49091130
1.40392910
1.39207440
1.46634540
1.44429770
1.69830300
1.32395660
1.33573890
1.27078350
1.13390590
1.22085540
1.27418170
1.50695640
1.38187190
1.23440230
1.43992950
1.07896430
1.30621250
1.19281600
1.48751200
1.38741990
1.26224730
1.43105770
0.79898175
0.96439659
0.83348179
1.01776600
1.00356440
1.06336320
1.16184210
1.33347310
1.35857880
1.42539390
1.20003680
1.39079140
1.11046130
1.51926280
1.06810880
1.31690190
1.26726210
1.06389600
1.20467680
1.22298050
1.19863010
1.44616740
1.58541940
1.47706050
1.28954440
1.47920540
1.21506240
1.25612400
1.05340370
1.01473280
1.21610290
1.12492230
1.07003430
1.13535510
1.01652750
1.22450580
1.12592200
1.10475230
1.09260360
1.02051310
1.03221900
1.14487290
1.29846770
1.24969070
1.39939510
1.32118470
1.11930400
1.21813110
1.29566250
1.21118960
1.31045790
1.47186280
1.02873750
1.34726030
1.30997280
1.23115850
1.37914540
1.44714400
1.15108360
1.66338120
1.12657550
1.43038060
1.34082670
0.96260134
0.97847198
1.01016350
1.18489170
1.07187020
1.30994990
1.00129570
1.20633120
1.12528210
1.38988980
1.31057540
1.01633880
1.05511630
1.35628430
1.12618670
1.06718620
1.08282060
0.98745387
1.29133360
1.26131200
1.17931320
1.27528530
1.06664490
1.33464600
1.34443020
0.91969321
1.13238070
1.41546680
1.24334890
1.12672410
1.19354990
1.39562970
1.30124740
0.94372824
0.99992760
1.32737840
1.35321700
1.05483960
1.16608230
1.08857630
1.01688730
1.17695350
1.41178130
1.09841930
1.39741210
1.11979000
1.32377600
1.19325270
1.20488390
1.32802720
1.17841590
1.30433900
1.15497620
1.46751400
1.31479830
1.05678720
1.12851850
1.09111790
1.08685290
1.24992770
1.28625000
1.48823070
1.42942340
1.37393290
1.40025080
1.26363180
1.08420570
1.45820820
1.32234870
1.24097290
1.21957570
1.48652150
1.08524230
1.14726920
1.29321960
1.23638490
1.24849870
1.49357570
1.27160430
1.44060200
1.35130820
1.35317690
1.08449740
1.23357710
1.05135340
1.28332720
1.26999910
1.05255530
1.19188290
0.91309975
1.11906810
1.08672960
1.22410820
1.09398720
1.19713550
1.08346630
1.41209170
1.33243350
1.17570780
1.15204900
1.38272160
1.37381720
1.39323520
1.21713710
1.17514110
1.26810370
1.16310260
1.27527190
1.20114330
1.46787950
1.14201440
1.49775540
1.27022310
1.30465490
1.04437900
1.00228560
1.14184670
1.08379940
1.02635760
1.55752190
1.55355790
1.34063620
1.32433820
1.42029970
1.27264540
1.17639220
1.06377930
1.14457980
1.18703930
1.12735620
1.08979340
1.28996870
1.15977700
1.10877780
1.23153020
1.20820140
1.20012810
1.18867310
0.93851920
1.25068970
1.27152640
1.64331330
1.65925260
0.98870449
1.34886940
0.98452513
1.08265770
0.98942439
1.11882570
1.03532990
1.23953300
0.71459336
1.04520260
1.24485820
0.97148651
1.20253240
1.23901840
1.12321670
1.17303180
1.06091860
1.37253800
1.42437410
1.23901910
1.07668490
1.08665700
1.15427510
1.20885020
1.34292580
1.11010040
1.22321650
1.19425960
1.33864810
1.21701960
1.03723770
1.61461720
1.56196090
1.23824400
1.52338250
1.73759370
0.95309521
1.35127780
1.21986290
1.31986530
1.08207980
1.30544030
1.04955130
1.34104930
1.39128080
1.15084050
1.25572540
1.08001290
1.27215260
1.49996140
1.42185880
0.98491392
1.04165780
1.46380990
1.24917910
1.25267020
1.20727290
1.16388570
1.10669760
1.29795540
1.16961880
1.14784140
1.25840460
1.44728350
1.36219220
1.31093770
1.17551920
1.07498910
1.38156140
1.41549090
1.49693910
1.08112080
1.19956960
1.34629200
1.40010310
1.45478380
1.15404630
1.00123090
1.03377360
1.35899670
1.08023100
1.24259270
1.07796920
1.38094910
1.10797820
1.41966570
1.34717150
1.27044770
1.26755140
1.15462590
0.94239663
1.35377520
1.45743860
0.93816474
1.11746780
1.16295130
1.25181170
1.21976130
1.26218440
1.31116430
1.34992170
1.40865360
1.54524910
1.61878190
1.01442920
0.80856686
1.23369770
1.22331370
1.02245920
1.08707860
1.12906150
1.41766960
1.22907670
0.98030294
1.44367150
1.23324330
1.39651140
1.28719890
1.26050850
1.15162330
1.14448950
1.34195250
1.48309960
1.68730600
1.17117420
1.24503510
1.42983790
1.32184130
1.26385920
1.24734000
1.29290140
1.41651820
1.33300210
1.18873020
1.48746040
1.29177940
1.29085710
1.21076220
1.23516380
1.21287940
1.26409550
1.08643400
1.40988030
0.87898139
0.83614905
1.06903730
1.43768870
1.03438730
0.92856618
1.27988190
1.28695510
0.95235831
1.26100730
1.15811600
1.39762240
1.17212620
1.13701020
0.97745810
1.56166210
1.36396960
1.36126860
1.33929120
1.25696880
1.41490800
1.12172270
1.47431590
1.26206740
1.49122620
1.51040850
1.44991000
1.39417160
1.18369580
1.21884050
1.14549610
1.22869240
1.10787170
1.43163430
1.25808440
1.09619930
1.24567310
1.25027980
1.21267850
1.17712950
1.42723740
1.34755290
1.61545720
1.36595240
1.09841680
1.23465260
1.37199020
0.93408457
1.21607920
1.04646240
1.16061740
1.36125590
1.26161490
1.35945430
1.10030790
1.27564630
1.25031010
1.30789890
1.46002780
1.22554970
1.19029050
1.21168760
1.17397200
1.33458110
1.31264510
1.48285510
0.94187753
1.09164060
0.98722287
1.16389490
1.19982310
1.32283040
1.58444670
1.22984040
1.42583350
1.37408940
1.45976860
1.49078970
1.73400560
1.70641020
1.06321540
1.18117690
1.16189750
1.08916780
1.20223080
1.42635580
1.30894560
1.06839570
0.99008919
1.09630640
1.19113780
1.16286250
1.02062420
0.98529451
1.42276140
1.02238490
0.91894676
1.30784980
1.18164460
1.37276480
1.24781470
1.56035060
1.28708810
1.47042600
1.59992280
1.51935820
1.64662960
1.51531010
1.01436600
1.40642190
1.31451570
1.45418530
1.37038300
1.19683750
1.22466720
1.53849100
1.40519040
1.40354350
1.52966040
1.49542410
1.42868550
1.31666180
1.45419280
1.62800210
1.68393330
1.53350690
1.10845280
1.30946500
0.96569104
1.14815110
1.21329110
0.98583825
0.84278503
0.95454047
0.96016858
1.05660420
1.12372920
1.31911320
1.17834430
1.29842860
1.12981690
1.12117540
1.63339760
1.33515250
1.48897280
1.72123370
1.63959360
1.49469120
1.58034520
1.70820740
1.83881400
0.94068113
0.81054805
0.84264534
1.31734510
1.07677350
1.17719330
1.09965200
1.30889480
1.15390800
1.37222010
1.23590760
1.47560190
1.54633880
1.19594650
1.26981970
1.54264760
1.29105180
1.24136200
0.84690669
0.97753231
1.34345760
0.98355636
1.11386550
1.32857910
0.96734335
1.07687660
1.01270530
1.21332060
1.22441930
1.07870510
1.24234190
1.46330660
1.29685550
1.26772970
0.98461283
1.14755950
1.28154800
1.03377690
0.91080205
1.00500430
1.38434500
1.12743670
1.36372580
1.60220850
1.03960380
1.41041970
1.05399920
1.19430450
1.47976210
1.28940910
1.23208180
1.34633040
1.17091020
1.33324830
1.35057710
1.14396610
1.33280520
1.25552160
1.38248880
1.07510250
1.09118200
0.92195487
1.42371420
1.32899610
1.12092240
1.22834360
1.12664060
1.42907450
1.00160190
1.03454540
0.80485600
0.96208928
1.00279060
0.95835040
1.04100030
1.06934560
1.04469220
1.01600900
1.20722920
1.24509170
1.36671250
1.32022630
1.45311820
1.46077020
1.46104430
1.41855950
1.28751000
1.47661010
1.16977660
1.47444270
1.49934780
1.36280980
1.42673440
1.21382940
1.54859080
1.20511400
1.47638160
1.40675040
1.02967560
1.43377340
1.26710650
1.27903480
1.21018810
1.05045730
1.46891070
1.20795280
1.32305960
1.53054150
1.38581210
1.46913510
0.97114221
1.07161170
0.98227388
1.26990820
1.35580410
1.19334400
1.25538440
1.13239830
0.89242974
1.39981950
1.32014030
1.32444530
1.38434470
1.24808820
1.16024270
1.60306920
1.21403270
1.23385310
1.09070630
1.19273240
1.01197020
1.16134390
1.19906660
0.92564114
1.08285600
0.80879668
1.10704710
1.12198720
1.05329220
1.23453910
1.54728300
1.45148890
1.54301330
1.18981010
1.44877450
1.49304230
1.22070870
1.02080370
1.20054610
1.23871860
1.26788800
1.45557620
1.08011470
1.11764640
1.30686080
0.98878876
1.04159450
1.14051880
1.09949240
1.36271330
1.03424270
1.41619670
1.44060240
1.33121640
1.33307660
1.18740050
1.09738850
1.29378260
1.44506750
1.51291260
1.39534990
1.34597020
0.97852212
1.06635030
1.11664490
1.04155810
1.11584710
1.43567160
0.95387480
1.03477510
1.31407030
1.10342560
1.09293370
1.41009020
0.79233203
0.73986178
1.03350990
1.21556510
1.33423830
1.07582370
1.30818220
1.36911220
1.41654260
1.37334230
1.12441710
1.26177190
1.30947940
1.40986770
1.08607220
1.11234370
1.42722690
1.40696870
1.17817390
1.40989380
0.89748893
1.29088540
1.20018820
0.82761549
1.14884740
1.33265400
1.09533620
1.27860240
1.31858180
1.42551660
1.40773430
1.43677960
1.12167180
1.32215980
1.16537540
1.23067050
1.06791770
1.17490860
1.11479840
1.27020710
1.26771310
1.37797560
1.19168560
1.09407180
1.35314820
1.09686840
1.13831310
1.15449900
1.29940440
1.04708010
0.96735927
1.14246930
0.97426538
1.18223470
1.14792730
1.04169140
1.06350260
1.13283030
1.15420870
1.45666740
1.26332690
1.24183450
1.23300000
1.41777300
0.99003481
1.39367660
1.26246000
1.26113410
1.29842650
1.34242800
1.39758690
1.31121950
1.48206320
1.20519390
1.37280860
1.43332950
1.34354490
1.44778100
1.25470270
1.50986530
1.25690240
1.58645070
1.06504980
1.24532150
1.25552580
1.22217650
1.21221770
1.05556540
1.16181270
1.05067630
1.25143590
1.24266580
1.32490710
1.18225670
1.43052890
1.41140590
1.35661440
1.31656940
1.47557980
1.46550910
1.52723980
1.36815740
1.56151570
1.42059820
1.37496870
1.53061900
0.99325780
1.43002060
1.34824100
1.34102020
1.30617350
1.33611280
1.10775710
1.02291780
0.99515130
1.07537860
0.96515805
0.94141651
1.19395290
1.30599140
1.36855950
1.41933900
1.35301030
1.17032960
1.44261450
1.26632170
1.29934910
1.71950150
1.05153920
1.26148270
1.18290160
1.07979990
1.22216810
1.18350060
1.35622670
1.11384830
1.05932730
1.15106850
0.96908682
1.23628570
1.00075240
1.25981620
1.05500270
1.06291630
1.23386990
1.05151680
0.97987187
1.20004630
1.26287380
1.16980980
1.03790400
1.48343960
1.20169450
1.02497840
1.35505160
1.29490920
1.29860060
1.35756730
1.23379320
1.43013060
1.25434060
1.20607620
1.17532840
1.41627140
1.12023890
1.50719340
1.42601800
1.51362210
1.17371780
1.39028210
1.23737930
1.10854500
1.35707960
1.06687960
1.29465780
1.30423660
1.51765810
1.40252310
1.29385120
1.41945150
1.45196200
1.29915090
1.54451520
1.09999410
1.25156980
0.88698939
0.99425727
1.27586800
1.23874770
1.09524310
1.05573930
1.05267040
1.08962650
1.20337750
1.34114180
1.21122600
1.14770240
1.35417480
1.50691250
1.42111860
1.74539170
1.36653980
1.43287630
1.63331010
1.43607040
1.43624790
1.41774030
1.40872550
0.97841953
0.88136489
0.90865122
1.07514410
1.12419940
1.07458500
0.81719745
1.04603740
1.06477110
1.41485550
1.36934630
1.39863650
1.17767480
1.23010510
1.58678620
1.44708600
1.15182000
1.16518840
1.34501160
1.10378640
1.17575710
1.22352090
1.23709010
1.08714110
1.16607780
1.20737830
0.91571565
1.27257300
1.34068730
1.36154440
1.50108710
1.28187620
1.37587570
1.45743110
1.12895870
1.40005000
1.31632820
1.30082840
1.36785430
1.25008270
1.37540740
1.39973080
1.00221510
0.80391020
1.01819640
1.09588130
1.16046750
1.12959480
1.21014130
1.33149040
1.17107960
1.34431450
1.14090220
1.28462190
1.36089900
1.49706250
1.25516080
1.32615590
1.26723440
1.30265110
1.11940030
1.18094210
1.24518090
1.33219010
1.16943140
1.40026530
1.36998200
1.48514920
1.48533210
1.38305960
1.27511920
1.27765710
0.96178766
1.60674450
1.39382770
1.53104030
1.54901230
1.42275850
1.51677880
1.57249730
1.69148870
1.21841410
1.07568150
0.83257151
0.89311459
1.17179720
1.27224780
1.23073140
1.22894550
1.37065200
1.30022530
1.32397210
1.50056510
1.47010230
0.84230938
0.89691687
0.92213913
1.26255850
0.95342456
1.32732920
1.04104080
1.52383620
1.15398160
1.21659210
1.18768750
1.15216280
1.23506130
1.46859690
1.11368380
1.39561820
1.24055030
1.40974900
1.30143580
1.53847660
1.31924100
1.38751050
1.47271950
1.39576430
1.58329000
1.51313650
1.76640510
0.99577751
1.03436590
1.39416200
1.55743510
1.53477340
1.34770990
1.49486200
1.60910880
1.38593910
1.01853630
1.24035310
1.03729350
1.06046080
1.07634300
1.51719790
0.98386451
1.26952400
1.36901890
1.09683830
1.52122820
1.32704150
1.31125200
1.17543910
1.34943240
1.32700120
1.31258590
1.47168240
1.72615990
1.57818230
1.57308660
1.25738100
1.31931960
1.14229980
1.41522580
1.19664190
1.26461590
1.12352060
1.12442060
1.02446960
1.10665780
1.22119880
1.26865350
1.41733130
1.34731320
1.19271010
1.29166550
1.31578150
1.34338600
1.41066480
1.23170780
1.29296960
1.42299280
1.31045700
1.11149760
1.49398100
1.56398690
1.46070320
1.26840870
1.10136570
1.15005660
1.03272890
1.04729250
1.58749060
1.15228320
1.31662390
1.44829040
1.31518610
1.55094280
1.33713430
1.13532140
1.39964490
1.19216610
1.40524800
1.51823400
1.27567860
1.50104490
1.44372270
1.10299360
1.45028850
1.57662600
1.29979270
1.52050780
1.51131890
1.55182090
0.90747582
1.07348780
0.96367525
1.35783950
1.14575020
0.90640599
0.82819890
1.02419560
1.06883000
1.25262130
1.47941300
1.08843220
1.14031500
1.14911530
1.41689160
1.14927590
1.34703530
1.27779420
1.24252800
1.35185470
1.11422960
1.36819110
1.27807040
1.16393750
1.11287270
1.35840470
1.18602890
1.15146760
1.44925890
1.20769950
1.62164030
1.47499600
1.41374800
1.33305540
1.29700260
1.53564370
0.99183132
1.08890060
1.03132330
1.12332680
1.24900990
0.97426485
0.97337951
1.03622830
0.93462965
1.11108210
0.89812463
1.12300090
1.31951400
0.99632261
1.08515990
1.30728860
1.38986120
1.18868680
1.20835620
1.45545590
1.37886450
1.58842200
1.67750540
1.52562520
1.52949610
1.05137180
1.17760200
1.22508670
1.17656760
1.17116620
1.18666080
1.31319290
1.14709560
1.34477420
1.47036960
1.06017130
1.15704040
1.05244860
1.27996930
0.90400606
1.27256990
1.21443440
1.23032200
1.30207360
1.27847980
1.36198400
1.23307130
1.01533150
1.31459880
1.29395620
1.12558140
1.08714840
1.08876850
1.25022850
1.00472890
1.15005080
1.19064350
0.95323622
1.03194290
1.01834130
1.04691000
0.95369037
0.99592473
1.01106410
1.33609150
1.13782830
1.01661560
0.90167470
1.07349490
1.22089650
1.17287790
1.23603970
1.27151700
1.24658840
0.94775341
1.07522200
1.12698920
1.34005290
1.42138880
1.23749390
1.18478310
1.35705780
1.53235160
1.25760510
1.42409520
1.24106440
0.94832535
1.00514060
1.35444650
1.11591830
1.15476670
1.31562730
1.07314340
1.18717950
1.25348210
1.12520370
1.37907350
1.44112460
0.96086593
1.08788270
1.09612040
0.95057210
1.18860740
1.33876350
1.35070130
1.49780640
1.44307590
1.52295980
1.51016830
1.48519280
1.63263550
1.41306160
1.00276300
1.10164410
1.28403360
1.24737010
1.41577670
1.47911800
1.15709580
1.06128650
1.12598540
1.00570640
1.15498130
1.01612000
1.17667930
1.21594650
1.18171430
1.20688980
1.24034220
1.03936630
1.22894050
1.31414900
1.24428030
1.24542220
1.01739880
1.25027520
1.29403500
1.26402690
1.18153540
1.24714420
1.36153510
1.17037060
1.47970070
1.44422630
1.55843810
1.39553220
1.14234040
1.27015910
1.66135810
1.51817900
1.68903120
1.65446860
1.60656490
1.02736920
1.04258720
1.16638290
1.03647460
1.12628430
1.25435620
1.22047720
1.51724930
1.20865900
1.30053040
1.14967540
1.16688390
1.07007320
0.96818343
1.09596840
1.18446230
1.09464730
1.23191420
1.06638040
0.97696983
1.07907510
1.10280630
1.14167190
1.41105050
1.40553380
1.40931030
1.60929540
1.58651300
1.28917270
1.58787360
1.64378310
1.75521490
1.70038860
1.43066090
1.22017520
1.20520930
1.30479090
1.34180340
1.57998890
1.28007150
1.57750670
1.46638270
1.26642580
1.30981440
1.51306710
1.49295090
1.41160820
1.42143850
1.23164570
1.39530220
1.49768940
1.53094910
1.38802760
1.51772600
1.37105630
1.77132400
1.45856130
1.63204700
1.51292430
1.45018180
1.50214090
1.50641440
1.52679410
1.34268130
1.39646800
1.53098270
1.11144360
1.30847080
1.19394380
1.44456180
1.17317640
1.37428100
1.53526330
1.12360280
1.39564250
1.23948830
1.07892550
1.25963580
1.31777250
1.16369040
1.05360360
1.07162150
1.04912770
1.01131130
0.98500959
1.22370450
1.24147040
1.45802870
1.53062540
1.42907690
1.37055270
1.36147080
1.38995810
1.45779320
1.08944590
1.12655790
1.37920900
1.41875890
1.45255630
1.11308210
1.35984670
1.12512900
1.38012220
1.39753100
1.16340020
1.11483320
1.27317470
1.38575660
1.44012560
0.89803425
0.85739827
0.95819121
1.29108920
0.97961252
1.08999950
0.96567004
0.97432618
1.04548790
1.35040400
1.18692710
1.06763140
1.34240070
1.61285640
1.56710960
0.88220394
1.16102770
1.01077320
1.46245800
1.24272300
1.09420110
1.37753720
1.10727070
0.95818095
1.26609370
1.16102700
1.42784950
0.90172645
0.99777889
1.23533210
1.10462640
0.78595039
1.15236890
1.35004210
1.21306820
1.27646240
1.11202980
1.15807560
1.18318050
1.31734970
0.99788129
1.38267530
1.42029340
1.31783380
0.97616140
1.17725670
1.12546440
1.23066140
1.43499160
1.33235710
0.96781032
1.03472970
0.91608000
1.08065770
1.38304490
1.08669960
1.25357180
1.24557300
1.47868220
1.27621530
1.37261000
1.23935740
1.03048320
1.00249250
1.31762320
0.88665842
1.14665570
1.32670780
1.31142630
1.44386180
1.09839880
1.39147390
1.23198430
1.32581120
1.33649580
1.50129540
1.58226510
1.44188330
1.40605980
1.24847010
1.12343190
1.33135550
1.03656080
1.30180310
1.13579430
1.31019790
1.07815590
1.18301430
1.34087790
1.44125860
1.57294660
1.14058960
1.31518070
1.40938590
1.38279350
1.44677870
1.20775310
1.33883870
1.38115350
1.52909440
1.42157200
1.12085880
1.19491980
1.21145080
1.38966270
1.46088010
1.19979020
1.56915850
1.21444160
1.20282260
1.39908660
1.62012410
1.08063630
1.14332080
1.06722500
1.26812740
1.30571000
1.29562720
1.41470760
1.31918590
1.20188160
1.39412470
1.50936820
1.53836920
1.11428850
1.04084310
1.08038950
1.25319620
1.00628000
1.43915450
1.53071660
1.57458090
1.54867860
1.43265510
1.62388450
1.53977660
1.56479760
0.91850753
1.12176640
0.87064764
0.99511794
1.35507730
1.25452580
1.28602870
1.32141850
1.23178210
1.61852650
1.33201350
1.54329040
1.05038110
1.31185870
1.31159660
1.11821450
1.32652290
1.15319460
1.53454200
1.33094620
1.00405130
1.34332360
1.23607740
1.01714580
1.36996900
1.31611690
1.55711020
1.35256430
1.54294030
1.32809600
1.38918780
1.48896880
1.29511170
1.56105620
1.58498000
1.61528410
1.63893000
1.09624720
0.99406630
0.98762217
1.19489620
1.24480070
1.26907470
0.82612911
1.07265880
1.25611700
1.11243350
1.18623180
1.17124530
1.00346780
1.04442310
0.97857464
1.22137680
1.10862410
1.11156690
1.13989280
1.29229390
1.26440070
1.18302660
1.36898440
0.89276794
1.34693230
1.26007510
1.48119040
1.32896530
1.41345940
1.02833850
1.39380350
1.32877950
1.08904690
0.95290721
1.01904110
1.09061960
1.29598410
1.22929190
1.08679540
1.25549980
1.17590540
1.32172680
1.24514410
1.33592050
1.33377430
1.27522060
1.43337420
1.42873570
1.24646970
1.44832860
1.67768170
1.36329090
1.47013020
1.45902540
1.11714040
1.22998130
1.15053470
0.79944411
0.95923113
0.96368955
0.95983920
1.21259650
1.28201400
1.29118890
1.33133200
1.44316140
1.38963070
1.47073900
1.38969500
1.42144550
1.29525600
1.25712010
1.05679270
1.28144890
1.63162750
1.26119870
1.28350150
1.43059040
1.40451120
1.51853330
1.17375070
1.62907140
1.52273640
1.45612410
1.68807130
1.28545870
1.54321540
1.70374090
1.25878210
1.16034990
1.25802560
0.97249033
1.34995230
1.09550190
1.39294850
1.02520340
1.10110110
1.27603400
1.09196190
1.29678200
1.13193860
1.19631180
1.27780750
1.36314610
1.30871910
1.41614390
1.30185110
1.25327310
1.43090220
1.31853350
1.70448330
1.33840440
1.15853800
1.27850150
1.37649540
1.35547370
1.20588980
1.41386210
1.73795990
1.31587320
1.33241480
1.68293760
1.09152120
1.12024260
1.03534430
1.32491900
1.27631320
1.36771950
1.47342870
1.18361020
1.40938400
1.20815130
1.24711660
1.07431930
1.11825860
1.13545810
1.26888130
1.36033540
1.30576300
1.01334010
1.34376430
1.29701780
1.28317950
1.51063520
1.08934140
1.04310960
1.54155310
1.42998680
1.12613980
1.07448930
0.99253506
1.02028470
1.04468670
1.19210200
1.18379840
1.27239530
1.23471770
1.36959810
1.60032010
1.32478400
1.29630590
1.37582400
1.63881610
1.19603600
1.25307030
1.25774440
1.10573230
1.25615270
1.29271070
1.26242570
1.14760100
1.00483680
1.01904770
1.23354430
1.35518660
1.43040020
1.15399160
1.64766410
1.33140980
1.27805960
0.95470450
1.29924710
1.25377370
1.64683380
1.28863120
1.32769420
1.08365080
1.21858970
1.09838300
0.99217686
1.11975090
1.21409380
1.16462940
1.15171260
1.20492070
1.35912510
1.09685170
1.42592100
1.38212360
1.41802040
1.12293100
1.10640280
1.25793360
0.97038547
1.29887070
0.86264073
0.99765334
1.20437820
0.97720920
1.32135530
1.21881980
1.30594150
1.32787210
1.27136600
1.21828230
1.12540640
1.21576630
1.14344530
1.20955250
1.15744910
1.30738980
1.36596570
1.29095310
1.35176340
1.33128990
1.61656090
1.51088440
1.27097980
1.56368960
1.17357760
1.02248000
1.07043020
1.12251670
1.21165110
1.12310300
1.19321030
1.51709400
1.39425740
1.31132020
1.71440310
1.62480170
1.23408330
1.58522170
1.50059750
1.03125660
1.11739960
1.06092730
1.25250890
1.25975210
1.06073520
1.43180070
1.18327360
1.11243850
1.16007460
1.48329410
1.09945140
1.14918350
1.18864070
1.21887250
1.17878940
1.35196470
1.48700600
1.54392870
1.54965580
1.58592120
1.55002970
1.63017830
1.21427170
1.42523140
1.52436890
1.52967670
1.15379190
1.45074940
1.25005840
0.96585603
1.22451550
1.19685610
1.18451270
1.29589820
1.18411890
1.38012240
1.40253760
1.46952740
1.30907840
1.42803830
1.41229740
1.58375460
1.42903060
1.71313030
1.09027040
1.16435030
1.40422490
1.20416520
1.38892560
1.39450670
1.42099420
1.15584980
1.29324160
1.31308660
1.42760940
1.40236750
1.38983050
1.67358120
1.40168620
1.25702330
1.33370510
1.31685710
1.01313520
1.20181930
1.04549760
1.12552850
1.01349480
1.26513120
1.28295670
1.25829410
0.93441607
1.17572460
1.22499230
0.86832930
1.11417940
1.05962730
1.14942960
0.98570413
1.23629030
1.14899780
1.06013990
1.09592740
1.40734050
1.26392910
1.15515380
1.25371540
1.17168710
1.09056320
1.38829010
1.17379580
1.35332850
1.33561670
1.38377440
1.07620590
1.16544440
1.05225150
1.14807380
1.13893810
1.33453320
1.16028230
1.04692150
1.24724970
1.13252950
1.08704180
1.02369000
1.02492810
1.00907440
1.25999560
1.41615010
1.26257170
1.02999830
0.99865816
1.01671320
1.34720840
1.49665180
1.16352780
0.59703422
0.76306824
1.14170140
1.18667790
1.27451510
1.25081020
1.14344010
1.20508390
1.58859080
1.09300550
1.21331770
1.21797730
1.07828840
1.17562590
1.26231130
1.05069930
0.92445106
1.29332660
1.12510930
1.42766240
1.35196460
1.51904840
1.42771820
1.29284370
1.33459720
1.26276500
1.52390600
1.31609210
1.28167630
1.68929410
1.69883440
1.41875930
1.68094330
1.43276080
1.28066290
1.29088410
1.46947840
1.48488010
1.06447790
1.17825430
1.27500830
1.07733820
1.36911900
1.48142910
1.27611990
1.50653140
1.22587790
1.38273540
1.32978970
1.80422900
1.71909440
1.12750660
1.10282290
1.32739690
1.13596180
1.20827720
1.21427160
1.43318410
1.53018800
1.06071540
1.27390880
1.28382940
1.32760770
1.30313700
1.38819810
1.26213070
1.87181790
0.93623308
1.03856820
1.15696290
0.98322338
0.96147454
1.46487190
1.24437180
1.32971170
1.32031360
1.52262630
1.65138530
1.48777760
1.26827910
1.52160990
1.53910560
1.36513330
1.25787370
1.31574890
1.37728240
1.04767900
1.29531350
1.00527110
0.96909129
1.35093220
1.29994360
1.11750420
1.05799570
1.10116900
1.22816100
1.16120760
1.17908050
1.07243690
1.12739290
1.28596280
1.16035510
1.15271960
1.45697300
1.63365550
1.16842220
1.35762720
1.42860940
1.44970110
1.23323030
1.21159930
1.38750480
1.26881910
1.00721460
1.31988660
0.89233306
1.29244580
1.12735990
1.12277940
1.37986990
1.39358090
1.43250980
1.54116620
1.80281470
1.47827840
1.62458620
1.43908010
1.62145360
1.74418370
1.02607500
1.04193230
1.01946900
1.20553530
1.11406370
1.55758020
1.25994770
1.33894470
1.18041410
1.26266830
1.46591460
1.48404560
0.73654667
0.79682933
0.98984696
1.24645680
1.17963830
1.23429590
1.24669180
1.52480880
1.19860880
1.22683880
1.20987930
1.05416370
1.04757570
0.97509488
1.10873780
1.31673430
1.36033120
1.29207090
1.41589320
1.40982270
1.51920340
1.25994390
1.66000310
1.48547930
1.24410870
1.73676480
1.54520280
1.45627890
1.07539020
1.04153820
1.22288660
1.17079170
0.93117621
1.50214980
1.17873080
1.30694470
1.21986320
1.44561790
1.36595890
1.42218770
1.15647680
1.35890960
0.90553937
0.96531156
1.08202640
1.02407320
1.15557200
1.41679100
1.15104470
1.52663320
1.35154400
1.41164060
1.71604390
1.46220860
1.36337370
1.43917580
1.37580170
1.11102460
1.09857790
1.19299820
1.28811530
1.46051000
1.14140260
1.23169400
1.15990010
1.37074460
1.07789420
1.41109810
1.13245930
1.50430410
1.23524180
1.20897080
1.29171510
1.16272880
1.05651460
1.29367520
1.35381380
1.33770530
1.39200980
1.23971820
1.51017100
1.13526080
1.25355240
1.25858360
1.44049960
0.96371180
1.38970270
1.02957930
1.41936420
1.37572290
1.09547200
1.22752530
1.09321180
1.18930150
1.30939180
1.13936730
1.21410990
1.20958660
1.28620710
1.30496410
1.31848550
1.40410520
1.04668000
1.14322510
1.51396600
1.29164380
1.45767970
0.95195554
0.90566909
0.88658716
1.07736350
0.98401648
1.10500310
1.25565640
1.27350530
1.05024430
1.12011610
1.27991750
1.13965580
1.23874120
1.41447320
1.22979060
1.25307030
1.09441310
1.05664910
0.95123925
1.26470350
1.37459270
1.51241570
1.41824470
1.02966090
1.25569470
1.24870310
1.18137370
1.48978040
1.53076380
0.86992893
1.25685370
1.10335890
1.13173040
1.30980170
1.20102210
1.25649650
1.35094740
1.31759100
1.45902340
1.48862250
1.27880740
1.71245960
1.62470780
1.35489120
1.17948610
1.09582590
1.43929580
1.28961480
1.04958970
1.36371900
1.13762160
1.07353050
1.58550740
1.27826610
1.54837040
1.30541580
1.26266840
1.33066400
1.38827770
1.31550460
1.38720680
1.08806480
1.16485550
1.32160230
1.34990970
1.17862740
1.36201270
1.13713940
0.75085565
0.93725432
0.99250039
1.18162500
1.27786220
0.95994159
1.00154040
0.99516989
1.06662690
1.08323360
1.25398840
1.11175290
1.14834650
0.86297210
1.14476640
0.93300109
1.27995820
1.25550660
1.33727790
1.20847640
1.23654800
1.49714160
1.39423890
1.15614870
1.25615180
1.21135110
1.21489820
1.24580070
1.32333410
1.05055690
1.29528590
1.48161770
1.47918150
1.22447910
1.24462000
1.09159980
1.12732750
1.31266090
1.18176890
1.55333910
1.09111230
1.27914220
1.33919090
1.12797410
1.12377940
1.24139580
1.30293990
1.39255780
1.27139690
1.47844150
1.07337810
1.28125520
1.24763960
1.49938840
1.11170240
1.10634070
1.12099820
1.18794510
1.26614480
1.21640620
1.12261020
1.06793390
1.37254350
1.01577660
1.30134160
1.54010640
1.48692640
0.91298343
1.06370100
1.02077460
1.18085400
1.15181900
1.27698970
1.17424290
1.00043360
1.16880400
1.17859810
1.26521350
1.33481810
0.76224237
0.94857495
1.02768620
0.98258337
1.32346200
1.16494980
1.06100670
0.85790865
1.12403250
1.19157510
1.32475840
0.99975572
1.44019210
1.07388830
0.95588222
1.30003550
1.22792050
1.09262240
1.16792590
1.17842950
1.26055670
1.51325740
1.20828360
1.19031190
1.14664100
1.16281920
1.20949260
0.97611409
1.02965410
1.20275440
1.24226450
1.40677810
1.10270470
1.21469330
1.43515000
1.14541760
1.41785650
1.35506830
1.43918730
1.40255270
1.22589400
1.24797930
1.42404370
1.19344580
1.35758680
1.20206030
1.18833460
1.31005850
1.33104020
1.38959500
1.22873990
1.27190740
1.55374680
1.59847950
1.56691330
1.58804970
1.42445580
1.53274530
1.00227360
1.02757880
1.05955430
1.09470350
1.10910940
1.31870140
1.21044680
1.28117880
1.23822440
1.36096790
1.42835000
1.42812570
1.53578520
1.30916420
1.30354720
1.23311460
1.30812050
1.12536710
1.28298480
1.24536280
1.03886800
1.28701920
1.06001600
1.37845990
1.21041860
1.21008010
1.47535850
1.55427960
1.26052800
1.33857810
0.89009371
1.12798090
1.15884960
1.37269830
1.28635340
1.27788780
1.06501450
0.94991494
1.24480170
1.06841010
1.37573360
1.31319370
1.05182820
1.05285030
1.25090080
0.91283608
1.07514120
1.06314830
1.17705930
1.43227640
1.45535670
1.42196830
1.44666550
1.67297480
1.27930630
1.34269240
1.21447420
0.97888430
1.17656850
1.60275950
1.28467310
1.36191340
1.23443680
1.27700840
1.17140850
1.14058710
1.26323490
1.14998500
1.03957100
1.19405700
0.89969596
1.19424150
1.26012820
1.19801080
0.98939524
1.31533900
0.90345787
1.10926880
1.03619500
1.37493220
0.98729462
1.15779270
0.91125011
0.85386441
1.43693450
1.30128530
1.04821610
1.13575980
1.01476400
1.08121490
1.08320430
1.00900790
1.31003470
1.41704000
1.15154950
1.14230040
1.16931990
1.33477400
1.43329630
1.29055150
1.24783150
1.24304390
1.51135240
1.15803200
1.17558650
1.29142530
1.20799570
1.26021780
0.97072882
1.35337040
1.06383610
1.44066960
1.50272440
1.36848040
1.51344550
1.32471740
1.43220220
1.36934210
1.33981510
1.48174880
1.32391130
1.55586050
1.18246480
1.07136270
0.99860584
0.94284468
1.08042560
1.16434940
1.01097880
1.15482270
1.14831780
1.43071800
1.24187210
1.29696860
1.43489390
1.16431580
1.26439410
1.30920020
1.51566040
1.32276210
1.14513300
0.99707207
0.94523119
0.94776963
1.16519960
1.29537890
1.36764170
1.38145670
1.22409670
1.18246080
1.10891030
1.26245970
1.25753490
1.16453830
1.11631920
1.20131690
1.20590150
1.00158250
1.11764770
1.27685610
1.34034710
1.17831110
1.46451540
1.15471570
1.23091260
1.31302290
1.22069750
1.17813950
1.15979880
1.08094450
1.38537060
1.22160060
1.31475600
1.32933250
1.23828420
1.39678370
1.32908600
1.21103750
1.16360200
1.12641930
1.39890940
1.16989150
1.32403160
1.10488070
1.21612540
1.29525740
1.38040340
1.29507540
1.21846200
1.41050780
1.41225230
1.14611040
1.00797220
0.98722368
1.19334960
1.16753580
1.16018540
1.04747950
1.27223530
1.20260790
1.12521090
1.07371620
1.11978410
1.31685100
1.31297430
1.36945610
1.15008180
1.12063370
1.13821460
1.19416300
1.00462790
1.28046280
1.23800450
0.78898540
0.95158684
0.88793884
1.05068190
0.87641207
1.04375260
1.31301270
1.24656460
1.18411170
1.41476860
1.45539980
1.45344440
1.09881790
1.12826080
1.43385540
1.09527750
1.38424050
1.23176400
1.22225420
1.41441320
1.24457850
1.40173850
1.34238500
1.00727260
1.15306810
1.57335380
1.34341770
1.17497390
1.13084700
1.12491450
1.29175240
1.00105670
1.77896800
1.24983370
1.14802840
1.19556990
1.07549000
1.12629790
1.14555000
1.00891430
1.02369860
1.12959990
0.96793753
1.25257490
1.16273220
1.02955830
0.89124165
1.36254170
1.31341790
1.17114650
1.31482500
1.36021130
1.36814140
1.26766420
1.07561830
1.33560530
1.40971760
1.32025360
1.25590380
1.31502490
1.70873860
1.35022790
1.11906150
0.99862903
1.01138820
1.17925870
1.12694700
1.18546870
1.27904640
1.13074210
1.07003230
1.10399910
1.12181070
1.37661640
1.14305190
1.10154740
1.18893770
1.19186900
1.15281620
1.40140180
1.41426060
1.26636000
1.51851740
0.96610314
1.16530540
1.26713950
1.04640160
1.27240230
1.02997160
1.08241960
0.98933326
1.02636350
1.42665720
1.42223910
1.24064880
1.07399850
1.26378790
1.19874830
1.47200640
0.95784188
1.27894500
1.08124740
1.05570740
0.93662641
1.08756150
1.40637060
1.29418040
1.12525080
1.32683280
1.36283560
1.50194130
1.42212550
1.22343200
1.22388530
1.65975860
1.60896420
1.25151530
1.41940930
1.48180390
1.57970630
1.55152350
1.50393960
1.24935040
0.95997376
1.33344070
1.21452550
1.18859200
1.25987200
1.27096900
1.14191820
1.36531760
1.01604340
0.96883969
1.20385690
1.24136990
1.20554980
1.20286470
1.18360640
1.31867990
1.18506310
1.27625780
1.44063320
1.23511220
1.35895990
1.46395500
1.51694800
1.46929020
1.54168350
1.44666200
1.46695770
1.32001980
1.56105030
1.35918940
1.52895170
0.88176789
1.01819630
0.98461679
1.00136390
1.02613020
0.95027775
1.10251230
0.99600906
1.11913690
1.00849930
1.40185460
1.34044210
1.48698190
1.64392150
1.27078540
1.35366310
1.44994190
1.57470640
1.32223030
1.34611260
1.60391980
1.36096150
1.50063950
1.40158410
1.39578950
1.64253560
1.51558160
1.55395170
0.87975915
1.15823140
0.90075183
1.04398700
1.25795280
0.77366465
0.99740128
1.06009030
1.26424900
0.92110053
1.18992370
1.16654100
1.30741070
1.38649830
1.23657380
1.45582330
1.47290190
1.55098090
1.34220060
1.29115560
1.49628540
1.20022520
1.40011950
1.34548380
1.38536040
1.61421020
0.81440295
0.92786692
0.92208198
1.24154020
1.15014190
1.19377520
1.09979850
1.25607270
0.94249500
1.24589800
1.11809260
1.31896920
1.11409240
1.42576170
1.26486710
1.26220220
1.13520440
1.09835650
1.15796810
1.14277000
1.00569100
1.42693410
1.18240650
0.89901015
1.06068400
1.11801940
1.23518380
0.98796027
1.04255140
1.12664930
1.33275650
1.12163200
1.15289470
0.88869651
1.12783150
1.03372840
0.97766166
1.15900440
1.23022820
0.97043937
1.57726090
1.43535210
1.27191300
1.35839790
1.44435540
1.02702540
1.43942800
1.36753630
1.31285530
1.36525900
1.55005720
1.34750150
1.29967460
1.22968000
1.43496640
1.71548800
1.39561910
1.15267670
1.57593670
1.29874020
1.37895740
1.29250230
1.26338240
1.14970320
1.34170250
1.48381900
1.18555110
1.32252150
1.11281020
1.23687390
1.27681710
1.11916560
1.19403510
1.19614630
1.23483580
1.28342120
1.40399410
1.31610990
1.29632800
1.15366310
1.38291460
1.27673100
1.30296030
1.43665660
1.47895710
1.19690870
1.21653840
1.34473670
1.15145930
1.16671900
1.31587350
1.53828950
1.28423970
1.31841150
1.44867020
1.48980770
1.10534990
1.04140920
1.31986820
0.96122963
1.25307320
1.38057850
1.15153350
1.22153290
1.26427880
1.18472740
1.08410810
1.11587300
1.30876660
1.52423960
1.25040800
1.17366610
1.22860630
1.19821330
1.27696150
1.54791090
1.44350830
1.57210990
1.32099190
1.21243860
1.19962090
1.20678820
1.12277030
1.47162710
1.21797750
1.39940810
1.37459040
1.46267230
1.12797380
1.12280150
1.28569130
1.54589160
1.17678500
1.59037650
1.69155010
1.14569100
1.35117760
1.16839460
1.32984610
1.14543140
1.28349270
1.37955890
1.01292990
1.20025150
1.19395230
1.24332840
1.12089160
1.07660390
1.09600730
1.09319980
1.44169060
1.43575910
1.45695350
1.24306750
1.32295340
1.52865320
1.49612620
1.31110400
1.38603330
1.32563930
1.24191570
1.26832100
1.36469570
1.30139140
1.14693750
1.28788010
1.29901890
1.13465660
1.18991800
1.02065960
1.16821010
1.24276210
1.39544230
1.19154610
1.29160530
1.43271430
1.41931230
1.08169080
1.42979380
1.26325770
1.69074810
1.44454560
1.21937050
1.22013560
1.20398400
1.18472050
1.42228040
1.55087080
1.62129070
1.90594820
0.93687797
0.98532427
1.12165400
1.16788440
1.39183060
1.38431960
1.18158050
1.23111160
1.30773880
1.11154510
1.21876340
1.30733090
1.18447550
1.35301450
1.31833900
1.37133590
1.28286560
1.14761100
1.17543360
1.27379490
1.45510950
1.40711650
1.54303720
1.22254000
1.50100070
1.59408310
1.19331670
1.42456110
1.27177270
1.40414900
1.50497370
1.34701190
1.16899090
1.30001880
1.19918970
1.19732050
1.45889400
1.44453930
1.25640100
1.14790810
1.31240710
1.29722290
1.23408060
1.01232070
1.12900840
1.00468210
1.01864840
1.12321630
1.15468430
1.23001990
1.47133830
1.23981830
1.23574530
1.42053520
1.20543880
1.38854600
1.19190830
1.28518500
1.40984130
1.24093600
1.43360160
1.25049260
1.19646990
1.37386980
1.41806240
1.19106250
1.15830210
1.35138920
1.40557410
1.36084470
0.78388532
1.24230280
1.07084540
1.08712280
0.88167710
1.24020760
1.23177180
0.89336980
1.14658720
1.11867200
1.14087670
1.25660230
1.31521590
1.24614570
1.16947930
1.17736530
1.46448930
1.02053250
1.24551480
1.38315620
1.21592330
1.39831060
1.09144810
1.16454020
1.37294600
1.36587820
1.10648380
1.11944630
1.12124050
1.07278580
0.87857833
1.02160390
1.15434930
1.18430180
1.07691710
1.48622770
0.87202060
1.07732640
0.80112562
1.07115540
1.27167030
1.32126870
1.28665140
1.17165110
1.49998610
1.37359670
1.36181560
1.10714630
1.46488670
1.45502350
1.17238340
1.18524720
1.25230920
1.55042250
1.38491330
1.38411510
1.76177640
1.34048060
1.14831650
1.03921630
1.14084600
1.30693740
1.07249310
1.03559070
1.06911890
1.16028650
1.24249310
1.25074650
1.23746950
1.57465520
1.47664780
1.48220010
1.61613890
1.07771230
1.19762990
1.38771860
1.47965430
1.26246480
1.45693330
1.11657270
1.00793520
1.05387150
1.27852810
1.26932350
1.27749100
1.14817370
0.97777824
1.30255280
1.38895930
1.34216860
1.08135570
1.30442030
1.19547410
1.07441060
1.43335440
1.42723930
1.39013110
1.28982000
1.46606980
1.61489780
1.13994410
1.02479500
1.18916450
1.45515780
0.90619731
1.27399700
1.34550030
1.14501730
1.52014350
1.44732340
1.50923170
1.34291970
1.36623320
1.41752230
1.34908410
1.29469290
1.21390580
1.33585500
1.40680020
1.12297850
1.24236100
1.44571620
1.24334130
1.09035980
1.21027350
1.13780540
1.43569930
1.47549310
1.39944330
0.97192280
1.35126010
0.97451706
1.27811680
0.85115947
1.56321900
1.37714450
1.26998840
1.36601330
1.34908880
1.23253790
1.21656390
1.20786270
1.21214200
1.45380390
1.42076900
1.44236420
0.94310157
1.19935050
0.98295859
1.06128320
0.99410920
0.98009010
0.99257094
1.04689950
1.09588760
0.99264731
1.06873100
1.39613590
1.10281260
1.15104100
1.01088020
0.90397639
1.16475070
1.46447760
1.17225310
1.23553950
1.37048540
1.32978980
1.20959590
1.31347790
1.15849630
1.10140070
1.35174550
1.03892170
1.13529550
1.40674890
1.18449870
1.38290560
1.39619750
1.63351290
1.42602540
1.53529230
1.70462570
1.75809810
1.79536770
1.09813070
1.10549130
1.35031890
1.08750440
1.26779910
1.14415720
1.19879840
1.27394350
1.04199430
0.99839920
1.30298400
1.16485620
1.32676890
1.18621030
1.50441090
1.25331940
1.21658110
1.15398150
1.21921620
1.19740440
1.18430500
1.10307340
1.18287810
1.22018100
1.30623200
1.45102810
1.42018250
1.40682660
1.03710040
0.79046152
1.01702570
1.23431800
1.08340680
1.32155610
1.02897670
1.18524810
1.15313500
1.24777320
1.22231240
1.18246120
1.34339130
1.21836140
1.18191300
1.17323850
1.34462910
1.24721070
1.01203320
1.07802740
1.05281430
1.18604200
1.06168660
1.46068970
1.17448130
1.15717330
1.20505600
1.14005690
1.21177380
1.20139220
1.30354090
1.17711020
1.24818550
1.22534910
1.22883030
1.23688180
1.29210330
1.21073920
1.51362490
0.92990771
1.18950380
1.10578810
1.38911760
1.07597850
1.06095730
1.03569050
1.24086390
1.39779510
1.37768100
1.48104940
1.44404860
1.03964010
1.30114380
1.28548640
1.34186500
1.24814060
1.31067960
1.57282680
1.15839150
1.20524310
1.19824070
0.95576190
1.45706660
1.27353720
1.28030320
1.18406480
1.35741720
1.08387470
0.98386790
1.20422490
1.09731680
0.97666891
0.84164327
1.13136220
1.18742360
0.94628522
1.09100120
1.33465260
1.37236840
1.21759920
1.01078840
1.33728600
1.27313750
1.09691900
1.56582310
1.42503280
1.31776360
1.32765460
1.18477940
1.47524170
1.07006130
1.13797710
0.90815168
1.11783030
1.00339210
1.15256350
1.08199610
1.26890180
1.48989560
1.07863050
1.30388320
1.36064320
1.14316780
1.09125600
1.15837760
1.05939330
1.26668290
1.24420480
1.38550290
1.55378530
1.22990700
1.30168100
1.22290790
1.10679280
0.96403005
1.09686230
1.16985970
1.25339460
1.01422160
1.26285190
1.21374340
1.42824710
1.32135460
1.32373640
1.08257650
1.34383320
1.55680830
1.42686330
1.52607130
1.41240210
1.15390510
1.14758010
1.25380070
1.53585320
1.18632000
1.32328460
1.35699880
1.01621890
1.02771460
1.15766680
1.24787840
1.24580820
1.37185390
1.19595330
1.26115840
1.08707730
1.17501490
1.11893090
1.39937580
1.26211580
1.26032920
1.27547800
1.09244410
1.20015910
1.21511040
1.40195720
1.34998540
1.31110370
1.41754240
1.17283540
1.37550500
1.12736760
1.15289590
1.32150750
1.31661020
1.15379950
1.32453090
1.39686390
1.42417360
1.21979260
1.63743900
1.41680890
1.33773160
1.45538220
1.37364370
1.25684280
1.41437320
1.41270040
1.55417150
1.72173530
1.58958890
1.54033050
1.58987260
1.06348470
0.89048699
0.89159241
0.95338302
0.95901815
0.99352536
0.98350043
0.98930374
1.18099940
1.27738600
1.26698360
1.33854790
1.39730750
1.27130710
1.18648370
1.18201860
1.33818290
1.13064370
1.20493850
1.13471010
1.25219740
0.96393203
1.10147790
1.05841630
1.19413510
0.82369734
1.32108540
1.39363450
1.47181900
1.36101730
1.36059080
1.46544280
1.43706990
1.41267140
1.13776050
1.29261170
1.36727470
1.35615130
1.25766120
1.49828410
1.49454470
1.42620150
1.14890680
1.08586590
1.12410860
1.12913310
1.15198340
1.10344910
1.12055190
1.13546610
1.12635960
1.11766060
1.25016830
1.47153920
1.33477830
1.29412170
1.40051250
1.08122660
1.36456550
1.30162240
1.60375000
1.17126430
1.24183940
1.10691640
1.37107930
1.09400540
1.43780750
1.37279650
1.45333800
1.29228580
1.10842720
1.37244940
1.49002400
1.21488800
1.18072520
1.33462040
1.55950100
1.39826880
1.32990460
1.55686950
1.32528520
1.32079030
1.56277750
1.25978020
1.02217460
0.91286724
1.06334480
0.84625673
1.02744600
1.44674840
1.41430100
1.17711400
1.39775320
1.43156630
1.32290660
1.34918880
1.25460800
1.29618490
1.37452570
1.16429040
1.37896320
1.26235770
1.20759770
1.14247230
1.25325000
1.26651120
1.34235210
1.36241560
1.06520240
0.92203357
1.19382560
1.12337010
1.02846910
1.17110610
1.30034060
1.30685880
1.16073800
1.16448270
1.27506420
1.22578710
1.34515990
1.16817270
1.31750260
1.65743710
1.46567130
1.37978370
1.44593370
1.61327240
1.39463890
1.23567410
1.22426480
0.98925892
1.38035390
1.16949480
1.23044800
1.48418940
1.15826200
1.02723100
1.43434420
1.42240430
0.95997513
1.10321010
1.13745900
1.19435220
1.14699660
1.15456570
1.41729170
1.44553590
0.94139526
1.10461800
1.24519660
1.13485230
1.40303490
1.29003120
1.38756010
1.43841210
1.20076790
1.41831350
1.28894110
1.26592870
1.65038360
1.66550000
1.58679870
1.24354990
1.46550930
1.50641420
1.42414630
1.23221440
1.35386320
1.57865050
1.27270750
1.11540010
1.10955750
1.33717030
1.23313810
1.27429120
1.23114350
1.27169700
1.14522390
1.18185080
1.45629780
1.27291170
1.12839720
1.23697420
1.04032720
1.30448950
1.26643270
1.34356160
1.23289420
1.56679430
1.46028990
1.51378120
1.35671080
1.42967890
1.04733860
1.37047930
1.34949180
1.19510380
1.68677120
1.38089610
1.69931500
1.69402290
1.12632550
1.50070520
1.27321910
1.53763290
1.26227810
1.49710760
1.43689640
0.77293502
0.89116248
0.78518508
0.96838123
1.07876670
0.94473067
1.39752420
1.18376480
1.20067430
1.30466530
1.39519830
1.20124390
1.45128310
1.68528780
1.59928660
1.41901910
1.65049780
1.34136620
1.44445470
1.34899740
1.73533590
1.24526090
1.04159280
1.06640880
1.23834120
1.17035810
1.09114060
1.39706740
1.20524360
1.34738340
1.36310070
1.65531100
1.21446040
1.15631830
1.25141790
1.32152460
1.05108300
0.99444295
1.08090330
1.16779420
1.33494250
1.47555620
1.45622710
0.84329803
1.05028500
0.93997140
1.23851790
0.88271387
0.99244806
1.05744360
1.23610180
1.35576900
1.26847670
0.92048846
1.15583530
1.14050340
1.19761600
0.95384270
1.09106800
1.14020700
1.05675320
1.47763450
1.21165340
1.17723530
1.47950540
1.49801020
1.47450380
1.31969250
1.24577080
1.86500100
1.00013910
1.33763340
1.23880330
1.33668320
1.48325100
1.25470640
1.11276070
1.10241850
1.43255650
1.22578780
1.04858780
1.19814630
1.32727490
1.10155480
1.22510000
1.05752810
1.40749290
1.18301800
1.07426730
1.23016930
1.19918950
1.26085930
1.66445070
1.19601150
1.28651010
1.38135140
1.55829920
1.12520990
1.16642540
1.30402280
1.36806730
1.53270800
1.03395390
0.77850227
1.09491650
1.01530720
0.91144546
1.07756570
1.00058580
1.35249950
0.86892066
1.22090470
1.35046170
1.07715640
1.27518230
1.24837960
1.33210040
1.02273940
1.47547950
0.93032815
1.24596240
1.12491970
1.06675250
1.17573940
0.92950346
0.96545130
1.16235640
0.90936790
1.28854260
1.25663680
1.15521510
1.56900160
1.48421890
1.45183160
1.04697030
1.28335350
1.45803350
1.25762310
1.29260400
1.20845710
1.50245040
1.15241480
1.33493930
1.02108850
1.09365710
1.22859260
1.03427520
0.98058708
1.23526080
1.37352470
1.38286340
1.11427120
1.39019450
1.30712120
1.31685090
0.99599872
1.02597860
1.36638280
1.29005960
1.19557480
1.27587630
1.27663290
1.44554760
1.48285140
1.30933580
1.48004920
1.55737610
1.45511800
1.37692010
0.90370055
0.89205408
0.94154790
1.07298780
0.94617896
1.12686240
1.09435320
1.37842480
1.15398320
1.38451500
1.15944510
1.22564540
1.67187310
1.18043930
1.25892480
1.49839990
1.49746630
1.54728050
1.56707880
1.52351020
1.21538490
1.04628480
1.28097860
1.05835600
0.91278314
1.14686770
0.85897324
1.19211470
1.18977130
1.24760770
1.15693970
1.12066270
