1.09055870
1.19163750
1.05768750
1.10817390
1.11790900
1.07879610
1.06726400
1.06401820
1.06788100
1.16222980
1.15299880
1.11007150
1.13299700
1.04019660
1.16010730
1.10176730
1.07868990
1.10722740
1.05025400
1.08276990
0.97364243
1.12208730
1.10130430
1.12468400
0.98095461
1.06444800
1.10756620
1.13986170
1.09927520
1.15560770
1.15824250
1.12169130
1.04499830
0.96834506
1.01903710
1.02011710
1.05060890
1.18740320
1.13284130
1.01491530
1.05794910
1.02826650
1.17267650
0.95052385
1.02760310
1.06475330
1.19087870
1.15261930
1.10121260
1.15238790
1.01564310
1.05087360
1.03080500
1.10283690
1.13575640
1.14905480
1.10118310
1.16012610
1.13625810
1.07664730
1.20360360
1.04626300
1.12174180
1.24849240
1.11425730
1.04543060
1.06297790
1.01174690
1.07799640
1.09597320
1.11126290
1.04219240
1.04453690
1.17246710
1.09561810
0.92251358
1.14739200
1.13652260
0.98678639
1.07918520
1.11416330
1.09081570
0.97919770
1.13657180
1.15197550
1.03564340
1.02510170
0.93402511
1.03438560
1.05901880
1.07067030
1.08009920
0.96627078
0.99917185
1.04641570
1.17049910
1.10244730
1.03434510
1.22028330
1.05703880
1.10100660
0.95315701
1.16978320
1.11927080
1.13399350
1.06142080
1.11508560
1.09768900
1.03553090
1.10508970
1.08521970
1.08846540
1.11446360
1.10271740
1.12389850
1.02955580
1.01192980
1.22685260
1.24054150
1.02348660
1.06081190
1.00549370
1.04608780
1.19842050
1.02660280
1.10593500
1.10753780
1.22594700
1.19531370
1.11829460
1.19836490
1.01662460
1.15478070
1.15446480
1.17345390
1.05888760
1.17267540
1.02794870
1.14821980
1.06184350
1.17221990
1.28252500
1.02795100
1.17324950
1.15818710
1.12853510
1.06937140
1.12791040
1.12465070
1.06945170
1.00243100
1.11811210
1.10228430
1.04386470
1.11324760
1.00165540
1.14594520
1.06539310
1.07470640
1.13558700
1.12535270
1.10845630
1.21601410
1.02164000
1.13460050
0.98224720
1.04496430
1.18829920
1.05944290
1.16491550
1.09556070
1.08234390
1.05039580
1.11570190
1.20171700
1.05243670
1.07059540
1.14934710
1.00342100
1.08398060
1.07083610
1.11177230
1.05191970
1.00689060
1.09813330
1.12378320
1.22460610
1.03881910
1.12611530
1.19507480
1.00641870
1.06163880
1.02572020
1.02414040
1.06196970
1.08276140
1.10008680
1.04198410
1.05236210
1.03231390
1.14718780
1.11653270
0.99108876
1.00358190
1.10000600
1.02272090
1.01289590
1.14653660
1.08227100
1.11561340
1.06026240
1.04968500
0.92634301
1.04982360
1.10572670
1.06253690
1.02751230
1.12344430
1.16617370
1.05817380
1.23521080
1.01786670
1.03771860
1.02171070
1.07849130
1.06412860
1.13385930
1.04322650
1.10099940
1.10905160
1.10330070
1.08923600
1.11896610
1.12855880
1.07884270
1.17907430
1.05369010
1.08828300
1.16041850
1.03670340
1.06602630
0.99630704
1.05674600
1.10748100
0.99350342
1.07472000
1.23915160
1.08587060
1.07360940
1.13185440
1.09582570
1.17976480
1.19701540
1.09925770
1.10479520
1.15090010
1.06904850
1.14921250
1.06162520
1.01781710
1.16250200
1.01327950
1.07326450
1.16178750
1.00416160
1.03629910
1.13203310
1.03938740
0.94845228
1.05079980
1.08057460
1.02913980
1.07075690
1.01901110
1.09193060
1.14110670
1.12404570
1.08338140
1.19949440
1.10234010
1.05833670
1.18105270
1.07614950
1.12984640
0.98454391
1.11679780
1.19478440
1.15256960
1.17146010
1.08039980
0.96888008
1.00623390
1.15451470
1.13804810
1.09275950
1.07793400
1.03665480
1.07192990
1.09053180
1.06366290
0.88009027
1.02366930
1.17389420
1.19043720
1.12987030
0.98933800
0.99458192
1.06686410
1.12556310
1.24042540
1.11141320
1.25912700
1.14277690
1.11611100
1.12732900
1.07165330
1.05323830
1.02499090
1.05037660
1.16995520
1.09314080
1.12582660
1.07854550
1.09005880
1.00296620
1.02131640
1.07739890
1.16234590
0.99199458
1.12726440
1.32182950
1.09835490
1.02384180
0.97415297
1.16903400
0.99986666
1.05446030
1.14941280
1.13838590
1.08781580
1.03296170
1.17678050
0.95012770
1.07464510
1.11727460
1.02070830
0.97879740
0.98176030
1.07270020
1.15710440
1.12581270
1.19047460
1.31667340
1.03501460
1.08555300
1.15790120
0.96812224
1.15221640
1.06144460
1.12276390
1.05429100
1.16036170
1.00660800
1.07790990
1.02113350
1.05141310
1.04283800
1.13922850
1.04139680
1.09333720
1.08949690
1.07004310
0.97821579
1.07900600
0.94155379
1.06734960
1.00317480
1.04465450
1.08912930
0.87129501
0.93024526
1.00264200
1.03829260
1.10779810
1.11785650
1.21911680
1.17149730
1.16770570
1.01875270
1.13019070
1.15342170
1.12217390
1.09041800
1.13245540
1.21405020
1.18675030
1.10443910
1.00161000
1.07779610
1.13959380
1.19645540
1.04126560
1.03164930
1.07149350
1.11026050
0.98341123
1.09449190
0.97664727
1.15276960
1.11225590
1.12576510
1.03589970
1.13315560
1.15102790
1.07748370
1.10820160
1.06392750
1.07870110
1.06561590
0.99562727
1.11695280
1.13905640
0.91113398
1.19867420
1.07406220
0.99303737
1.10369010
1.09278660
1.07750940
1.07385700
1.11163880
1.09111350
1.04195050
1.13510830
1.11852360
1.12077000
1.09094880
1.03216860
1.12424550
1.16460610
1.12251070
1.14848280
1.10041950
1.08283140
1.05748080
1.01711520
1.04525300
1.07274240
1.10462520
1.13346300
1.00617430
1.04151590
1.07838080
1.06424880
1.20865280
1.24229230
1.09522440
1.21772370
1.03803770
1.07508630
1.05933500
1.09517750
0.97900210
1.04608000
0.98327031
1.07139640
1.00806450
1.10908100
1.02988560
1.20805400
1.08252180
1.04065920
1.04440110
1.10093900
1.13299340
0.97671262
0.98216722
1.00930520
1.09030520
1.09202420
1.16546290
1.06543990
1.14226260
1.12779290
1.14405600
1.18696400
1.05603830
1.12502140
1.07077570
1.14424830
1.10212730
1.15644690
1.10090760
1.09512110
1.03544020
1.03492500
1.13151790
1.16030520
1.12535060
1.16548860
1.07831100
1.04771620
1.02041120
1.14277310
1.09827520
1.14608370
1.01704010
1.04032960
1.05699510
1.12686000
0.99658090
1.07673060
1.05830810
1.06388840
1.02470590
1.03861750
0.87522749
1.08122980
1.04264680
1.14664860
1.20797100
1.17857670
1.10289360
1.12108760
1.15694190
1.07451770
1.04428050
1.12549390
1.11069350
0.98624703
1.03019790
0.96514511
1.09353820
1.02817380
0.95789722
1.03094310
1.04771390
1.10878750
0.95166103
1.07773470
1.10814080
1.15608840
1.04988210
1.07876180
1.15428540
0.96476721
1.12170590
1.11415070
1.03861450
1.10839680
1.15396580
1.04681390
1.15104760
1.01028490
1.06407900
1.04454020
1.06449840
1.08740520
1.06015250
1.17774220
1.12754770
1.18909040
1.00226730
1.07588860
1.05718450
1.12779990
1.00572930
1.11521960
1.10659050
1.01384910
1.05320080
1.11435790
1.06441310
1.12306750
1.18248230
1.08888030
1.13795510
1.03815160
1.07046150
1.08794030
1.13662780
1.04752750
1.11847370
1.01136660
1.10205000
1.01748510
1.07709970
1.03252790
1.05937420
1.16690890
1.01158380
1.01471270
1.02254600
1.05784770
1.04723760
1.13426240
1.06509360
1.13867270
1.14374060
1.20009190
1.11654160
1.20593130
1.16124200
1.20324220
1.04132600
1.06947840
1.23870830
1.18853010
1.07089820
1.03429930
1.07344220
1.12093760
1.16847030
1.14722850
1.13810300
1.17114130
1.10946100
1.08391980
1.10688640
1.18497840
1.10535630
1.05065320
1.04950430
1.05914220
1.18383620
1.11505120
1.15613820
1.10230690
1.06051470
1.03977200
1.01594650
0.99379643
1.07910100
1.13040510
1.09608710
1.13794130
1.07562040
1.05598270
1.08569290
1.20984360
1.09879290
1.09713720
1.07722190
0.97968624
1.03415720
1.11523890
1.08065540
1.07618020
1.11853320
1.07517910
1.11191390
1.02631630
1.05649180
1.09855040
1.17934820
1.17155070
1.06746750
1.05191390
1.07114360
1.22722800
1.18357750
1.06157470
1.03082340
1.00162590
1.08309580
1.16504190
0.98755229
1.07103300
1.11912060
1.05106500
1.03664810
1.02421520
1.09776220
1.06682940
1.10296030
1.09490190
1.01506920
1.00815960
1.05092270
1.00812900
1.02506170
1.05948100
1.17417530
1.10872970
0.98465609
1.07524340
1.11101590
1.00248660
1.04785490
1.04480600
1.10827690
1.06701990
1.06976840
1.09896990
1.08542980
1.05222700
1.11441330
1.20851400
1.11141120
1.13340120
1.09692490
1.10604220
1.13401160
0.98795457
1.00497330
1.08493540
1.08895060
1.03641210
1.09396400
1.10435550
1.11049660
1.23324560
1.09785190
1.10599910
1.06706400
1.14616060
1.11051760
1.15180320
1.04811870
1.02055480
1.15039300
1.15932240
1.09766820
1.06004330
0.98164016
1.08253160
1.02679490
1.14952130
1.18464980
1.12620580
1.12649670
1.03393460
1.08856130
1.09666680
1.10982820
1.21870470
0.92436416
1.14872660
1.04626690
1.16435010
0.85934026
1.00832150
1.10849400
1.02195440
1.00942870
1.00391490
1.08730690
1.07089990
1.13153460
1.00635970
1.11123960
1.12241900
1.08957030
1.22638170
1.10577420
1.06163330
1.16577380
1.13756210
1.08547680
1.08227610
1.14745950
1.00968860
0.98608470
1.04781550
1.14390860
1.13136080
1.08776730
1.13365960
1.05914790
1.19094920
1.05331130
1.11300380
1.07534800
1.12557280
1.24377030
1.20673520
1.08797860
1.17759740
1.11487470
1.04623060
1.20240840
1.15945570
1.07805520
1.05730540
1.09782260
1.13754250
1.07837700
1.02947790
1.12650490
1.09630960
1.00718080
1.02971810
1.07227000
1.14278990
1.05390520
0.81316464
1.02056380
1.10811820
1.04403290
1.10517170
1.17200400
1.19565110
1.13712370
1.06099050
1.12816040
1.09499320
0.98455194
1.03891450
1.11765640
0.99646834
1.11173460
1.04236560
1.17502780
1.05944150
1.11140010
1.02397490
1.07725990
1.09322320
1.03935880
1.22112600
1.03782160
1.07747220
0.92831101
1.01219490
1.12572020
1.13560050
1.10064670
1.09783060
1.03783810
1.07826130
1.01836640
1.05472130
1.08364930
1.20999090
1.14625830
1.14028040
1.11872340
0.95402969
1.13799780
1.14039350
1.12998670
1.12724320
1.08817110
1.11548430
1.00306520
1.09460010
1.11863140
1.05766630
1.12550330
1.08570770
1.09830010
1.12027630
1.10255290
1.08200410
1.10625270
1.14848050
1.14160780
1.11731920
1.05768620
1.12383520
1.10245470
1.10699990
1.14327100
1.13080160
1.16795910
1.09986990
1.11686760
1.17421420
1.06389580
1.10401850
0.99913014
1.13559090
1.04895780
0.98768526
1.01105210
1.01640800
1.10072780
1.03635490
1.11760670
1.05442580
1.05169670
1.00913310
1.03495410
1.09585290
1.07366530
0.97464389
1.07083970
0.98137640
1.10369990
1.13131520
1.07644110
1.08754960
1.01642190
0.99462598
0.97826957
1.05072390
1.00501120
0.99384543
1.07007720
1.09229410
1.04639770
1.03573420
1.23191560
1.08339810
1.09752090
1.10106000
0.97867001
1.13320340
1.11267030
1.10780320
1.06752570
1.11392970
1.03718590
1.18237840
0.93089515
0.99843485
1.02483830
1.16580650
1.15264980
1.04650330
1.16088670
1.10738680
1.10674340
1.08853940
1.07599000
1.01909340
1.09955590
1.05904550
1.11862430
1.07336640
1.08506360
1.10210950
1.15713530
1.09770790
1.12630130
1.06229360
1.11254440
1.11247010
1.07471080
1.05542970
1.19606020
1.04630370
1.03152150
1.15093910
1.10152170
1.21959720
0.97494507
1.01010240
1.15583990
1.04621570
1.10582510
1.24729350
1.14352800
1.09431510
1.08259820
1.04511270
1.14656950
1.11275920
1.11739510
1.15543810
0.94651431
1.17772020
1.16558800
1.09353000
1.02203030
1.03998740
1.12290640
1.02670600
1.06676260
1.20403250
1.19049000
1.01859680
1.00787030
0.99832712
1.05510400
1.01421280
1.18929920
1.08898150
1.23339430
1.06379450
0.95290353
1.04955630
0.99414515
1.10627120
1.17838220
1.04907960
1.12242230
1.13137870
1.06976080
1.11204070
1.07781980
1.13018420
0.95644097
1.04118250
0.99064585
0.99161647
1.18276460
1.09344100
1.17828500
1.10552670
0.93765761
0.98038241
1.18521920
1.09526690
1.08838170
1.24091000
1.00400020
1.04069710
1.01841300
1.10119200
1.02483400
1.17307960
0.97663631
1.09965950
1.13158540
1.06699930
0.99533415
0.98671354
1.17254270
1.15880750
1.01460380
0.99418079
0.94945206
1.17198600
0.94991964
1.08709660
1.04164950
1.12427400
1.10162610
1.12282430
1.10327940
1.03557200
0.95227493
1.17657770
1.02111800
1.20078410
1.14839520
1.13891610
1.08463660
1.01864060
1.15546380
1.13094040
0.98560826
1.14033190
1.18018380
1.16161950
1.08449930
1.08265450
1.07807250
1.10136330
1.02728360
1.16300340
0.96054003
1.03741880
1.02864480
1.03459030
1.05004400
0.97388174
1.09441200
1.04374700
1.04244990
1.00152210
0.93287807
1.10280310
1.15938610
1.06384170
1.04758750
1.02457500
1.07222800
1.09685530
1.09682750
1.09534200
1.13621000
1.09276040
1.01668120
1.21161490
1.15436500
1.00402580
1.00628690
1.12345910
1.06842380
1.01670780
0.98690543
1.04693200
1.15154160
1.22447450
1.09166060
1.04101740
1.18532910
1.10258120
1.10158470
1.08313030
1.09999020
1.10763520
1.13065720
1.13223490
1.08990070
0.99013869
1.08607080
1.11586390
1.09950570
1.09455970
0.88152572
1.07951940
1.22814560
0.99915230
1.06653610
0.98973478
1.00786780
1.04686940
1.04728730
1.10102650
0.91893227
1.12789100
0.96768264
1.01538140
1.16487690
1.02425020
1.08160460
1.05397310
1.08844320
1.02944850
0.99263299
1.07971280
0.94347270
0.98887447
1.02787060
1.07146660
1.07281210
1.10318690
1.10455690
1.06853480
1.05089120
1.10082910
1.13627780
1.13764160
1.02088040
0.94900061
1.17754530
1.16665390
1.08788830
1.02095230
1.11693470
0.99093764
0.93338378
1.03898300
1.02154660
0.96311884
0.98992656
1.04278480
1.18622270
1.15296950
0.99958254
1.09175380
1.20048590
1.00975500
1.07587130
1.06155870
1.05785440
1.08798310
1.08672020
1.05400810
0.99428660
0.89683489
1.03034280
0.97408112
1.11212490
1.03450820
1.08928040
1.02462940
1.04840180
0.97288689
1.01253310
0.99356896
1.06029300
1.04337930
1.12717600
1.07909090
0.97554192
1.16340520
1.06381870
1.11768560
1.20831360
1.10907600
1.08893460
1.06480830
1.20745700
1.18839120
1.03704310
1.04700620
1.07184550
1.04169810
1.13963670
0.94437276
1.18394080
1.09349200
1.17003400
1.02861500
1.14409930
1.13825320
1.08221560
1.04884260
0.99612082
1.04660550
1.01340130
0.98335840
1.06968210
1.10738330
1.04994150
1.06943310
1.04227060
1.01154000
0.96009744
1.09315710
1.19222930
1.20451610
1.19652430
1.16609440
1.06301480
1.03183290
1.18870360
1.10355050
1.06364340
1.04950960
0.94299426
1.16120460
1.03716940
1.07222090
1.09934520
1.04291840
1.06283630
0.97661642
0.96932032
1.12120940
1.09679480
1.03121650
1.09349000
1.13198340
1.02876920
1.13073050
1.10753540
1.19329010
1.07319230
1.11645720
1.04764130
1.03474970
1.07432170
1.04396530
1.25783910
1.15666500
1.02345980
1.18682910
0.99845196
1.02018630
0.96919027
1.02808900
1.06996500
1.20316990
1.09398650
1.14555940
1.05533630
1.15297840
1.08777680
1.15833210
1.15863010
1.22368290
0.98196136
1.19600290
1.09419810
1.11168730
1.03672320
1.03443020
1.04997060
1.09673280
1.05247460
0.98073456
0.99913418
1.12586990
1.11299680
1.16649120
1.02047610
1.06969090
1.10173610
1.18264910
1.17237430
1.00756500
1.01958670
1.17219430
1.15048640
1.12374200
1.08823150
1.06006530
1.16412990
1.15405320
1.05408540
1.08860090
1.04518270
1.17173470
1.02264250
1.07788340
1.11408780
0.99917500
1.02027620
1.04758010
1.00741650
1.13677760
1.08813940
1.22611390
1.09481600
1.03098480
1.10759560
1.06153920
1.02993930
1.26948350
1.17159580
1.00273400
1.14717270
1.05990710
1.11489060
1.17220700
1.14313560
1.13607670
0.96463749
1.09357330
1.05602110
1.13362060
1.21869510
1.07469720
1.14682630
1.11554720
1.13312800
1.08685940
1.02249210
1.20414690
1.28738430
1.12624170
1.11216350
1.23152540
1.08233640
1.17044140
1.18220180
1.13086330
1.21564580
0.98979946
1.14084510
1.09704920
1.20433320
1.08768880
1.19379830
1.12134040
1.07584690
1.17238800
1.13528780
1.15012630
1.21722350
1.16155070
1.15676400
1.07806000
1.05917040
1.03082140
1.16892460
1.17725920
0.99071000
0.98906690
1.09528000
1.16753290
1.09446370
1.09492900
1.12014010
1.12184070
0.99683254
1.10634780
1.10884950
1.00722990
0.99664680
1.14148080
1.21288540
1.11950530
1.03315830
1.08657670
1.12814430
1.10209780
1.11715130
1.12588170
1.14812960
1.20087170
1.06093620
1.28031910
0.93781048
1.00428560
1.07786610
1.00717140
1.05525160
1.05302170
1.11444860
0.99840885
1.09941440
1.08339650
1.09339250
1.08398300
1.09391730
1.11051200
1.12930710
1.09423200
1.07336510
1.14210390
1.07904210
1.24255270
1.05718270
1.17832710
1.13486400
1.08888340
1.03875510
1.03366260
1.13425590
1.14936920
1.05271830
0.94682382
1.02235970
1.12197610
1.03563400
1.03547800
1.09443600
1.05004320
1.10135880
1.00636500
1.03464850
1.07632730
1.18767300
1.09477220
1.05909710
1.09741620
1.18077420
1.13812010
1.07159470
1.11110440
0.90490662
0.98909113
1.11247680
0.98567149
1.13413900
1.15216130
1.14421120
1.10244490
1.06484650
1.11924340
1.20884670
1.13419960
1.14102390
1.14374210
1.18257820
1.01448850
1.03176850
1.08358090
1.07089630
1.04355380
1.08897370
1.19332320
1.09755590
1.04391030
1.10272540
1.13603650
1.13414480
1.11514820
1.08312740
1.18414050
1.07802900
1.12896750
0.99007904
1.10752880
1.08322900
1.24953460
1.08651070
1.18347440
1.06655890
1.18403890
1.10420620
1.00789840
1.14478850
1.06104080
1.18871790
1.04871560
0.98763170
1.10037590
1.03302240
1.02230870
1.13102570
1.12985770
1.04522330
1.12563860
1.09690170
1.09628500
1.14113420
1.15270890
1.05297240
1.08305580
1.17071540
1.15122410
1.05572720
1.09324850
1.00146290
1.05452020
1.04341690
1.06729070
1.02145150
1.07767470
1.02798700
1.00190890
1.05730660
0.92626077
1.01355500
1.09391090
1.09577960
1.15767370
1.18245300
1.01416070
1.02538190
1.03938020
1.17793820
1.05182760
1.12434580
0.91153447
1.14174460
1.15186880
1.01891010
1.12513010
1.04895240
1.09744710
1.13917820
1.07090350
0.99114093
0.95244511
1.01283040
1.03168120
1.00611310
1.05152000
1.11576780
1.02340590
1.16003040
1.08091790
1.17562740
1.07916850
1.10863630
1.01578750
1.18478580
1.14703100
0.94455530
1.10853550
1.08466360
0.99535154
1.07964850
1.01896050
1.23666360
1.03183720
1.09107020
1.09076410
1.11475050
1.04614070
1.18554650
1.06957020
1.12654030
0.99579442
1.04092430
1.19238130
1.09422450
1.14516560
1.02021680
1.01496150
1.05760070
1.00777670
1.16487560
1.06381120
0.98850957
1.05177420
0.98712520
1.23059140
1.14363740
1.05412440
1.03182860
1.13458560
1.16050240
1.05370340
1.07958180
0.99076631
1.05827050
1.03897960
1.08702100
1.15137200
0.99903364
0.97771258
1.09218840
1.13828640
1.13860840
1.07214820
0.98915422
1.06144500
0.99377247
0.99859321
1.21513010
1.16406920
1.08796970
1.02824430
1.03715640
1.15936860
1.05485950
1.08577000
1.11659240
1.11080850
1.20592520
1.15558120
1.08267420
1.00904210
1.08725420
1.21275510
1.17686570
1.07053260
1.10793620
1.20036090
1.11574690
1.15000150
1.13453560
1.15274860
1.11128680
1.02159690
1.00776400
1.08417410
1.31511180
1.16837130
1.22899290
1.04644850
1.08349030
0.97154837
1.17110470
1.09378610
1.07087000
1.05743870
1.19180720
1.11470590
1.16614290
0.98755248
0.98896338
0.96893963
1.00424830
1.18741920
1.09402180
1.14527710
1.06921550
0.98531655
1.02906200
1.10589270
1.08679580
0.98521385
1.23241890
1.15255360
1.02593100
1.14214370
1.29846880
1.05574850
1.10869060
1.06834040
1.23849910
1.01357300
0.97415029
1.03137830
0.99733151
1.07154270
1.02917890
1.02702290
1.08019960
1.03118150
1.17917340
1.12141150
1.09480330
1.05043190
1.00072640
1.04392280
1.02103910
1.09293330
1.02588110
1.02432000
1.02412500
1.09421690
1.11771020
1.05403220
1.13901490
1.10199350
1.08843830
1.16061820
1.14986250
1.09480120
1.02985040
1.11134120
1.11678240
1.07680870
1.15964900
1.02615440
1.05205770
1.07997320
1.01104520
1.02664300
1.11326690
1.02263700
1.08243250
1.09449760
0.91342867
0.99280890
1.11524250
1.13537290
1.00529580
1.14143220
1.06420850
1.09366800
1.06849900
1.09919970
1.14930400
1.08291760
1.14737030
1.24626350
0.99410193
1.03125160
1.12490100
1.32609150
1.05965360
1.13502380
1.32379290
1.07178170
1.18579830
1.13900850
0.93673318
1.09040160
1.13668120
1.14939280
1.28426900
1.12185260
1.03504280
0.99442384
1.11781350
1.09366200
0.98890313
1.05734670
0.87294342
1.05814880
1.07813210
1.14518110
1.14578050
1.13252070
1.01777950
1.03207390
1.04767310
1.01274930
1.18321770
0.90234164
1.03552860
0.94040929
1.12014250
1.20412550
1.16123860
1.15393010
1.04547310
1.19196250
0.92449239
1.00185740
1.14250460
1.12598930
1.08795160
1.05808490
1.07541430
1.14539020
1.00864780
1.09651310
1.10965860
1.15413750
1.03646310
1.15113770
1.07480030
1.11813550
1.14393860
1.13699710
1.04013720
1.01795990
1.01983740
1.12505800
1.11870690
1.12518470
1.09606390
1.15582030
1.11071090
1.04431940
1.16066210
1.13945680
1.06703690
1.08761770
1.13293240
1.04951490
1.08821320
1.18392770
1.04930580
1.03034240
1.08055110
1.16832000
1.06760870
1.16072350
0.99659714
1.11337370
1.13562500
1.10329500
1.05253460
1.07601450
0.96374557
1.13782700
1.11674990
1.12956990
1.05155790
1.06768650
1.08815110
1.02066930
1.05659030
1.18611580
1.20118060
1.13773490
1.14909280
1.22253610
1.08023020
1.11290750
1.00491290
1.04142920
1.16563510
1.06420920
1.16207540
1.06858490
1.13895370
1.14274040
0.96970477
1.04627980
1.02599740
0.93210028
1.09434050
1.01247070
1.03874620
1.12772830
0.97155806
1.14514890
1.02280400
1.08587130
1.06505690
1.22247470
0.95178149
1.02911350
1.25452600
1.06934540
1.07075680
1.04891380
1.01708890
1.11573100
1.04816490
1.12214580
1.14402460
1.17209270
1.11903720
1.10303560
1.11658480
1.16809440
1.04279850
1.10174350
1.03792660
1.09353150
1.21258530
1.11689940
1.10739590
1.08055460
0.97547776
1.06303950
0.93997836
1.10972590
0.98078548
1.00254100
1.03926690
1.05734170
1.03184820
0.99338686
1.21503370
1.16080970
1.00826700
1.07384340
1.14086560
1.12844410
1.10595300
0.84056185
1.04026170
1.17434090
1.03774800
1.14327400
0.95686340
1.14323270
1.14907830
1.09581700
1.10940430
1.05582520
1.06140040
1.16442380
1.01994000
1.08494680
1.15274400
1.21132090
1.12030210
1.07361850
1.02133070
0.98971029
0.97922760
0.96522095
1.14097850
1.07415730
1.05068300
1.15840860
1.08514460
1.15121860
0.98524603
1.01616240
0.98778729
1.13522190
1.05749640
1.03746970
1.21297590
1.13289000
1.06273450
1.02846850
1.15969080
1.06911430
1.06173690
1.03566040
1.09360290
1.00657130
1.06159610
1.02766180
1.07133770
1.05220430
1.07301170
1.18616430
1.08675030
1.02284370
1.06109220
1.02246320
1.11282300
1.10174950
1.00354500
1.10659990
1.06936510
1.06135490
1.10807550
1.06956410
1.08355070
1.19982600
1.10050960
1.17128060
1.12817690
1.06755670
1.01789510
1.17197830
1.09574020
1.09601960
1.23230900
1.10648150
1.11772820
1.15871210
1.08035210
1.05863670
1.11625820
1.07286300
1.12578510
1.01522510
1.10650130
1.17824880
1.07094730
1.02531140
1.16265010
1.17650760
1.17242440
1.14144370
1.05539440
1.13984570
1.17250470
1.22023480
1.04756450
1.12975460
1.05082400
1.11000120
1.05670870
1.03010720
1.11285460
1.11561850
1.04215050
0.95545923
1.17636880
1.17778790
0.99590263
1.14039310
1.15334550
1.04716560
1.05665720
1.11924860
1.25617010
1.02393740
1.03635390
1.01088730
1.02268270
1.04589360
1.08204610
1.11703990
1.10429680
1.08472570
1.15944480
1.07471970
1.06286920
1.13802330
1.14325580
1.08900840
1.07908470
1.27778770
1.14414880
1.05511720
1.08426130
1.05778030
1.14997480
1.13107270
1.22562130
1.09003170
1.06451800
1.10723410
1.09847540
1.10258320
1.17221150
1.15192060
1.08368360
1.08066960
1.06867680
1.15812620
1.11896070
1.16084500
1.05613990
1.10557070
1.03114700
1.09724700
0.99167964
1.07493400
1.06629940
1.13791980
1.14520110
1.15678990
1.02740870
1.04979160
1.03095530
0.97226592
