1.12308490
1.17733470
1.44845750
1.16979060
1.15751920
1.09197760
1.39162840
1.26044770
1.26665450
1.27167270
1.30371470
1.34033110
1.13934860
1.22884680
1.29855680
1.41669320
1.41321670
1.41736540
1.18593250
1.22194930
1.12224800
1.13911470
1.45188610
1.05395900
1.43354350
1.40164500
1.25874880
1.04621150
1.12978820
1.17092560
1.01855840
1.26274790
1.17171520
1.20205290
1.25360860
1.35300890
1.10142840
1.10025520
1.17907060
1.29385500
1.16917750
1.47406100
1.09050140
1.35057320
1.37508270
1.34021000
1.15046990
1.55679770
1.26271560
1.32057510
1.30882090
1.04337290
1.17191450
1.29559300
1.05071280
1.06774740
1.05629390
1.06587000
1.14604690
1.36536740
1.31963660
1.00794300
1.47222580
1.30512100
1.09254800
1.34666950
1.08728870
1.44527060
1.51388390
1.22934720
1.15244020
1.17408230
1.27221410
1.21225170
1.26910050
1.53779740
1.27407050
1.46405680
1.13419210
1.41170620
1.28397930
1.16368820
1.02480710
0.84320635
1.17139250
1.02332380
0.95877375
1.12277010
1.30433080
1.40651390
1.25161230
1.07445860
1.38976710
1.51668900
1.49782100
0.91541474
1.50873070
1.08307370
1.27924920
0.96734466
1.00413890
1.37967480
1.32013240
1.44729530
1.33267930
1.23415750
1.22298190
1.44452700
1.20540800
1.49551510
1.52792900
1.72209860
1.49510600
1.11440370
1.37445600
1.09281880
1.22261420
1.23551580
1.20235380
1.19552860
1.15430590
1.24714420
1.47219240
1.25115560
1.19930380
1.30440170
1.52564640
1.38812740
1.52807080
0.90750349
0.96906438
0.99685260
0.98863452
1.25387920
1.11125550
1.08335190
1.15456420
1.14090180
1.24947130
1.37143500
1.28540850
1.50924140
1.30445530
1.40433400
1.25991220
1.19767400
1.28892560
1.24647900
1.42188890
1.44102730
1.21509510
1.26241110
1.25129840
1.32457270
1.24491630
1.38973140
1.50708530
1.54474250
1.70210770
1.40429310
1.54081020
1.07601100
0.90762549
0.89493349
0.90144239
1.23445090
0.93988076
1.21840730
1.02647660
1.46508230
1.01708490
1.12739900
1.11192760
1.20062220
1.20723720
1.08696430
1.53348010
1.09631350
1.12081410
1.43186750
1.36548740
1.19424460
1.30548890
1.11156620
1.39225110
1.49168330
1.19340650
1.41327420
1.32361910
1.49880350
1.27842440
1.39170800
1.26971070
1.24166880
1.16418070
1.26481990
1.34255250
1.28190040
1.32976750
1.19524200
1.30254610
1.20916520
1.43492350
1.36649720
1.47824800
1.14524530
1.31127680
1.15500220
1.08958990
1.25579130
1.26892470
1.17584780
1.13461160
1.40667890
1.20200860
1.22005730
1.46995670
1.37317460
1.34484030
1.18150080
0.88128983
1.20712440
1.08663460
0.99631625
1.10295110
1.02156640
1.17648130
1.01541030
1.27405180
1.23623660
1.29736100
1.15558290
1.19820490
1.27976510
1.32891180
0.92961070
1.05341880
1.28992900
1.13085570
1.06913080
1.24169810
1.23837270
1.14607070
1.27809840
1.21647340
1.33305790
1.10596500
1.37331990
1.00268650
1.56028890
1.40102630
1.38839660
1.17862190
0.98435098
1.15990040
0.84844434
1.07701660
0.85714970
0.98526684
1.36134050
1.30308830
1.18571880
1.46245160
1.31811180
1.32875580
1.36702260
1.38612000
1.47307170
1.48037470
1.49732800
1.35390040
1.28425940
1.13070320
1.32529660
1.41226110
1.25070150
1.45455320
1.39248530
1.05061690
0.95692292
1.06725040
1.34382860
1.26228410
1.16566770
1.00437060
1.24930890
1.22002180
1.33586820
1.09041110
1.10289900
1.29925600
1.21820930
0.96131023
1.27451630
0.99821785
1.15189120
1.05273370
1.23718740
1.08845350
1.26229120
1.42183860
1.29520490
1.29076640
1.31053460
1.23055760
1.01011630
1.29541210
1.12431460
1.24901880
1.20152700
1.15805990
1.16378830
0.92832746
1.08954360
1.11231720
1.36176620
0.98788816
1.13702860
1.22835820
1.15254220
1.16655900
1.16102690
1.11797610
1.27225220
1.21556670
1.23689780
1.28799480
1.28593820
1.37500230
1.25352120
1.17484930
1.28754620
1.35898780
1.21034580
1.22983600
1.21766140
1.18854460
1.30400130
1.11947770
1.14495750
1.28311090
1.03350910
1.20898070
1.25599760
1.27081950
1.25804240
1.17616680
1.39290430
1.36169720
1.07531340
1.22928490
1.25450180
1.39885000
1.25984990
1.32323030
1.36471880
1.33932180
1.33044900
1.45558780
1.44985150
1.34140500
1.34996860
1.10489550
1.23323140
1.27182870
1.11977710
1.08731210
1.47018410
1.26679860
1.33669200
1.21812900
1.17378210
1.45442920
1.26910150
1.24546450
1.27799440
1.52941070
1.49274230
1.15608750
1.41226740
1.49057710
1.03684140
1.22944030
1.21876450
1.58572260
1.21525850
1.30727030
1.11057060
1.08348320
1.38588270
1.20911950
1.20662070
1.44686780
0.98518390
1.07109790
1.32613290
1.18282060
1.22742950
1.10341640
1.20983150
1.17313600
1.10434400
0.97284529
1.24849470
1.26749930
1.22244310
1.06810990
1.30058210
1.36447150
1.00608830
1.05174750
1.48641110
1.24426100
1.33783150
1.29726580
1.37331370
1.27846480
1.25808850
1.35049250
1.56888510
1.34911590
1.45721870
1.50421360
1.23341620
1.18327950
1.13444730
0.86879621
1.08796670
0.87872415
1.07428550
1.07437130
1.07054440
1.34751480
1.04702900
1.17881950
1.43259100
1.14986800
0.91907651
0.92583573
1.27558140
1.32143400
0.88628528
1.07274060
1.43492430
1.39215430
1.29645980
1.26637100
1.39106140
1.52448140
1.30658090
1.37134800
1.76313710
1.38088990
1.10348730
1.03105020
1.22813450
1.27739540
1.45301060
1.19873650
1.17844040
0.91084978
0.96064528
1.15149050
1.15018530
0.96066231
1.22831670
1.14442430
1.00530830
0.92652429
0.93165944
1.07995370
1.07409240
1.00377850
1.02461170
1.22650460
1.53370340
1.34588180
1.20806970
1.30148160
1.44993530
1.35675480
1.26849970
1.26366580
1.51974550
1.48185580
1.32371360
1.52020640
1.34122140
1.17902540
1.25555600
1.29659360
1.49000840
1.43537290
0.84497143
1.25192110
1.07268290
1.07503100
1.03341770
1.20562160
1.20523540
1.02547880
1.18837290
0.99025138
1.19652290
1.31011900
1.20352380
1.19585040
1.19289260
1.00978280
1.22425970
0.99201118
1.19967400
1.13308620
1.12392390
1.18976760
1.17855520
1.10643730
1.43609560
1.35627210
1.23916930
1.37779710
1.23053190
1.33154390
1.47473720
1.63668240
1.01233670
0.92601709
1.15111880
1.28272400
0.95160619
1.15351070
1.10669110
1.14157890
1.05939410
0.88858886
1.16413390
1.13075420
1.28752890
1.42842470
1.05574310
1.38253230
1.30392730
1.07421770
1.12617280
1.18464180
1.01552060
1.24566770
1.47520510
1.32308860
1.17536800
1.38827680
1.63239540
1.34936820
1.41919090
1.46449930
1.40712720
1.31799680
1.39789190
1.38961800
1.58416760
1.25587350
1.15340980
1.19433570
1.36549200
1.16915280
1.44330380
1.23910560
1.56551780
1.29090150
1.58759320
1.40457190
1.44242990
1.59658330
1.23698560
1.50039030
1.31933090
1.47267090
1.66740570
1.13780050
1.14899110
1.21537810
1.08387560
1.08409400
1.45627200
1.12304760
1.09936830
1.44162420
1.34390830
1.18044160
1.37118100
1.12758450
1.56716070
1.52784530
1.27342530
1.20213280
1.24087980
1.21475670
1.21648240
1.30801620
1.35646640
1.17968010
1.27960060
1.26790430
1.23776820
1.51165340
1.23542320
1.18383870
1.03322480
0.96568455
1.31692250
1.11128540
1.27262790
1.23457380
1.22264540
1.02904320
0.88905450
1.12924990
1.35682860
0.96627954
1.33560780
1.21176370
1.43720240
1.30370810
1.11091480
1.12488360
1.05397990
1.28585990
1.26011150
1.20473720
1.44927710
1.12729110
1.37193050
1.24983750
1.10927840
1.21161590
1.12789260
1.40539460
1.31229940
1.05624870
1.00220160
1.19538580
1.31468310
1.04812310
1.26991910
1.33602310
1.10870650
1.39111260
1.49483990
1.47002400
1.40784860
1.26120500
1.47297290
1.58026610
1.49029070
1.45811360
1.41352060
1.38812870
1.21431680
1.20098570
1.31591600
1.04929190
1.14152620
1.21557220
1.30093280
1.22486480
1.08777780
1.16064270
1.03747950
1.27322100
1.18809480
1.40784360
1.17356130
1.05438900
0.96929386
1.19392140
0.94883937
1.20019480
1.21623420
1.22298410
1.13264270
1.43403450
1.58348730
1.17280870
1.34192650
1.23421720
1.38648820
1.06193120
1.24743550
1.15491370
1.16682200
1.22411770
1.21146450
1.14619760
1.24376320
1.37155150
0.97688736
0.97728943
1.00482160
1.03153900
1.14592560
1.06095490
1.03132470
1.12238690
1.21646850
1.09864950
1.07017230
1.25496030
1.19497210
1.33593180
1.14183070
1.13060960
1.16865360
1.15704430
1.10937310
1.26533890
1.06471030
1.30761080
1.04554470
1.19026040
1.40099290
1.25856290
1.15209780
1.27061160
1.21618930
1.24654350
1.25513650
0.92103934
1.30138750
1.07310150
1.15498830
1.46601270
1.38159730
1.25005110
1.10557950
1.18737200
1.15411070
1.46527340
1.32058890
1.33657300
1.28243650
1.15721910
1.35356120
1.47771990
1.49787910
1.44409950
1.33561010
1.45451360
1.42621210
1.24803030
1.30473100
1.25678260
1.65668150
1.34631100
1.26933190
1.42621950
1.19753890
1.19092350
1.16420460
1.12672930
1.38256400
1.23300720
0.97667025
1.39755970
1.42719840
1.06318040
1.30536410
1.26365510
1.17226110
1.24996410
1.22365890
1.23924900
1.14310270
1.12256110
1.04704530
1.23154360
1.13528380
1.50716740
1.37765930
1.26793770
1.27258460
1.20913740
1.50075300
1.43516780
1.59270720
1.35508630
1.41134850
1.44267660
1.55379250
1.71672980
1.01722220
1.52435490
1.11035330
1.02937740
1.08309120
1.08751890
1.02460840
1.12735690
1.29493330
1.05119230
1.10554770
1.43620810
1.36319830
1.21280420
1.39527700
1.47028810
1.06205690
1.04418600
1.08660110
1.04368850
1.38013720
1.22894930
1.18269930
1.02311150
1.12612720
1.11469990
1.30466160
1.40948060
1.25139070
1.49703970
1.50645870
1.06571460
0.86484435
1.25808980
1.17122000
1.48193290
1.27418390
1.25953470
1.23726110
1.13782880
0.98581376
1.34064890
0.96625278
1.09038350
1.02783620
1.45694670
1.18131730
1.15556600
1.28475170
1.35533800
1.24266770
1.13400490
1.34329510
1.27003470
0.99825575
0.99576132
1.00656230
1.01367270
1.18143890
1.27206880
0.91285446
1.02474040
1.07193590
0.93175202
1.02419690
1.16467530
0.98130862
1.14830470
1.12167170
1.04053980
0.94231044
0.88334230
0.98946104
1.00642570
1.07705110
1.37214290
1.01922910
1.16755840
1.24159450
1.23433470
1.24269490
1.22622890
1.45578190
1.43975470
1.24958700
1.40134760
1.52383630
1.61655110
1.51124990
1.54201100
1.15447030
1.04677550
1.27675160
1.34548660
1.28592640
1.17937450
1.17502740
1.32383640
1.05818630
1.21435190
1.11990400
1.11264350
1.34239330
1.30770670
1.25411040
1.28501670
1.25513380
1.49677130
1.43162960
1.06641930
1.10019150
1.23428680
1.08472880
1.19912040
1.19686920
1.28051170
1.41279980
1.40859480
1.61707710
1.15869470
1.39858550
1.32019510
1.51798280
1.20528570
1.34530870
1.33391290
1.59944740
1.52311260
1.11919540
1.08259520
1.03641560
1.00341260
1.12008950
1.42459490
1.24360380
1.38268420
1.23406390
1.18414360
1.15748980
1.31406290
1.29770230
1.12240810
1.33358040
1.55939840
1.22674560
1.36699100
1.09740370
1.24672880
1.22638530
1.24669220
1.21261320
1.21728290
1.26037610
1.17876020
1.07557230
1.13428310
1.09446430
1.24983000
1.20073540
1.20141310
1.19273600
1.17315290
1.26385550
1.45878190
1.44835870
1.36745690
1.25846520
1.14666220
1.19155990
1.22581500
1.14608420
1.51846660
1.34469270
1.01931160
1.00135330
1.15846210
1.07623850
1.06740850
1.11464770
1.23239830
1.31514440
1.35740500
1.35415020
1.33780760
1.25367310
1.53169760
1.20138060
1.31309350
1.02557910
1.11767290
1.28284200
0.83378863
1.11370060
0.99345940
0.91220538
1.32361840
1.12894720
1.08424300
1.18778390
1.06219110
1.08217480
1.07311070
1.14008700
1.04347000
1.08286790
1.36737900
1.23953370
1.06401190
1.25414310
1.29633360
1.26759860
1.14995600
1.26391250
1.03033870
1.21961150
1.16634310
1.30630680
1.35787490
1.41412120
1.16710950
1.34444720
1.00278070
1.18608260
1.21527560
1.12517340
1.20314110
1.46282600
1.37500230
1.34587950
1.03040630
1.20556560
1.35842680
1.05404620
1.30869310
1.41286190
1.19794900
1.49394450
1.33227780
1.36386820
1.50787510
1.64093990
1.34429710
1.45885620
1.47457510
1.33009400
0.84644318
0.96475673
1.02124790
0.96278208
1.22267120
1.11203040
0.98557634
1.23814720
1.45026910
1.69733260
1.56049480
1.34240510
1.39566400
1.44313120
1.37220390
0.90308254
1.01342940
1.06744400
1.02670950
1.15772210
1.41946530
1.01165640
1.00424180
1.32340350
1.08777920
1.13102450
0.87911992
1.05665510
1.07056970
1.00227260
0.97437697
1.29394300
1.20407780
1.04966290
1.05123150
1.01054190
1.37223990
1.34829460
1.26227820
1.26039630
1.21929290
1.24844510
1.57171550
1.25556530
1.17958950
0.81690032
0.94525830
1.00164030
1.02143250
1.08145590
1.47736070
1.10493630
1.31980730
1.11222200
1.20825420
1.10344550
1.17409750
1.39308570
1.18874570
1.21718300
0.96127521
1.09441350
1.24601100
1.19230050
1.62321030
1.06379620
1.63583900
1.11935330
1.44231140
1.25276770
1.52718660
1.24828970
1.47332050
1.38256090
1.35848640
1.46575350
1.50831380
1.42500110
1.39983680
1.31640670
1.30909470
1.31962590
1.47697020
1.39627440
1.30280800
1.39370900
1.65536720
1.49477040
1.21836440
1.45670390
1.48750500
1.40781340
1.76502900
1.50415370
1.67540850
1.67345990
1.19639020
1.27707510
1.35650730
1.19253980
1.28010020
1.27234630
1.01044290
1.55852190
1.14232100
1.24833140
1.20107290
1.30432930
1.55064030
1.15097090
1.13603720
1.17817140
1.10940870
1.22470190
1.18264080
1.23310040
1.08842580
0.99529690
1.15408170
1.10078820
1.16812250
0.96408397
1.23292220
1.22421200
1.14132750
1.50063490
1.16519380
1.12702440
1.32322310
0.98027582
0.98897021
0.99416353
1.12199970
1.15236350
1.17630400
1.32177970
1.00892500
1.22256690
1.35040800
1.09516470
1.69117160
1.15305300
1.24036360
1.41530740
1.15913410
1.01277710
1.03983600
1.14463920
1.15250780
1.27817400
1.06589850
1.20699310
1.36224600
1.26934590
1.17170100
1.24230680
1.22441370
1.33553190
1.11020620
1.27387980
1.20373680
1.24447170
1.35003940
1.28407490
1.07971100
1.44717480
1.18104890
1.27277120
1.18462170
1.61169280
1.44078220
1.20181560
1.14881740
1.11788630
0.98827607
1.29232410
1.33045330
1.15568420
1.45348020
1.25619620
1.53821210
1.35606030
1.33035380
1.45908300
1.34533360
1.29251260
1.42665540
1.46158990
1.25008480
1.50339840
1.44875440
1.39497410
1.19758380
1.10781130
1.20873590
1.09905380
1.30507600
1.34951650
1.40433750
1.22604320
1.31497400
1.37382870
1.26938460
1.29298600
1.26355830
1.26701470
1.36716720
1.30783600
1.42484310
1.22084240
1.25524370
1.20456150
1.28942980
1.08544860
1.21848380
0.91352131
0.72853561
1.05260780
0.90925182
1.12650440
0.98576115
1.31568660
1.13577540
1.01408230
1.26683020
1.02406900
1.06237360
1.14042270
1.14129750
1.24158870
1.13764230
1.05408600
1.20144590
1.16067660
1.28385270
1.10982800
1.22345110
1.23934370
1.46815050
1.26227170
1.23184290
1.29382950
1.14900250
1.60993300
1.44274220
1.38743700
1.30095000
1.37482460
1.55587100
1.43194580
1.32334030
1.34602820
1.50023520
0.89689457
1.06847830
1.11708210
1.22368200
1.25129890
1.17372890
1.23128530
1.21512970
1.33527910
1.11570150
1.27198330
1.19934410
1.38044260
1.57655300
1.45282440
1.34455910
1.44414560
0.96632367
1.01387220
1.15447610
1.20342380
1.13460660
1.22107050
1.02118770
1.21062760
1.46971770
1.21911490
1.40759430
1.53555590
1.19332790
1.34543400
1.33463250
1.52007470
1.08890350
0.90125999
0.98087470
1.13437920
1.10181920
1.05575950
1.27221000
1.12429560
1.14575360
1.14162300
1.30795810
1.33997930
1.65220380
1.01261690
1.09162590
0.96975365
1.15100920
1.15556270
1.36834510
1.29354140
1.16470130
1.16694190
1.51780050
1.45470320
1.31676280
1.11102710
1.19119470
1.25990720
1.04236180
1.22376160
1.24811560
1.29048610
1.04673380
1.40489840
1.53746660
1.67123690
1.40802680
1.34557160
1.44985570
1.55964910
1.45847890
1.62786180
1.49131370
1.48188450
1.18406980
1.33426450
1.16262120
1.12446700
1.15767410
1.20258160
1.13767780
1.21754270
1.21895130
1.27739890
1.27316220
1.42483140
1.50051650
1.46798740
1.21676490
1.47973660
1.23484400
1.35615140
1.33512490
1.47521890
1.34096360
0.98302872
1.08182150
1.15959080
0.97524785
1.08250870
1.11506520
1.18206450
1.16784900
1.32992870
1.55171610
1.38773300
1.30371670
1.42669900
1.59184440
1.51724010
1.47806140
0.80172616
0.97114575
0.83663317
0.95834314
1.15548260
1.21397960
1.42677640
1.37678480
1.39693500
1.38337170
1.34693110
1.58982330
1.41798260
1.44669410
1.12154540
1.18551140
1.08427080
0.99329517
1.15638730
0.98609755
1.16518220
1.19890620
1.27468120
1.35565530
1.33790470
1.22630720
1.09737140
0.95184508
1.17346500
1.14262040
0.95764705
1.10324030
1.48970330
1.10723450
1.35539690
1.32046210
1.16992560
1.06409460
1.21987220
1.14829930
1.09005920
1.17276100
1.17970720
1.26144160
0.99803036
1.22265430
1.20449120
1.47312350
1.39726870
1.55756130
1.50773110
1.78419290
1.46402630
1.56803710
1.63454750
1.62042070
1.50106900
1.55578160
1.62262090
1.31288770
1.38607990
1.14597830
1.27144420
1.43605540
1.00979940
1.26287420
1.12624510
1.35915730
1.46109550
1.20285160
1.16655370
1.18642360
1.22568780
1.03642120
1.15202860
1.23349560
1.28971460
1.22087500
1.51187170
1.08072480
1.22134780
1.21102220
1.24103290
1.28718920
1.13945380
1.22823340
1.20484910
1.18680340
1.40199700
1.37260980
1.14024200
1.08378150
0.99578558
1.39511130
1.30035600
1.14729830
1.15010020
1.20773550
1.46043070
1.18308350
1.27026160
1.28686690
1.02415630
1.10973380
1.21375130
1.20864270
1.07827820
1.43157400
1.26389890
1.12664790
1.16998770
1.31408390
1.32936550
1.11429070
1.24476270
1.08877090
1.06143610
1.21534100
0.96515343
0.89582426
1.17555060
1.04074350
1.14258200
1.15649840
1.13879700
0.92915790
1.31103250
1.40162950
1.41715010
1.21444060
1.38739330
1.22371850
1.14150680
1.18650640
1.00725110
1.00953130
1.06983700
0.94330774
1.30607480
1.51642160
1.02555040
1.21842540
1.34277430
1.71710140
1.52585210
1.20628370
1.40518240
1.45801930
1.45685560
1.01115380
0.99924314
1.17928750
0.97407977
0.88989794
1.24347280
1.34162790
1.29691930
1.28475130
1.11143810
1.50809860
1.27612320
1.60521030
1.57510740
1.25450460
1.40117400
0.90762043
1.28169270
1.03332070
1.34896630
1.30911170
1.13770330
1.19591950
1.22856230
1.20677340
1.44567860
1.10307830
1.23024640
1.16284420
1.40320920
1.42927660
1.21448240
1.25259020
1.13026150
1.09519830
1.24067720
1.26216960
1.34607620
1.43800690
1.14691160
1.18308410
1.21504130
1.48189780
0.95274719
1.13753880
1.06114750
1.17706980
1.32699250
1.23556580
1.37279090
1.39763760
1.05379700
1.16505610
1.23076340
1.19326380
1.32999880
1.12547700
1.15735670
0.95176599
0.91561636
1.15413160
1.17049060
1.10895450
1.26498850
1.32348340
1.01529600
1.24827100
1.35500510
1.24995390
1.13614040
1.32784550
1.35819310
0.92955470
1.06720860
0.92955754
1.24174720
1.09253740
1.32517190
1.37961200
1.29244390
1.43639030
1.04426910
1.39513840
1.39526100
1.48649290
1.02885700
1.04572410
1.40594210
1.16607150
0.96835046
0.99866999
1.26713960
1.33494900
1.42393420
1.56836660
1.52502700
1.23720600
1.62144200
1.48282540
1.56616660
1.68735750
1.60407540
1.00959380
1.11752870
1.05241090
0.89618697
1.15974120
1.22090740
1.17095330
1.08961770
1.20366130
1.12415320
1.50207780
1.21301650
1.43626600
1.42491030
1.18502580
1.23377330
1.49115030
1.62081720
1.39126830
1.36768060
1.26291120
1.09981340
1.16047710
1.24813590
1.34750770
1.42882910
1.14710050
1.14975240
0.81900355
0.93287741
0.96892747
1.07817380
1.07382210
0.92093412
1.25249900
1.27968090
1.40640230
1.20765160
1.53191710
1.34006080
1.28532090
1.30930280
1.45401740
0.83891722
0.86115693
1.06983730
0.85939376
1.22531910
1.26765190
1.21140510
1.39713320
1.34459340
1.42947100
1.16751950
1.35817350
1.52633150
1.48231270
1.32433860
1.21785840
1.08919350
1.08637330
1.33643170
1.37275840
1.44011970
1.10000320
1.29864780
1.38713760
1.49956570
1.35965590
1.41427370
1.43620660
1.42333690
1.42876130
1.11504680
0.92704671
0.86630870
1.21565290
1.20043710
1.27713510
1.38212570
1.29915990
0.92760274
1.16447520
1.40938550
1.27613030
1.21169280
1.13027010
0.88820953
1.43978160
0.95335145
1.15548230
1.17186420
1.03694170
1.01672070
1.20979320
1.14095250
0.99175257
1.12134450
1.01804010
0.95204764
0.75625869
1.10262270
1.29362900
1.04480510
1.00800940
1.29622260
1.41053650
1.12379690
1.43413500
1.33235560
1.10212700
1.40753150
1.42605220
1.64581320
1.45995220
0.84578807
0.85619594
0.85813463
1.08235740
1.05146200
1.06818480
1.44466740
1.35682040
1.41285920
1.15226040
1.47152060
1.25955370
1.50157780
1.43214110
1.57311800
1.54217160
1.33237470
1.04909000
0.99978145
1.26308680
1.21180350
1.10759870
1.35332420
1.15388600
1.21277650
1.24610300
1.12093720
1.51019150
1.06463280
1.24332360
1.15570500
1.11874810
1.30241110
1.19091160
0.94005444
0.77626844
1.10503990
0.94182582
1.07703630
1.00480560
1.09245800
1.35807000
1.51495760
1.33194750
1.48181410
1.39834560
1.58040820
1.52602210
1.54136220
1.41884340
1.67024490
1.63389970
1.58754330
1.09669560
1.01337840
0.96132760
1.02519470
1.24657150
1.05270970
1.20033860
1.42151920
0.89045677
1.07275470
1.05363680
1.09372240
1.28098360
1.21463570
1.16285540
0.94621351
1.43089780
1.15360060
1.39819880
1.31650710
1.18438440
1.40973250
1.23984270
1.38713070
1.08147140
1.34525600
1.20488290
1.12549040
1.17524710
1.40078540
1.23679490
1.26498260
1.36839330
1.09543840
1.04842370
1.34925240
1.06092140
1.13520130
0.99554493
1.19680090
0.92946167
1.31017560
1.23821450
1.15246940
1.23493220
0.98463712
1.17127010
1.24685700
1.21803560
1.25824400
1.02210890
1.44700750
1.43509710
1.08213860
1.06964230
1.34047500
1.61795410
1.59391040
1.64441410
1.32110610
1.28194020
1.35380070
1.33233200
1.39089910
1.40861410
1.35728770
1.43549180
1.03308090
1.04142380
1.40299990
1.16840850
1.00943180
1.21621830
0.97198833
0.84237807
0.90491899
1.13964130
1.12576110
1.08356870
1.27423750
1.28172510
1.36366520
1.45042120
1.45640140
1.34688790
1.43537120
1.48243770
1.02755430
1.08341620
0.84922386
1.28515890
1.42656240
1.20712650
1.11072430
1.21621250
1.53034680
1.04536960
1.34828290
1.18592720
1.35287020
1.47505790
1.48776280
1.04253620
1.10643910
0.96063315
1.06010680
1.44854400
1.21635200
1.32108620
1.31377480
1.17721080
1.30499160
1.13362250
1.11112950
1.21482210
1.22238280
1.16960380
1.32386880
1.03419210
1.05892970
1.22507680
1.31858740
1.01348560
1.02265590
1.30555250
1.22739990
1.31787540
1.21206970
1.28498480
1.39090090
1.32175340
1.31165540
1.30652990
1.32201300
1.44453550
1.38800580
1.33148160
1.41489420
1.21537540
1.09668100
1.18360300
1.08732530
1.32414180
1.19193620
1.23373510
1.31731050
1.31995620
1.22508940
1.45829680
1.32134620
0.99340038
0.91924122
0.99738056
1.11634090
0.99714781
0.94950666
1.13529930
1.37758470
1.18205010
1.22006370
1.28436540
1.26586300
1.20253710
1.33600950
1.22534730
1.37753290
1.07817970
1.25279080
1.14978220
1.03773350
1.32752450
1.22672020
1.25667830
1.22152430
1.12975290
1.26473470
1.28929370
1.23931130
1.47500760
1.18640460
1.27686830
1.45942730
1.24309000
1.56474480
0.79660553
0.86128304
0.99458989
1.08929360
1.15152480
0.92293236
1.04803270
1.34876190
1.38999850
1.17656850
1.43237270
1.53985810
1.45467500
1.40588010
1.34136640
1.35133260
1.37518920
1.07767670
1.13854790
1.41421190
1.07805040
1.10047850
1.27341670
1.16528080
1.49228520
1.50065550
1.33344620
1.34025330
1.55980420
1.34415120
1.39144660
1.43600140
1.34088290
1.30405310
1.43690470
1.37301060
1.23055670
1.28367180
0.91734717
0.94532958
1.01398300
1.39132820
1.07337190
1.16982040
1.34137770
1.24521740
1.27792180
1.37751140
1.17969130
1.24445460
1.41800180
1.25202400
1.26048160
1.36531300
1.32815840
1.34727600
1.17010950
0.94072967
1.10505480
1.11120600
1.14706620
1.18930490
1.26362770
1.22356080
1.15685130
1.33508760
1.19697330
1.35792080
1.35629170
1.29871230
1.47448190
1.40926840
1.38790790
1.36100360
1.37875640
1.00648140
1.18492610
1.14478030
1.11012210
1.26962110
1.03958010
0.87302437
1.32723200
1.23921480
1.12118920
1.02803530
1.34291410
1.16238050
1.11618270
1.02874920
1.50070970
1.42561060
1.34472320
1.25776900
1.40639680
1.11380520
1.18082970
1.25051940
1.19139290
1.12692950
1.24794150
1.30350980
1.10102980
1.28295860
1.11539250
1.22141070
1.19289850
1.19450880
1.50289420
1.40562760
1.19505730
0.98118369
1.08391160
0.95918587
1.04294830
1.03943770
1.15564470
1.23790470
1.09584450
1.38620800
1.26852170
1.19427570
1.30336660
1.34394920
1.34869800
1.18738310
1.10343290
1.28001780
1.39946110
1.30585010
1.45952650
1.41350900
1.54209710
1.28726760
1.25249020
1.01284100
1.33097650
1.35840580
1.33118020
1.38101740
1.32171820
1.37921330
1.56937160
1.13605720
1.16194890
1.15635920
1.15962510
1.06777040
1.21985380
1.09598110
1.15382240
1.28911160
1.24129860
1.43141320
1.24702450
1.64251390
1.37522620
1.51399010
1.39054850
1.49078070
1.52648530
1.42015590
1.52021950
1.15982330
1.34028210
1.27891890
1.17119280
1.54285180
1.39778990
1.27638140
1.19820200
1.26803940
0.95786918
1.19294790
1.11477370
1.14690500
1.17835090
1.21390480
1.25663700
1.05642800
1.30631980
1.26030970
1.24735200
1.13746890
1.12062980
1.38741890
1.23158560
1.37270910
1.20608970
1.34787220
1.42837530
1.38302770
1.29327960
1.33242950
1.36637660
1.39710500
1.52006410
1.31885470
1.05497410
1.08994220
0.89970322
0.91584110
0.91213491
0.98463685
1.10128330
1.21501410
1.33821100
1.30123710
1.31436690
1.22127280
1.36811200
1.49491510
1.30847860
1.18261160
1.25437680
1.01531910
1.29698280
1.09224800
1.21856860
1.40578790
1.28253120
1.17385060
1.33128250
1.32870070
1.55399580
1.44877080
1.47444530
1.57905090
1.51253090
1.44085320
0.98031500
1.06901830
1.16785320
1.01004200
1.08138230
1.03102800
1.35545530
0.88383787
1.32711680
1.17813230
1.07111490
1.30172520
1.28196450
1.15306000
0.99422648
1.05231060
1.38499900
1.42938210
1.28922950
1.34654330
1.31583800
1.25080820
1.25058900
1.53470990
1.53359110
1.37234150
1.26158180
1.06509510
1.18631550
1.01543120
1.34245560
1.47730090
1.21000240
1.26876900
1.23868100
1.23714920
0.98914783
1.14178930
1.09641770
0.99312179
1.02010510
1.12401070
1.10644810
1.02982280
1.12450830
1.34527350
1.22949070
1.21224330
1.30163160
1.22100690
1.13778450
1.40850630
1.09834820
1.46179160
1.17645760
1.19966070
1.27374430
1.45702760
1.09915780
1.15448460
1.42478470
1.31716810
1.36448150
1.33302220
1.42795330
1.41118930
1.27553090
1.42462980
1.07929130
1.05643750
1.22399150
1.24242760
1.38708760
1.27210570
1.03141480
1.20174710
1.21504270
1.00942980
1.19150380
0.99635610
1.07736080
1.15211480
1.24863730
1.23008580
1.17960930
1.28512840
1.35704250
1.54868950
1.29942870
1.23393990
1.44169270
1.18609230
1.29867750
1.29598120
1.19259920
1.34111610
1.35416060
1.43023200
1.54701670
1.51873190
1.28184090
1.28392920
1.23190550
1.42494340
1.33509310
1.26513750
1.37028970
1.35359480
1.40876390
1.09489900
1.31429290
1.31519240
1.26390270
1.02849820
1.23193330
1.06458200
1.37629530
1.42438070
1.42686260
1.33013590
1.51283660
1.32828190
1.44609550
1.43019710
1.60804010
1.52565330
1.57645530
1.20177280
1.16254570
1.19936780
1.30124560
1.18099440
1.22971950
1.22646520
1.17138100
0.81803453
1.07688200
0.95849866
0.89063592
1.09849990
1.07913720
1.16037310
1.31585850
1.12218350
1.24736330
1.20387840
1.01541710
1.23838320
1.30097430
1.18919900
1.10467270
1.00306610
1.21827180
1.24527880
1.27291690
1.24431590
1.31591630
1.07463500
1.12702170
1.10814170
1.10130650
1.32213880
1.13568870
1.18510120
1.23563610
1.26781010
1.44282240
1.04467890
1.58392490
1.24793140
1.20192820
1.27764130
1.18594970
1.12944330
0.97016439
1.09860350
1.00573600
1.26637660
1.07137620
1.08011610
1.21603900
1.09254330
1.20491640
1.06515660
1.04376670
1.42024730
1.29442770
1.43804270
1.40309010
1.15681510
1.17838360
1.21681350
1.28314690
1.25786040
1.31103360
1.41187010
1.19002960
1.43636810
1.47262410
1.39560890
1.30420120
1.15627100
1.32463250
1.25019290
1.35919750
1.34825680
0.84030197
1.02875750
0.85743853
1.09769840
1.11567030
1.00527080
1.16578400
1.19398600
1.06451000
1.35124200
1.00280040
1.54999640
1.56289770
1.44721540
1.42115680
1.18998630
1.26561260
1.15819300
1.26522410
1.31147940
1.40221670
1.08962410
1.21779860
1.09967680
1.25304600
1.28676630
1.19964910
1.25945010
1.18758200
1.38503620
1.43498230
1.09259110
1.12106340
0.96175604
1.24787900
1.10405810
1.06965280
0.94847316
1.28373470
1.34686250
1.43036650
1.31842290
1.32671710
1.41935690
1.34333310
1.40658960
1.37895940
1.26365380
1.38533830
1.27098310
1.24371990
1.35319650
1.42276190
1.34527200
1.42804520
1.44880430
1.46829700
1.46422690
1.18034170
1.13764090
1.30797810
0.96847008
1.44707520
1.06715100
1.09547670
1.32772660
1.19203960
1.25443220
1.25843880
1.01016440
1.29632420
1.16405150
1.02418060
1.11365330
1.26843250
1.17329930
1.29219920
1.23840220
1.34033650
1.23393530
1.17519800
1.24844810
1.30320620
1.19520920
1.25637830
1.37306240
1.32196430
1.37236100
1.34221030
1.15552640
1.21018640
1.00751870
1.14062920
1.13337440
1.14219250
0.98254719
1.06424090
1.22818020
0.88019897
0.94307622
0.94866702
1.28908580
1.25070520
1.49307490
1.20157530
1.21609870
1.21416560
1.50087650
1.45362780
1.42700620
1.57210510
1.24361120
1.41789650
1.13111250
1.29122530
1.09745970
1.43620990
1.25217550
1.18118630
1.31288130
1.15564010
1.49034580
1.33946010
1.21055650
1.14995600
1.24934330
1.16301310
1.31948940
0.95122560
1.23731610
1.30858450
1.46011600
1.33561470
1.51304880
1.12767930
1.37245770
1.01107960
1.16830520
1.14865330
1.16271610
1.21041960
1.26215180
1.28943070
1.12876060
1.22105660
1.03634660
0.97175465
1.20819160
1.25629140
1.06180940
1.27311130
1.44105780
1.29847600
1.42935140
1.25544330
1.67816070
1.57118680
1.37208770
1.58431880
1.29578540
1.44261190
1.23722280
1.37409970
1.27719990
1.53212290
1.51588830
1.18967640
1.39570120
1.38995850
1.16841100
1.45724600
1.23003750
1.14681000
1.26215310
1.06692240
1.17083190
1.24829610
1.39352010
1.25438390
1.02442400
1.20712850
1.00329520
1.14198100
1.00542720
1.18060670
1.19574100
1.28768530
1.32684210
1.33751240
1.37161460
1.35191830
1.56860510
1.41440160
1.55430120
1.42205300
1.55577010
1.58731580
1.36906900
1.13153520
1.16869850
1.24569950
1.39340310
1.30449290
1.24956480
1.15820030
1.38998290
1.29347530
1.18608940
1.04811600
1.01028830
1.50025130
1.20681730
1.11602910
1.10540240
1.45108580
0.79004348
0.99456727
0.97262898
0.83684324
1.01559980
1.04831340
1.34306150
1.27371110
1.34236050
1.07572120
1.36992990
1.34202960
1.45221580
1.33613490
1.35483620
1.46905480
1.35286310
1.21879590
1.29327680
1.46259840
1.22198180
1.29401460
1.58655210
1.28783950
1.40787590
1.79915830
1.02387460
1.20623010
1.25895140
1.20468620
1.27435970
1.33610200
1.07714300
1.30154740
1.06358580
1.17395250
1.25583450
1.29188880
1.22528600
1.04869490
1.15309500
1.02525430
1.21766880
1.31023460
1.27568080
1.32498460
1.16524730
1.14700580
1.46051850
1.14492060
1.23795300
1.33415150
1.00292330
1.31544530
1.30229290
1.25822160
1.04078570
1.28484170
0.92496124
1.04949910
1.32100850
1.17089000
1.06333370
1.10824010
1.29400820
1.34377520
1.47203990
1.40942360
1.19773810
1.17649860
1.40074980
1.20637340
1.33363420
0.98790094
1.34442280
1.21159900
1.19966340
1.43192510
1.33354350
1.19212910
1.24006590
0.85124261
1.23822390
1.09871570
1.27537610
1.47578380
1.39453890
1.17628760
1.30824410
1.35766100
1.39482840
1.55196230
1.54446700
1.42500010
1.49132440
1.11204420
0.65312512
0.88933755
0.85556269
0.98720901
0.89819299
1.23151750
1.32554840
1.39919320
1.61618980
1.59445940
1.33510940
1.23728830
1.31862200
1.48171910
1.33971900
1.22834140
1.30970800
1.31201890
1.03608880
1.18487990
1.16863030
1.23190590
1.33870960
1.55669730
1.39732790
1.21729340
1.59670350
1.32414780
1.26961280
1.41318020
1.12142130
1.32635150
1.21949600
1.47393800
1.24361970
1.30457450
1.29309480
1.14044060
1.13390390
1.19854770
1.10911620
1.22357270
1.43565480
1.16703410
1.38439900
1.41956290
1.09266640
1.28627990
1.16921280
1.62470320
1.26855080
1.32007910
1.47531960
1.03336160
1.04935580
1.13349330
1.40163880
1.20047530
1.23947330
1.08954730
1.15665430
1.04616230
1.38654840
1.38977880
1.18684160
1.25614190
1.24382310
1.23560610
1.16593020
0.98257096
1.23471430
1.17617940
1.05632080
1.40659510
1.45578470
1.12002730
1.24347060
1.18048890
1.39156840
1.11825950
1.33625420
1.61852600
1.56292590
1.12694810
1.42616650
1.26990420
1.16626590
1.03662030
1.19558680
1.08214190
1.13560700
1.25945600
1.32446320
1.13906800
1.17720430
0.92557270
1.15014820
1.14150500
1.28736990
1.22287910
1.17350520
1.31832670
1.29484540
1.29240080
1.55517570
1.49848130
1.28575340
1.40848280
1.36142720
1.45507110
1.30578490
1.54749240
1.52514070
1.29473170
1.27288400
1.46691020
1.10041420
1.18171740
1.21160680
1.25908150
1.24515020
1.11172290
1.30447620
1.22259770
1.22209000
1.10900170
1.05859740
0.91428781
1.14032100
1.07529980
1.21915160
1.22048900
1.36769060
1.37075470
1.24568140
1.14821250
1.10611360
1.27912590
1.22485660
1.26684720
1.36387400
1.48430670
1.37610490
1.13012140
1.10952090
1.49525430
1.28647570
1.20347140
1.34247380
1.42560230
1.56863430
1.46111600
1.26383580
1.10740090
1.08005830
0.92295046
1.16706830
1.16724150
1.22314820
1.41289810
1.11711770
1.34436270
1.32574980
1.24397590
1.41786850
1.29362030
1.47056770
1.38881080
1.41842180
1.29837270
1.41438510
1.30356800
1.23133800
1.32514830
1.56548200
1.54833360
1.68914320
1.29208430
1.30481530
1.29048620
1.29607150
1.39791300
1.29320420
1.17073620
1.19535860
1.36690950
1.31735990
1.36720790
1.34416300
1.03862790
1.36409550
1.35137490
1.03842990
1.48223930
1.11703810
1.32908040
1.40312120
1.44922070
1.29730520
1.26585110
1.35669890
1.54082690
1.59674180
1.22830080
1.65695980
0.90049500
1.09826740
1.05862090
1.21934510
0.87920511
1.16561780
0.93620198
1.16283290
1.14204930
1.15840100
1.24863860
1.25059370
1.33905770
1.34801210
1.08584720
0.94233281
0.98632422
1.11559480
1.28447440
1.14968470
1.35504260
1.20492290
1.22571620
1.23331740
1.19434580
1.46245320
1.18190070
1.36019470
1.33940440
1.46019250
1.49209390
1.21159520
1.18594720
1.09208320
1.23700880
1.32247490
1.31448140
1.65793040
1.51118320
1.43535990
1.07892470
1.41449160
1.24529360
1.40883940
1.10119500
1.36731270
1.13715400
0.97133039
1.10811320
0.95644937
0.94225214
1.07441320
1.04891650
1.31168660
1.32072880
1.46044750
1.19832440
1.23437810
1.06714920
1.42627450
1.33397180
1.34488590
1.39736190
1.54814580
1.48702460
1.36376800
1.66589350
1.48972560
1.41406350
1.71926000
1.48721920
0.98037569
1.13091150
1.30293190
1.10623570
1.09064610
1.17579210
1.29049230
1.23600040
0.87124111
0.98530709
1.08116560
0.95915567
1.08629010
1.25629270
1.28615540
1.29117930
1.26671870
1.24011600
1.33168140
1.41838160
1.24970420
1.58116800
1.41097180
1.11823020
1.15609380
1.12647570
1.31816650
1.23940430
1.38337840
1.59534290
1.51040730
1.08873730
1.23836930
1.13334550
1.16868210
0.96036178
0.93335399
1.20950870
0.89122402
1.00776230
1.00177060
1.00875620
1.11657530
1.28752820
1.03778930
1.18714690
1.23698010
1.26945570
1.21231960
1.38964240
1.26962540
1.35589190
1.51406930
1.31183150
1.43519690
1.43715590
1.36096270
1.57653640
1.43891310
1.58617190
1.41173050
1.42795800
1.62868070
1.57139380
1.81130900
1.45865110
0.79598999
1.11730570
1.11284540
1.18863720
1.01680180
1.14161300
1.25431470
0.98237403
0.80032219
0.91555471
1.24985470
1.09960100
1.01422890
1.16586770
1.18296610
1.19091790
1.46565340
1.27770910
1.38917350
1.32441420
1.25401240
1.37108360
1.39966400
1.15386170
1.11753990
1.21952120
1.45420960
1.39853420
1.39953260
1.40159220
1.50955830
1.05687050
1.26808930
1.42219060
1.20131690
1.10660660
1.14920900
1.30692230
1.24748680
1.11344450
1.10064120
1.17507050
0.94314894
1.18126470
1.11955510
1.23434760
1.51406170
1.40005430
1.26825080
1.49332660
1.34176940
1.33143460
1.18569000
1.26581970
1.33219320
1.40716260
1.43292320
1.54496680
1.31301970
1.49625600
1.49607400
1.60359080
1.51875380
1.54817070
1.52266540
1.03001780
1.00065310
1.06498810
1.14236540
1.12985610
1.22163100
1.10293320
0.91029205
1.22790720
1.06269090
1.25101160
1.16964440
1.44855800
1.20998560
1.03037370
1.35029910
0.94802356
1.28410280
0.93470115
1.08225910
1.39826980
1.17142210
1.36909770
0.99553606
1.23083050
1.41123900
1.30350460
1.08106390
1.33256040
1.35058480
1.28238220
1.21914170
1.07838140
1.52826000
1.36073350
1.30670980
1.37741510
1.38960480
1.23244430
1.11736490
1.43157810
1.26616660
1.20311680
1.34876120
1.04422840
1.46118670
1.27975400
1.18208150
1.18428350
1.47036240
1.36303150
1.30618460
0.90848289
0.93789377
1.14642750
1.23143870
1.14838160
1.04446660
1.22229690
1.16049360
1.55198020
1.15140400
1.59693890
1.38030000
1.45523610
1.30041910
1.62795990
1.56503970
1.01549090
1.16388790
1.29656090
1.29332040
1.24885230
1.22341650
1.31653530
1.32046150
1.39300860
1.28511230
1.37720110
1.13797180
1.11904040
1.09908710
1.27182080
1.20502270
1.20351030
1.16911520
1.01264240
1.02391760
1.35594580
1.25134900
1.41390670
1.21962300
1.22867790
1.32125230
1.27877450
1.49133010
1.04438860
1.04458290
0.90819805
0.96553115
1.14748680
1.19214800
1.30245400
1.26702920
1.34890140
1.22888630
1.18459260
1.16300630
1.19730230
1.28670100
1.07800720
1.18498330
1.33149320
1.40484590
1.35946090
1.35836340
1.39894650
1.51784880
1.44452180
1.34500680
1.20077850
1.18238640
1.20267240
1.21911350
1.46168880
1.18721750
1.20195160
1.33668620
1.22947500
1.40205950
0.94829721
1.26553260
1.20063530
1.18641320
1.19197950
1.19684120
1.36875140
1.39977330
1.19687760
1.20173620
0.98355868
1.06992830
0.94522707
1.19120370
1.31151540
1.41358780
1.32222010
1.31793930
1.27818640
1.40597350
1.35706970
1.56330420
1.38845150
1.26693440
1.35592460
1.40558380
1.14120750
1.16605760
1.10139190
0.99954910
1.22267040
1.17523560
1.51067910
1.53674240
1.27264480
1.26086570
1.23485140
1.31047030
1.26147480
1.45737010
1.21932390
1.66089580
1.46585750
1.27110760
1.08778260
1.12803190
1.22966420
1.19219800
1.41054850
1.29781560
1.03863480
1.24244170
1.25492000
1.23733430
1.14382010
1.38445800
1.45676210
1.31256770
1.34284060
1.27737750
1.33320480
0.92123083
1.23137400
1.33412590
1.29167070
1.08469150
1.07566390
1.12914670
1.07077180
1.17735710
1.02271400
1.04060660
1.37047790
1.37093500
1.26206480
1.28579960
1.54872770
1.04123700
1.10646140
1.09292550
0.89661656
1.07865670
1.27867780
1.18352630
1.18362410
1.33026610
0.92822147
1.05138040
1.11006020
1.37709960
1.22263680
1.08476670
1.33452700
1.26349690
0.90104809
1.09808000
1.16798650
1.15004560
1.24117680
1.25268280
1.13272190
1.27538260
1.17502710
1.62495420
1.11132340
1.08043460
1.33731750
1.24080240
1.40215270
1.27704410
1.41044590
1.01048380
0.78717212
1.02649830
0.84750317
1.21968730
1.15375000
1.05924560
1.39995730
1.10305520
1.00581860
0.90143346
1.11312950
1.19368440
1.20757590
1.53349390
1.04697390
1.06556360
0.94013600
1.15419040
1.10155200
1.38723040
1.29554370
1.16323000
1.60745380
1.39115500
1.30155330
1.30176470
1.45731710
1.65418700
1.38611360
0.93204395
1.30944820
1.15906720
1.25661540
1.01858140
1.22786400
1.21782660
1.09673350
0.83544816
1.01884870
1.24404360
1.29339200
1.30040800
1.08128290
1.05476850
1.18794310
1.05907910
1.14813350
1.23610290
1.19394170
1.41415700
1.39060420
1.17629580
1.35147680
1.36738090
1.22659940
1.36772550
1.27245600
1.49035120
1.17973600
1.50664380
1.12486720
1.00440280
1.04576360
1.27515670
1.20947730
1.32756850
1.10451310
1.10739490
1.18340390
1.08532450
1.15112100
1.05666950
1.06882300
1.19519440
1.15139350
1.03878300
1.43619870
1.26975170
1.27161740
1.27330810
1.34240190
1.32531980
1.38187510
1.49415320
1.43958970
1.37249890
1.36602890
1.36347430
1.51923190
1.55336690
1.16744690
1.25068650
1.37319410
1.17453370
1.38991670
1.41196720
1.29454700
1.44786920
1.45407980
1.49509700
1.15656740
0.86397809
1.00276080
1.07661250
1.05139240
1.16499110
1.15283070
1.17325200
1.08248160
0.97626419
1.19391690
0.89971993
1.20837380
1.50069620
1.23427230
1.43057130
1.45487040
1.49879180
1.61207840
1.53471610
1.73005560
1.63866420
1.52604750
1.61925290
1.84319750
1.22496630
1.55684490
1.26308520
1.29693340
1.28944520
1.30697420
1.37479920
1.46310780
1.46742770
1.27955100
1.09985180
1.27541090
1.30802470
1.13397770
1.36929200
1.34143530
1.08217360
1.25346760
1.34172780
1.27837790
1.09202360
1.24141380
1.31333040
1.40087360
1.18432330
1.23204090
1.22012320
1.12690640
1.23481660
1.07894200
1.37507720
1.17402410
1.08235160
0.96952966
1.01817030
1.13426020
1.08470930
1.15526280
0.98660913
0.89639859
1.08946550
0.84355126
0.93571378
1.14577900
1.27008000
1.61639030
1.24609070
1.24565570
1.32428660
1.24255130
1.30012520
1.00408170
1.18204450
1.17989490
1.15115120
1.06266480
1.03007140
1.34598090
1.11666970
1.64413030
1.03970240
1.25163600
0.98143736
1.23047180
1.24899280
1.16071540
1.30430470
1.65563790
0.94811901
1.02917960
1.39449050
1.13337610
1.12776070
1.25584530
1.21643450
1.32032030
1.06378010
1.36030830
1.28214710
1.33432470
1.21557700
1.42663160
1.24312620
1.26773580
1.41727250
1.58100000
1.24642190
1.29461670
0.98994631
1.20418640
1.17797070
1.39554510
1.23982010
1.35749120
1.36270410
1.19448250
1.22832470
1.25317730
1.24092250
1.02613190
1.20288780
1.20402200
1.25473820
1.23064120
1.44559690
1.41419420
1.19400200
1.07772860
1.45946930
1.18538630
1.52852540
1.63851940
1.51705650
1.35192580
1.20185660
1.26246220
1.25187350
1.26150390
1.29930500
1.32465970
1.25045970
1.02846350
1.10783210
1.31232970
1.20204590
1.23858920
1.31078220
1.19114390
1.02615190
1.22422630
1.23926140
0.99769405
1.23002290
1.33317560
1.31553560
1.53319690
1.22333360
1.27016180
1.14544870
1.26772500
1.25046930
1.30890570
1.06912750
1.46925340
0.86189123
1.32051320
1.27523470
1.20425100
1.05648610
1.22753160
1.08771430
1.43804400
1.07314660
1.25192900
0.90882669
1.05281610
1.22897030
1.17634470
1.15770850
1.07814970
1.16023170
0.96883074
1.10090940
1.14844600
0.96501218
1.19578160
1.20145310
1.20624880
1.34589040
1.04680780
1.41444590
1.23901920
1.09122680
1.20277840
1.18047310
1.30997450
1.23520550
1.04884050
1.32278450
1.33311010
1.12073240
1.17634840
1.29254750
1.20509220
1.41838660
1.33512070
1.15984500
1.15402520
1.51067940
1.36125780
1.33957440
1.48098130
1.25406010
1.13781890
1.31757100
1.34638730
1.32473280
1.30735520
1.40617630
1.32707130
1.41174880
1.36188440
1.10733360
1.07016480
1.26920360
1.35769840
1.13444060
1.02169460
1.26540030
1.20460010
1.20644930
1.37246040
1.19729850
1.41677560
1.29604590
1.09872110
1.58686830
1.17822380
1.61665870
1.16498490
1.30791510
1.18497910
1.10825500
1.02667120
0.98442622
1.12716370
1.22346850
1.25708810
1.25726560
1.21597120
1.39086410
1.48537350
1.47458030
1.39592980
1.31607130
1.32019330
1.13789840
1.23715970
1.30951550
1.20735990
1.15962920
1.30887600
1.19883230
1.33255740
1.21055680
1.09900810
1.06448280
1.08824400
1.12903850
0.91559279
1.07170640
1.29322950
1.50696630
1.11798730
1.14015310
1.24378580
1.30183650
1.06744180
1.13429990
1.16373300
1.11506880
1.28852280
1.18391990
1.28819240
1.18996220
1.19391510
1.27796840
1.43069980
1.18014830
1.30642690
1.27034380
1.31002730
1.09979090
1.08978010
1.50364570
1.14279560
1.13886130
1.39105570
1.23243860
1.49773240
1.34260190
1.55317680
1.12567720
0.83145196
1.40603680
1.14268390
1.06813770
1.27446030
1.33447040
1.17301870
1.11215110
1.07642560
1.34258500
1.22368670
1.00615760
1.18140690
1.21518320
1.30471960
1.45354130
1.23311650
1.33699740
1.10581950
1.47825160
1.44409000
1.52911330
1.50931390
1.44376140
1.47120040
1.44083750
1.35425210
1.51307960
1.40403710
1.46657800
1.36427090
1.29685940
1.01923730
1.09464850
1.35016990
1.58925350
1.44747000
1.13605760
1.18912800
1.10628810
1.54269240
1.05121840
1.28303470
1.11811460
1.09286390
0.95132140
1.04317460
1.25108230
1.19540210
1.06102630
1.19406090
0.99969048
0.87609706
1.20951740
1.08096240
1.20782390
1.27112760
1.26946830
1.24536110
1.51599220
1.30456280
1.47137620
1.45975360
1.31442840
1.39289960
1.02856230
1.07457570
1.15463110
1.11820540
1.23028340
1.17138000
1.71289290
1.45769180
1.24183720
1.13630250
1.25418120
0.98016276
1.17602470
1.04647040
1.23402180
1.37419570
1.28195450
1.41477770
1.07507470
1.27351010
1.25723880
1.28489860
1.28681890
1.42976150
1.19547310
1.54235930
1.21405710
1.19944990
1.25761440
1.06887520
1.14747580
1.14914170
1.19752860
1.21430080
1.42192250
1.12372960
1.18765520
1.36211190
1.32398780
1.19261040
1.25411740
1.16300480
1.30852000
1.39117640
1.32033010
1.12869720
1.51604880
1.20873430
1.45683140
1.47021110
1.31819340
1.60570470
1.40870990
1.22637380
1.03720950
1.12248690
1.17072560
1.13140150
1.02470970
1.26214750
1.16838370
0.84807777
1.04247210
1.26866840
1.07931190
1.20586470
1.09975150
1.19340530
1.27392080
1.23870820
1.35086560
1.08140920
1.31737270
1.21180890
1.34649140
1.27373660
1.35437550
1.26101130
1.21580050
1.41059850
1.31746980
1.34869920
1.26689610
1.31494730
1.31647630
1.52181800
1.68965070
0.88989854
0.91211398
0.86469446
1.06193990
1.17883170
1.11650780
1.32591180
1.47487120
1.26629880
1.55268250
1.21090340
1.27158650
1.33312290
1.31991760
1.48331470
1.23930920
1.01811490
1.13330200
1.00562920
1.15842040
1.16735230
1.32841620
1.36729400
1.42050690
1.28049760
1.35192570
1.47347560
1.27623210
1.27393390
1.22855260
1.59051360
1.50249310
1.21142440
1.16577870
1.14792900
1.14379790
1.30861450
1.19864240
1.20248870
1.29981460
1.26684600
1.19953560
1.25010190
1.22186130
1.18060790
1.27778060
1.39441860
1.21178970
1.33105000
1.31514410
1.15365910
1.07267440
0.94746975
1.15308090
1.02345770
1.01644730
1.38869970
1.31704940
1.16160850
1.33730590
1.22164970
1.10207740
1.30665540
1.28492090
1.37859530
1.37690970
1.24372780
1.14348740
1.12895870
1.30637050
1.07798910
1.11921640
1.37626600
1.40577840
0.93621973
0.91550994
1.28109120
1.10799010
1.05684030
1.34050880
1.23624890
1.17903990
1.06119720
1.23199190
0.98373947
1.43664390
1.21062050
1.17914670
1.17706640
1.45422800
1.25694080
1.16533030
1.11440790
1.18687420
1.10806550
1.25434550
1.11281900
1.32305360
1.17197690
1.25116820
0.97123661
1.24243820
1.12563230
1.11026800
1.26206600
1.28459810
1.09354370
1.01976950
1.24601940
1.21280660
1.27546440
1.16936410
1.22090920
1.17046930
1.07267170
1.15398060
1.22559940
1.29537070
1.25677900
1.09259090
1.17152640
1.16636080
0.99798225
1.30078020
1.69074380
1.18856330
1.20664190
1.18605390
1.17412690
1.41349290
1.08475180
1.19218600
1.31060350
1.31050890
1.25029280
1.20490260
1.09050160
1.12513450
1.26205700
1.29962240
1.17046670
1.21402650
1.20215150
1.27382310
1.22622470
1.11152240
1.16979850
1.14333080
1.03323850
0.93839169
1.25991760
1.29966160
1.36289890
1.15558910
1.14285300
1.18912390
1.24671160
1.35862120
1.43704130
1.30365400
1.36098460
1.36606770
1.56857830
1.48482570
1.00431990
0.85450460
1.03840040
1.01635670
1.00253720
0.95705670
1.35557550
1.09483540
1.04076410
0.84393521
1.09545690
1.12121210
1.10248250
1.29366030
0.99967582
1.38572320
1.16507130
1.20618830
1.16901370
1.15418770
1.29480970
1.20379430
1.34879880
1.04413760
1.09872290
1.05392030
1.00368990
1.22837960
1.18564100
1.13027650
1.27390860
1.23751790
1.02124430
1.07797000
1.15389180
1.09005370
1.23989190
1.20818610
1.08868590
1.32666160
1.20569550
1.29022500
1.31688850
1.22066650
1.46572990
1.51155430
1.36570810
1.22550180
1.20072250
1.13573500
1.23321020
1.22581340
1.30192990
1.10455470
1.32506360
1.44744230
0.92223838
1.02353430
0.98936224
1.01413120
1.39332930
1.18155050
1.15478620
1.11975590
1.36333530
1.47537560
1.24203060
1.37501840
1.35672840
1.24807410
1.29004410
1.54557170
1.51394840
1.07091930
1.17497120
1.38699530
1.38941910
1.00849350
1.24120520
1.33277000
1.36738630
1.34581500
1.50511130
1.25617230
1.37693620
1.23868650
1.39334150
1.50878750
1.30648270
1.26289290
1.59885480
1.27573930
1.37046890
1.27793690
1.20688450
1.22532510
1.43103860
1.55398730
1.43603170
1.54569960
1.60770920
1.18349700
1.43320310
1.31981440
1.29994480
1.20574210
1.45496480
1.32991450
1.52901150
1.49040050
1.22468030
1.27680730
1.13317580
1.17712730
0.98534462
1.27218170
1.47397570
1.39497560
1.09129490
1.31982330
1.08378180
1.05201220
1.20054750
1.21015280
1.39013090
1.44430150
1.07390940
1.35245030
1.26754620
1.18231720
1.14349130
1.07053690
1.17304810
1.05823080
1.00265310
1.12523440
1.04810620
1.49885270
1.28328920
1.41964750
1.48171010
1.17730240
1.53531820
1.36464170
1.48902260
1.43751730
1.11911040
1.04818410
1.35612870
1.10448380
1.12284780
1.29474270
1.08441630
1.18414380
1.03952170
1.13820210
1.25940350
1.25136090
1.34330390
1.36672910
1.31255740
1.16602720
0.83786357
0.93724158
0.79239679
0.84156160
1.03929180
1.17157270
1.25170050
1.38414670
1.12974490
1.18851620
1.08002920
1.61316710
1.07435390
1.22065530
0.98682306
1.52573610
1.09345470
1.03838190
1.09576700
1.03936130
1.41463640
1.28655100
0.99131559
1.19254320
1.39119060
0.97092956
1.02890120
0.86929426
1.07608930
0.98048158
1.18600570
1.39399680
1.14236410
1.31859680
1.25170230
1.23767690
1.16802950
1.00351910
1.51751490
1.39828380
1.01473840
1.40712630
1.23408370
1.20581550
1.40330570
1.40664880
1.31036050
1.36605810
1.06398250
0.98881472
1.26389600
1.43762540
1.33385200
1.09621580
1.33600450
1.25187500
1.25154130
1.19302370
1.30407850
1.04821620
1.36265400
1.34805150
1.13974260
1.55814800
1.52941860
1.44505720
1.29551120
0.78089410
0.92068664
0.87609348
0.91745236
1.14459090
1.12180940
1.23534410
1.06173940
1.22010660
1.30448680
1.35243300
1.34196370
1.48756950
1.45105610
1.57602400
1.42708800
1.38436480
1.72995030
1.86425830
0.91331605
0.97476475
0.92695943
0.90956840
0.99127588
1.10801920
1.29584640
1.10046180
1.14409620
1.34200900
1.34326550
1.21845850
1.28098910
1.20829570
1.28718660
1.18425690
1.18871560
1.31982820
1.22370590
1.29879000
1.26124550
1.19070690
1.41204390
1.33541610
1.38232230
1.06319970
1.31236370
1.38558450
1.05096340
1.23341220
1.44258540
1.01378220
1.17693160
1.17378250
1.08855900
1.16146250
1.08632520
1.20340850
0.97521840
1.06641170
1.05333500
1.11199750
0.96877699
1.06778350
1.19488570
0.93586705
1.22924850
1.11374620
1.18583190
1.17214560
0.95648639
1.23982400
1.08491560
1.01781620
1.12568950
1.15356780
1.18723080
1.40382000
1.25323420
1.12322400
1.34086320
1.41043050
1.21412680
1.38830420
1.41200170
1.54451820
0.95836529
1.21149780
1.12212650
1.10051050
1.29763380
1.25584460
1.10588350
1.03263940
1.34211250
1.26805910
1.49292100
1.42056820
1.51094340
1.53595520
1.32881250
1.59541880
1.67103730
1.31906070
1.55751290
1.20340160
1.07514970
1.03054560
0.91105629
1.33522920
1.21206050
1.19971220
1.34360550
1.39732470
1.31502190
1.56475810
1.38267340
1.49006220
1.26669640
1.63193030
1.66557490
1.50011030
1.37565570
1.74574340
1.23297350
1.16052770
1.28260100
1.10675380
1.43672450
1.31388290
1.22103130
1.20245660
1.29059220
1.23684870
0.92702532
1.22300600
1.29483700
1.15415360
1.07579850
1.31438990
1.24212810
1.11907740
1.60186670
1.46069710
1.41295970
1.33761470
1.20941800
1.19402070
1.28191920
1.39090880
1.06514680
1.15576650
0.90410607
1.24052470
1.21664530
1.04931660
1.36090580
1.15518130
1.10322480
1.19920560
0.91753283
1.24710510
1.17242300
1.10579060
1.10249340
1.12644900
1.00606280
1.07137810
1.01154220
1.22497970
1.41754770
1.33515070
1.39822640
1.16987770
1.20224340
1.28271330
1.36164790
1.34449160
1.51146450
1.40790920
1.04428160
1.56827780
1.45795200
1.23210940
1.24591800
1.25231010
1.37341740
1.23019740
1.28244680
1.27378410
1.18831820
1.23136590
1.11229700
1.15728870
1.20324370
0.98064535
1.23370630
1.22737420
1.45834340
1.46664500
1.27358310
1.25151170
1.34833630
1.51335210
1.27819820
1.37046680
1.35254100
1.31731620
1.19086600
1.57213160
1.41148620
1.48044430
1.35699900
1.39886490
1.62644400
1.08565760
1.27966810
1.11930330
0.98751763
1.11157440
1.10743820
1.47685350
1.12618060
1.14193150
1.14404540
1.30851980
1.29762800
1.37309850
1.19394210
1.28780680
1.34051650
1.22127550
1.23802880
1.24875220
1.15713670
1.30280780
1.25309330
1.18244060
1.46615460
1.55454850
1.12468810
1.14152750
1.25350110
1.13552460
1.01911620
1.23325930
1.26002330
1.30525300
1.11572280
1.17392590
1.20091890
1.18934500
0.94355841
0.99346730
1.19865190
1.20646290
0.89911920
1.10029750
1.01830580
1.05584060
1.35411470
1.26380110
1.43993370
1.37679240
1.34886290
1.14313920
1.15319430
1.18169970
1.27004770
1.23998460
1.34336120
1.36554560
1.52801790
1.27363440
1.24542470
1.41652760
1.31963100
1.38100850
1.30356970
1.32860700
1.54919430
1.58347500
1.40076840
1.17068440
1.24679910
1.13124780
1.23477810
1.32140500
1.45210840
1.22904350
1.30410450
1.62283820
1.19172040
1.41642780
1.20068530
1.26077750
1.30674580
1.39819960
1.20147350
1.26449660
1.33876870
1.62400850
1.22238710
0.96500822
1.33557210
1.22321590
0.94775309
1.11442470
1.02353600
1.09628130
1.19885050
1.19979730
1.13870250
1.30965560
1.34757040
1.26653020
1.21166390
1.26161180
0.92880763
1.02301040
1.25992930
0.95575272
1.36795360
1.31757680
1.23199590
1.04624580
0.97996045
1.44193550
1.41241700
1.43083830
1.15460500
1.16991740
1.05888830
0.93850314
1.22512400
0.86879663
1.08562580
1.00748610
1.14984390
1.09634590
1.12293900
1.15335620
1.08983080
1.37843680
1.24821030
1.12393050
1.29516760
1.34092050
1.32558550
1.27187310
1.05168550
1.17046540
1.35847530
1.21040390
1.44871200
1.19480290
1.19622640
1.32036500
1.21646610
1.20231370
1.18405220
1.18409120
1.17594800
1.25364620
1.22581260
1.18672280
1.29113130
1.21934580
1.16426920
1.07649610
1.08653540
1.26431390
1.42630530
1.11341880
1.09931860
1.03811060
1.28774030
1.24415330
1.22317960
1.06096900
1.08345810
1.35445610
1.37139500
1.23739740
1.20351070
1.01687560
1.32676930
1.36606140
1.23382760
1.34181840
1.47953490
1.25435650
1.08892920
1.15014360
1.26881260
1.05451020
1.53100930
1.09549510
1.31187870
1.41451370
1.44842630
1.10907160
1.27239190
1.20370390
1.61129010
1.34374090
1.18743210
1.32125850
1.02345020
1.27329920
1.23373700
1.53751040
1.18055470
1.28402140
1.45864590
1.44362610
0.91250122
1.39649310
1.20642410
0.96689888
1.01516890
1.08909080
1.14926830
1.16384210
1.39333410
1.02719360
1.34732590
1.29235600
1.32346270
1.23096610
1.47916990
1.18206210
1.07735270
1.14338300
0.96707832
1.11272500
1.14006210
1.32169740
1.07355520
1.41879640
1.22785520
1.14591750
1.35928040
1.31274750
1.16107880
1.21137120
1.54098460
1.15582410
1.29921090
1.43543720
1.21886970
1.15648100
1.32644580
1.42895470
1.32285860
1.27994560
1.25561860
1.60132060
1.19672620
1.39620020
1.30690130
1.38332670
1.49202860
1.11049470
1.23430370
1.19527600
1.17310930
0.98314223
1.30147320
1.20958100
1.30628850
1.13258870
1.30192980
1.30029350
1.29852660
1.35293710
1.35309970
1.44993980
1.39064400
1.52430110
1.53591130
1.29375740
1.31808650
1.02882370
1.27840920
1.22837710
1.15801890
1.34531730
1.16537660
1.32186620
1.39801430
1.36810360
1.32274220
1.37263110
1.25860670
1.40395420
1.29138040
1.37305480
1.39409400
1.19621760
1.17129270
1.23959960
0.80764150
1.03490070
1.16344530
0.91540564
1.03503020
1.05572740
1.17965890
1.16932070
1.34519010
1.18520660
1.12050140
1.12581430
1.08052230
1.17232880
1.17462090
1.19382860
1.19323910
1.04735150
1.20936280
1.16817310
1.18820220
1.31340780
1.16768630
1.28831610
1.40169250
1.24934230
1.29235610
1.42622980
1.34111200
1.33921160
1.31546120
1.28910450
1.13743690
1.15113560
0.97287405
1.46290580
1.11001870
1.13215490
1.11412340
0.90691838
0.86589890
0.87611773
1.27426170
0.78857116
0.86949329
1.18864930
1.33021310
1.28839280
1.21217490
1.30280460
1.27213120
1.20092300
1.49331700
1.17409630
1.22202780
0.89513336
0.86462820
1.06522550
0.93621563
0.92254820
1.05725380
0.92936417
1.13102540
1.27778160
1.20100300
0.96370058
1.20647570
1.23342520
1.05423660
1.09087880
1.10979730
0.96835782
1.01378230
0.94237217
1.36375050
1.20427780
1.03895360
1.14157060
1.20563160
1.33800770
1.19214840
1.45124670
1.34635160
1.15153610
1.26984780
1.10653300
1.08177820
1.22142350
1.21248010
1.12794100
1.28383120
1.23703270
1.24368400
1.17051670
1.22522980
0.95470989
1.21937710
0.97289744
1.18891320
1.10139490
1.15663320
1.05749720
1.42668390
1.12287230
1.35399040
1.01775180
1.32089250
1.24686920
1.20379890
1.17812200
1.33551460
1.28178700
1.22029810
1.23572090
1.25057230
1.17259510
1.17080220
1.19035900
1.49896570
1.25707630
1.22835890
1.16321240
1.23430780
1.07705210
0.90666828
1.10420860
1.26211550
1.01406600
1.11476620
1.39521440
1.29868900
1.27384090
1.32671790
1.38975620
1.27441880
1.14411930
1.32053690
1.34902080
1.16489410
1.23962950
1.47000110
1.24503400
1.33143530
0.98907211
1.37002090
1.17986180
1.41336410
1.48818980
1.29410810
1.31887220
1.43553930
1.34653800
1.07465060
1.16518540
1.16918810
1.10498570
1.23242970
1.26554140
1.41228530
1.31748630
1.29107620
1.14810670
0.96862456
1.12895410
0.91259715
1.29689780
1.30194920
1.09089240
1.05308940
1.41330830
1.35297700
1.25964160
1.05170520
1.52390720
1.41289190
1.29288510
1.69359930
1.23651170
0.71955532
1.07112390
0.90647666
1.07685580
1.07476200
1.33308660
1.32293950
1.37286520
1.39155720
1.40525630
1.44214810
1.38680990
1.51535290
1.44428100
1.38232700
1.04167720
1.14429570
1.10036320
1.11511950
1.24869220
1.14307690
1.08436940
1.16340350
1.15338370
1.12312380
1.11523210
1.14623830
1.24560520
1.35570200
1.11762380
1.35725890
1.14875300
1.07371990
1.01085820
1.25580600
1.18547660
1.10740570
1.15434480
1.12234730
1.15274390
1.29205730
1.21288160
1.48240040
1.41560690
1.03884930
1.05284910
0.83049928
1.16172560
1.05649380
1.35985470
1.38342560
1.32033140
1.18182250
1.39589300
1.18449110
1.65710570
1.29067990
1.37035250
1.19455450
1.39681340
1.43920790
1.03045860
1.03264160
0.81541917
1.35201470
1.40096580
1.26134000
1.13842560
1.22603620
1.03854710
1.05409740
1.18177530
1.23287770
1.25329490
1.34578910
1.55795620
1.55638800
0.96772215
1.02451700
1.13117280
0.99525306
1.26929350
1.22657730
1.16468550
1.29768640
1.16887110
1.46445220
1.24888540
1.48324760
1.36297940
1.44246340
1.26707630
1.38060480
1.47173310
1.19924310
1.25089850
1.37065450
1.16010060
1.31201930
1.26657990
1.11437090
1.48098050
1.45511980
1.22897140
1.15947780
1.11502650
1.38604370
1.04404250
1.23735850
1.10150080
1.19108210
1.21861870
1.48465150
1.43075690
1.33024160
1.23579900
1.19643530
1.25513720
1.42722360
1.31783470
1.55063780
1.07721720
1.19114270
1.23711190
1.18633510
1.33469800
1.10121650
1.26066750
1.14981980
1.04578990
1.12848690
1.02472010
1.16024570
1.07050200
1.09890970
1.06745960
1.19978920
1.20125000
1.14750950
1.24633020
1.22375600
1.22228610
1.29899060
1.07298500
1.50354100
1.23118370
1.12945870
1.37693270
1.23702180
1.14099390
1.29300780
1.31898520
1.18352280
1.27834380
1.27729250
1.07065810
1.24404930
1.17281380
1.39984350
1.58971900
1.27995070
1.18948260
1.21659290
1.24749550
1.21368570
1.38731540
1.48569080
1.36998660
1.39867860
1.32693720
1.37543680
1.09092110
1.30447620
1.37336940
1.38414740
1.42942290
1.36718910
1.44433320
1.41139000
0.99341462
1.11996150
1.14103540
1.04693900
1.31855410
1.24237110
1.22519180
1.44008810
1.31721320
1.34917550
1.24842060
1.42863210
1.53572330
1.47141270
1.36308370
1.60473630
1.79116090
1.70205240
1.13084840
1.11379290
1.21140330
1.50005790
1.33763690
1.51308710
1.28098040
1.22511190
1.45375040
1.13814440
1.45298510
1.38310360
1.01411350
0.96448616
1.18755120
1.40051990
1.14267700
1.31638190
1.07150850
1.21884790
1.43214470
1.11528340
1.33514830
1.06948020
1.26018670
1.40410720
1.04816860
0.81170004
0.92581205
1.06351840
0.98298836
1.05976320
1.02356150
1.24423470
1.39055460
1.15726090
1.10028040
1.43092460
0.96424888
1.08611750
1.26128320
1.08556800
1.26434010
0.89984981
1.06009150
1.08687450
1.14764410
1.01025310
1.12506070
1.23509590
1.29157050
1.25258880
1.21049800
1.41175620
1.20735890
1.31172020
0.97282318
1.29487590
1.23999250
1.24394380
1.19169300
1.24370740
1.32879700
1.18697960
1.18384370
1.16805310
1.26229010
1.29149220
1.46186030
1.42698530
1.16044030
1.27287080
1.23246520
1.29289030
1.01047070
1.29166310
1.42396850
1.49844330
1.27441300
0.89017535
1.35940560
0.93727207
1.10454720
1.31946980
1.08704090
1.31398180
1.13988070
1.32405170
1.29327480
1.39748140
1.30999730
1.17021710
1.32274630
1.20333610
1.58230350
1.36765880
1.20591400
1.38588560
1.31271430
1.21368160
1.26906330
1.45234890
1.23374360
1.09962790
1.09151850
1.35174460
1.03318770
1.17579900
1.06694390
1.35898370
1.28927580
1.38051250
1.41234410
1.50261660
1.47667610
1.38684030
1.13845460
1.32277460
1.09652140
1.42839760
1.42098280
1.28446670
1.26864550
1.50313420
1.36714640
1.46852760
1.20751470
1.48467300
1.26278120
1.21932310
1.49518310
1.25393260
1.08400110
1.35239660
1.03138730
1.29693730
1.10365960
1.10344770
1.24645670
1.19339400
1.24364560
1.15887610
1.16604560
0.90868047
1.11855390
1.03457350
1.17910170
1.22259740
1.20651060
1.21685370
1.30908320
1.26731750
1.11596210
1.25234180
0.98059574
1.34595090
1.14902350
1.18419430
1.08906420
1.39512530
1.37237710
1.17263040
1.05044580
1.39608110
1.12734330
1.34230460
1.32894620
1.48212850
1.28204510
1.39479930
1.28518940
1.36927780
1.15264950
0.94555061
1.02515840
1.27318590
1.23446200
1.13463010
1.03961130
1.58557730
1.45129250
1.37498200
1.55568310
1.45966730
1.45282980
1.31275680
1.42887840
1.73146530
1.64325560
1.49834560
1.10533660
1.03107310
1.24706820
1.14660540
1.14709440
1.01384440
1.20346420
1.00281410
1.12178530
1.11153730
1.15777200
1.28665770
1.22061610
0.98937188
0.97947118
1.26054490
1.39428440
1.13014140
1.36127610
1.37499690
1.24532980
1.28304590
1.45839060
1.31590280
1.22165160
1.15710900
1.34055370
1.48131800
1.45138950
1.46840740
1.53223160
1.19896600
1.11788480
1.18119440
1.48474850
1.26898270
1.04691050
1.35679600
1.46508900
1.33332360
1.10630140
1.17521480
1.29472850
1.08149790
1.01638080
1.13338400
1.23241680
1.07081790
0.94746845
1.05552500
1.08171080
1.33077550
1.09513000
1.16206460
1.05043720
1.49421310
1.39308850
1.38112210
1.44891060
1.35742720
1.47346080
1.44477370
1.61660710
1.54985700
1.75584410
1.19568650
0.91894880
1.08890420
1.20625950
1.09347390
1.23204880
1.38472760
1.27389270
0.98518859
1.19379110
1.30575750
1.19335940
1.22428210
1.17300480
1.14077690
0.91479499
1.03511470
1.06179540
0.98047951
0.90370090
1.22791500
1.09658310
1.03726020
1.12069880
0.87378923
1.26534740
0.98896841
1.42252370
1.29911950
1.22417810
1.13440670
1.13322000
1.17037680
1.11873530
1.25359520
1.13479400
1.38417100
1.18958120
1.42588750
1.40745970
1.24249720
1.41929090
1.37078440
1.59046820
1.58783370
1.32967420
1.14121280
1.18784300
1.29188420
1.44332130
1.37975960
1.26666720
1.39885190
1.55848150
1.40597130
1.25294310
1.11315880
1.12854520
1.29566380
1.41733250
1.32734790
1.53024550
1.45411690
1.25965280
1.18959840
1.30814280
1.28337550
1.25064090
1.37721370
1.24263020
1.22431090
1.45414490
1.16461150
1.13470240
1.05035690
1.28990620
1.25077840
1.20998330
1.22448100
1.03878720
1.12107740
1.00635510
1.09790950
1.32038430
1.25925940
1.27809350
0.94333479
0.89644874
0.97187875
1.06965130
0.89735338
1.08830790
1.18247170
0.98350661
1.29756000
1.14521140
1.05744370
1.08987150
1.21497850
1.65728320
1.33020400
1.22029060
1.24911610
1.22703920
1.22537060
1.57383790
1.19148710
1.33809020
1.48966410
1.14780840
1.31014520
1.02542860
1.00947240
1.02949310
0.92146286
1.30929430
1.00923170
1.34180260
1.18384920
1.23348140
1.19262400
1.16501740
1.28208860
1.16407490
1.50697440
1.41836500
1.50270720
1.27063270
1.07711820
1.14202080
1.29971280
1.09918810
1.03905620
1.11396800
1.34625410
1.12874090
1.12050980
1.31807010
1.30090870
1.28898560
1.25464510
1.23097530
1.54615250
1.18888200
1.32517070
1.28138660
0.90756554
0.73715576
0.83225556
0.96127514
1.00908550
0.83041048
0.92988084
1.00203720
1.20741240
1.22615760
1.03900050
1.38196380
0.96313023
1.33479660
0.99481806
1.42880420
1.51578030
1.31832950
1.32366810
1.19884690
1.16732680
1.18184900
1.27039310
1.39487030
1.31920960
1.31192110
1.15158210
1.17147760
1.38142940
1.41127710
1.39587420
1.16421940
1.10172800
1.07442450
1.08654010
1.05743260
1.02777570
1.27360640
1.21688870
1.33291450
1.27210080
1.39388520
1.34959510
1.43402070
1.17666110
1.22015180
1.24853380
1.21262020
1.27269490
1.00443680
1.06643200
0.98831330
1.28423250
1.33426860
1.29389210
1.24126820
1.41183220
1.22230100
1.31189140
1.23731770
1.26645210
1.48638610
1.06540930
1.10037870
1.01423340
1.14949230
1.23670360
1.16807860
1.01320990
0.88259316
1.13893410
0.94462110
1.09464350
1.29681770
1.46837210
1.28131590
1.15359070
1.26714950
1.17944520
1.14001870
1.42693270
1.36483280
1.30840870
1.22850730
1.06548740
1.35949410
1.33807710
1.39092660
1.33797700
1.20357530
1.54165900
1.41378480
1.48203080
1.50010130
1.21039350
1.30988550
1.06290240
1.24861010
1.49700830
1.06171850
1.17525420
0.96400818
0.95919215
1.34141170
1.17943720
1.16361130
1.46529570
1.30856530
1.40529950
1.27777400
1.22044110
1.65999090
1.47042230
1.69388660
1.20870570
0.96997042
1.16357920
1.24142870
1.23902280
1.42444390
1.32786530
1.29269710
1.27949890
1.24748640
1.11333600
1.08306450
1.19579580
0.99355625
1.46993280
1.28903660
1.14195240
1.16022930
1.09271440
1.23667640
1.13429010
1.03315430
0.99363845
1.09604040
1.38474920
1.25588150
1.15599210
1.09672830
1.27682550
1.21120190
1.12737550
1.30021900
1.16960960
1.41579670
1.20371690
1.22959210
1.32007820
1.15764850
1.25526400
1.20747170
1.30845150
1.46643230
1.43958330
1.61749680
1.46467250
1.39638720
1.31653630
1.00731190
1.23296470
0.98756056
1.18509570
1.17514930
1.29503160
1.24973670
1.24811820
1.19728730
1.09182140
1.28251090
1.28349080
1.40711760
1.17664440
1.20705240
1.29215650
0.82586616
1.25685520
0.97724551
1.03891060
1.02709770
0.99788729
0.93097042
1.12154760
1.45553340
1.21882910
1.26964300
1.26603110
1.54379630
1.38620150
1.62934850
1.48156460
1.29070750
1.53858330
1.44430240
1.54828610
0.86421276
0.93221798
0.98112396
0.94845855
0.85804333
0.92739637
0.94340375
0.91547578
1.19411450
1.24727780
1.03250830
1.27526520
0.95751364
1.16826330
1.07225050
1.28172060
1.16534330
0.86017291
1.15810610
0.94185459
1.09514420
0.99916679
1.47067860
1.48341760
1.28665310
1.19304490
1.47354000
1.34200350
1.29462150
1.59940120
1.60695320
1.38093990
1.02843420
1.01111180
1.33849790
1.37091490
1.17310320
1.18859420
0.96486984
1.30983020
0.95441895
1.29962880
0.95765468
1.23804970
1.02229580
0.91898256
0.88246987
1.16264390
1.21516750
1.11632430
1.03023340
0.92766738
1.01087400
1.41931010
1.28837690
1.35656740
1.36074690
1.34196570
1.47938060
1.42926560
1.50647090
1.38214410
1.25681010
1.18820610
1.29577520
1.28225930
1.26018880
1.12360900
1.28969510
1.23540970
1.34951990
1.18148260
1.25146280
1.23272580
1.34775190
1.48883450
0.87090673
1.21600750
1.03708250
1.18600380
0.93939084
0.88781531
1.14123290
1.50643430
1.43390270
1.41938670
1.49645400
1.21510260
1.34229610
1.34912760
1.18641810
1.30443420
1.33691410
1.32355850
1.36536690
1.38335240
1.43025620
1.53786230
1.26557450
1.40884410
1.03196120
1.18643450
1.36254600
1.35392350
1.11163280
1.17410930
0.86819310
1.22416560
1.28870490
0.94764999
1.17259460
1.32239180
1.41051710
1.36610330
1.19381620
1.31649910
1.48849220
1.21567860
1.27871380
1.18568820
1.56447670
1.34542300
1.67036850
1.47986900
1.19344390
1.21139770
1.17943900
1.21819340
1.41449780
1.50121540
1.35300290
1.38038760
1.40383080
1.32065470
1.53637320
1.08800780
1.30687740
1.43482100
1.19348340
1.10782400
1.47780090
1.17826200
1.27217880
1.47115210
1.10813300
1.25922210
1.13152780
0.98325003
1.35371700
1.35643440
1.27396580
1.25536640
1.18951260
1.25351310
1.14072660
1.14500660
1.20374530
1.36782180
1.08383440
1.16973020
1.25665300
1.17200980
1.14209350
1.26791620
1.26331000
1.27430850
1.41442030
1.18990700
1.18821650
1.46693720
1.45780370
1.54174960
1.49038560
1.30784540
1.62766350
1.40011520
1.07127730
1.32342830
1.60599740
1.30955360
1.02997360
1.28507080
1.26836860
1.44381640
1.21330400
1.11217030
1.10989000
1.25205130
1.20582520
1.27597190
1.14215570
1.28410890
1.39103400
1.02045660
0.83069223
0.99517382
1.09398390
1.06180440
1.33512950
1.26848970
1.25737660
1.35198890
1.34709700
1.28387440
1.29242660
1.45766190
1.35001980
1.82843990
1.16095460
1.35237790
0.92505495
0.95432664
1.31522500
1.39531670
1.37214930
1.31511060
1.43372530
1.18633690
1.12492590
1.22750940
1.21308820
1.48786990
1.43040990
1.21286480
1.23064280
1.07952660
1.18170860
1.06201550
1.05963210
1.13285550
1.31621120
0.97486675
1.07885010
1.24275000
1.15445460
1.45232210
1.32496750
1.21465030
1.39853530
1.29596070
1.39534510
1.44840750
1.38891660
1.45618520
1.51319380
1.64551160
1.45098730
1.54077450
1.66480020
1.00106890
0.99244164
0.94329353
1.02718170
1.08280990
1.08166730
1.02557530
1.05295930
1.17448270
1.05987900
1.10335470
1.08036100
1.12260660
1.09965630
1.14087600
1.05553540
1.32730070
1.37177390
1.22446990
1.25242160
1.15311140
1.24506050
1.33512270
1.40786500
1.18513980
1.28988840
1.15062740
1.20808100
1.12333020
1.05796340
1.12570670
1.07000730
1.34482040
1.32971320
1.33221780
1.27977380
1.21552190
1.14282110
1.09578450
1.22183500
1.13412480
1.26164650
1.32162510
1.33386140
1.31099010
1.51964140
1.39198440
1.35543170
1.52580620
1.41837000
1.34266990
1.37247930
1.19152270
1.45349290
1.42169750
1.34706220
1.52612540
1.45863650
1.32971380
1.42397470
1.56522340
1.66055360
1.26707810
1.11077580
1.25437570
1.25889250
0.98950539
1.08525870
1.28110380
1.10960890
1.10409560
0.90528022
1.09577360
1.08141810
1.16150410
1.01645530
1.09799310
1.03976560
1.13226300
1.28733740
1.45700010
1.39572990
1.43089450
1.27044140
1.32123770
1.35469640
1.24372640
0.92372983
1.31686810
1.23209750
1.38761060
1.22729300
1.12075270
1.27277820
1.25418880
1.18463430
1.31612190
1.22121690
0.99774813
1.20174820
1.05088160
1.35917030
1.03797730
1.37435170
1.18262280
1.07510530
1.23995960
1.31454180
1.11104010
1.26829740
1.25545520
1.16045240
1.17555200
1.12575720
1.20931550
1.24861660
1.30155410
1.27802040
1.55008930
1.36448970
1.36265560
1.35654790
1.48373020
1.48248940
1.24970000
1.09208940
1.26275920
1.14531960
0.95850410
1.13509660
1.23882080
1.08608110
1.22815950
1.22327890
1.20902920
1.29346900
0.98592652
1.27269250
1.42422700
1.29085500
0.96131831
1.42122080
1.28789120
1.28148480
1.01439520
1.28897440
1.16493980
1.38398330
1.25997880
1.31124530
1.53558160
1.10264700
1.39458510
1.32977290
1.48061910
1.39669280
1.33143990
1.35312620
1.39501430
1.50525570
1.33891450
1.41357640
1.42367170
1.28678200
1.20329340
1.18411060
1.03890360
1.20820890
1.09899010
1.26474120
1.24406880
1.20998350
1.16360100
1.37157300
1.25166990
1.17476070
1.14745330
1.41877090
1.56800860
1.39463470
1.40331990
0.98355669
0.98292904
1.15705300
1.28977070
0.87560314
1.22629640
1.12403780
1.14835710
1.54576620
1.30780600
1.20551070
1.50568810
1.31462510
1.34811650
1.21740070
1.55538290
1.22646560
1.15163160
1.24416690
1.10132100
1.18081790
1.28051370
1.24524280
1.25561600
1.12688430
1.17627030
1.03008170
1.15346700
1.12713580
1.35917870
1.32866580
1.07202630
1.28262590
1.26446730
1.17672410
1.23583220
1.37171770
1.12249090
1.13781320
1.35747700
1.36374480
1.10656350
1.06125710
1.18550230
1.33441570
1.34659080
0.91250296
1.07991550
1.08916410
0.98749590
1.19033300
1.09171940
1.12093160
1.21587150
1.36935450
1.27890730
1.19617700
1.61599680
0.98650297
1.17864080
1.40961140
1.19074890
0.89603826
1.29283610
1.38506930
1.20054500
0.99439675
0.97178444
1.22354690
1.21283210
1.31896770
1.44691150
1.27458010
1.65173050
1.03948630
1.24895790
1.35427100
1.14042170
1.38711180
1.47470770
1.29055430
1.27817870
1.33962250
1.08698270
1.02392610
1.04693990
1.20167670
1.03383950
1.04665960
1.14790390
1.43331760
1.12044870
1.24404920
1.01902410
1.08964030
1.34638100
1.05453820
1.16550820
1.22541290
1.15875630
1.15117350
1.24030300
1.03583910
1.26204080
1.27185640
1.29980530
1.31189830
1.33943320
1.45338820
1.12512200
1.18132260
1.14004060
1.23470440
1.36198250
1.14747320
1.24141690
1.20375580
1.30161160
1.18367430
1.34898940
1.32805270
1.06792310
1.10227650
1.14467420
1.22785290
1.02441580
1.16162190
1.36866740
1.12888330
1.33224790
1.28291650
1.40884350
1.19691930
1.42022940
1.25067020
1.41850410
1.58777090
1.01481610
1.33422960
1.08221580
1.21111130
1.05613510
1.11982770
1.03017990
1.05359150
1.26152380
1.11355980
1.30905990
1.25275370
1.22078700
1.07054480
1.32232950
1.22705630
1.11575300
1.24198550
1.12790140
1.10826730
1.25984550
1.04117280
1.09843520
1.05082690
1.03366380
1.30339580
1.31274130
1.18642330
1.36439620
1.23592960
1.29159700
1.41487680
1.56546240
1.40781060
1.24466580
1.17320920
1.27187130
1.27439070
1.43478960
1.03942040
1.13782360
1.20751560
0.94634594
1.14932250
1.20723970
1.17626770
1.08355870
1.14302050
1.26542660
1.40387800
0.90014909
1.30663650
1.19428890
0.89926463
1.30750910
1.47247620
1.13602500
1.22151250
1.34783140
1.30822090
1.22423150
1.20134010
1.03152500
1.28561560
1.26077880
1.43258700
1.38733090
1.40947760
1.36490860
1.29040920
1.62479920
1.38527490
1.38548180
1.32074250
1.34089190
1.32741720
1.13464520
1.20838650
0.95754707
1.33448470
1.21178300
1.30181870
1.07259480
0.88233658
1.22666160
1.16931560
1.07529540
0.98559091
1.43424380
1.22287750
1.31962250
1.44279300
1.54557840
1.14722130
1.10236610
1.17583170
1.35617330
1.37771290
1.41215010
1.28587070
1.25765060
1.53989920
1.12263210
1.39960460
1.57685050
1.30859720
1.37410920
1.44045200
1.23481330
1.14837870
1.27800530
1.13053010
1.45248720
1.23086960
1.44204370
1.20562950
1.43784660
1.35633380
1.53125810
1.32148090
1.07921110
1.30194250
1.17424360
1.32888520
1.40633510
1.14437430
0.85993667
1.18684490
1.17149560
1.21516960
1.07502790
1.20296160
1.27388950
1.06294130
1.50359310
1.37811030
1.30937280
1.26184630
1.16164080
1.31938240
1.10005580
1.01898850
1.16507510
1.35332230
1.08528440
1.34730190
1.24314400
1.40461710
1.39180670
1.31646560
1.08088640
1.32703190
1.40231400
1.38826530
1.35839440
1.57165210
1.08504480
1.16285240
1.24765980
1.13745990
1.30096950
1.14081570
1.19659540
1.18355900
1.42884440
1.38072470
1.32426280
1.21162730
0.96589509
1.37214080
1.43435020
1.37759090
1.19908390
0.98555659
1.09747500
1.19044660
1.07140970
1.13742550
1.11552320
1.20890360
1.15290350
1.28648010
1.06698160
1.05588260
1.01963580
1.07690070
0.84206691
1.01515190
1.09570440
1.27983140
1.15170780
1.16732010
1.16485570
1.03246360
1.13535590
1.17058290
1.27037210
1.15765110
1.40129310
1.24857250
1.27413640
1.44664760
1.03427010
1.12572820
1.15973200
1.11934700
1.47274290
1.33217810
1.20284860
1.08609020
1.12231190
1.24538650
0.89832955
1.13719880
1.46597280
1.21127080
1.41964650
1.24703500
1.33356470
1.03226980
1.10894370
1.41091500
0.94153247
1.15803420
1.09851870
1.24261990
1.08166650
1.18860540
1.17598970
1.17641740
1.15204310
1.13739020
1.27856070
1.21426450
1.21929360
0.95718944
1.05722790
1.07428980
1.19703640
1.04287720
1.06632210
1.08549780
1.11616280
1.13445600
1.13771470
1.31992890
1.27314930
1.29473550
1.38349360
1.20746020
1.37789170
1.33466680
1.28722410
1.29890290
1.21667980
1.30867870
1.36778050
1.27144870
1.32854750
1.18891720
1.41601060
1.53264120
0.79959260
0.87653589
0.98424633
1.03105120
1.18412820
1.16173330
1.08288500
0.94073064
1.25136420
1.25910620
1.15618300
1.03970540
1.08043970
1.22078420
1.24031340
1.29541820
1.63493360
1.42182940
1.36457800
1.56006560
1.39663270
1.35607800
1.15180140
1.16255550
0.93001885
1.12189310
1.19284700
1.16634170
1.41392480
0.95013109
1.27633810
0.90421853
1.11223990
1.13984330
0.97706605
1.08907670
1.23527410
1.30001660
1.09777960
1.22681760
1.28855230
1.16443570
1.21471630
1.37167370
1.57988780
1.23259600
1.18607330
1.09728650
1.26552040
0.97789525
1.03711440
1.04912550
1.11712510
1.18012820
1.01992410
1.10742970
1.07477460
1.13586760
1.13904320
1.35629360
1.31086190
1.13508380
1.09687730
1.28147440
1.31231810
1.13217850
1.41812540
1.38515220
1.10093190
1.24489210
1.16029270
1.17072340
1.14372670
1.29261850
1.43776300
1.52712560
1.18721830
1.22026920
1.48181330
1.28941390
1.19045320
1.26678570
1.20990590
1.37568830
1.36533700
1.20891880
1.20038160
1.41320800
1.18969230
1.10638730
1.07706010
1.19193170
1.31283070
1.13116840
0.95136008
1.17035660
1.21467000
1.10345100
1.04682960
0.90475859
1.04691350
1.26974900
1.13511390
1.14906530
1.13255180
1.17369200
1.14077810
1.24975320
1.05183470
1.07310790
1.20670620
1.13976770
1.17697690
1.25404840
1.29852100
1.01989090
1.36102580
1.30639660
1.37777310
1.37879480
1.31229330
1.33146650
1.25800850
1.35645340
1.18447330
0.96176695
0.87657477
0.93595523
1.11668140
0.99555862
1.25182910
1.15439180
1.16973460
1.38611670
1.09470010
1.16002510
1.17513600
1.36720280
1.34650250
1.17109560
1.34712820
1.36012560
1.09796770
1.24331030
1.10892410
1.19926290
1.10776530
1.11923650
1.40758390
1.06906760
1.36945410
1.15770610
1.31771780
1.03465490
1.24269110
1.24300690
1.35467710
1.26103270
1.20729160
1.37799380
1.41609070
1.06359630
1.26447910
1.23526630
1.38086360
1.14326710
1.00005700
1.24577670
1.11640160
1.09737420
1.34531480
1.22117210
1.26032560
1.01126240
1.28039680
1.28379210
1.27978040
1.17439250
1.13565740
1.24832730
1.15735010
1.00112790
1.15650350
1.26507820
1.22561340
1.20306870
1.11868560
1.13330310
1.42117400
1.32978630
1.31844350
1.28888850
1.30361700
1.12863530
1.14143400
1.46022990
1.55093660
1.30829960
1.30058580
1.39385070
1.48107390
1.28489900
1.50821290
1.40836170
1.43731000
1.35296520
1.46914330
1.29138180
0.96565528
1.00668320
0.99054736
0.89246545
0.96852614
1.21184060
1.01580540
1.06239280
1.21473290
1.12386430
1.21684980
1.15463380
1.47240200
1.23478430
0.98932989
1.51672580
1.31509470
1.50673160
1.26878130
1.23011860
1.38575820
1.44321420
1.36585760
1.29649620
1.23863260
1.18853880
1.25225910
1.51926520
1.57947210
1.21295770
1.23139010
1.21681560
1.26488590
1.49597070
1.36593350
1.11990830
1.44573550
1.45679960
1.02842850
1.26561180
1.12607600
1.14006540
1.14520200
0.88579812
1.09986610
1.15850220
1.06254400
1.12823910
1.17877050
0.86234858
1.01085690
1.20376250
1.17040250
1.28742330
1.13344150
1.24680030
1.25979030
1.16864000
1.41062780
1.30465280
1.21417310
1.54801920
1.22712380
1.10473740
1.15963840
1.34518080
1.32371130
1.25495690
1.55064520
1.43031080
1.29407670
0.98061238
1.02260380
1.17579780
1.40152810
1.16246280
1.15381250
1.25855370
1.19191860
1.09823970
1.25993310
1.34659380
1.39492240
1.30742710
1.28995950
1.32423860
1.49747150
1.35926830
1.42014110
1.39151690
1.22363890
0.96698232
1.09812280
1.17539440
1.07576590
1.12509300
1.03021360
1.19359060
1.33953430
1.21828160
1.27138260
1.49321480
1.31149490
1.12096160
1.21327470
1.29366300
1.29945010
1.43514550
1.09171970
1.36070390
1.25143650
1.01542100
1.26507340
1.30473120
1.15887970
1.24896590
1.30596780
1.08494430
0.96778984
1.07518790
1.05776500
1.21905190
1.26618330
1.22398610
1.03206790
1.48082810
1.22268070
1.29233340
1.37682390
1.36397470
1.22410280
1.32155820
1.41013060
1.50402770
1.25889810
1.19970470
1.32154900
1.34916070
1.21427630
1.27986860
1.57190500
1.37433690
1.67799830
1.39736080
1.19419590
0.78638690
1.00528370
0.90095916
1.03499810
0.96828992
1.39910090
1.04383850
0.97336569
0.97839858
1.15000710
1.06755170
1.13949450
1.11082570
1.06398090
1.20812540
1.23585990
1.33609710
1.30474800
1.06796680
1.21123640
1.19280330
1.44638350
1.53598140
1.62806210
1.46066360
1.34362920
1.43152720
1.42832980
1.59916150
1.38981430
1.52096900
0.82569721
1.11312270
0.96006990
1.16072250
1.03583200
1.37908440
0.93063223
1.12715850
1.35355710
1.12824330
1.25885830
1.26507180
1.19261750
1.47665530
1.39536990
1.15166050
1.06498830
1.45564410
1.51008270
1.34181750
1.16666300
1.08398900
1.26078890
1.03708780
1.28659260
1.22320190
1.05223030
1.12136020
1.28482990
1.03331530
1.23941360
0.97879295
0.98413295
0.97522094
1.23171020
1.21731330
1.22688820
1.30938350
1.20200770
1.26082220
1.31450780
1.10018850
1.21358730
1.41185930
1.11588550
1.22498990
1.16193980
1.12349930
1.14891560
1.21004540
1.15959560
1.49535750
1.50720460
1.35399910
1.55630820
1.39813550
1.35831330
1.58562310
1.39413180
1.34757530
1.32055830
1.29463720
1.42136920
1.04862150
0.90002371
1.00560530
0.88628704
1.32461350
1.05497210
1.23433190
1.05738610
1.23295400
1.13062280
1.31604920
1.22974880
1.10544770
1.34339280
1.19722940
1.40336990
1.39992320
1.56938620
1.19765170
1.18450860
1.30340730
1.25310000
1.49305990
1.19835730
1.29413870
1.58988990
0.91530391
1.12987510
0.91313257
1.11005780
1.18863760
0.91229570
0.89618409
1.19913640
1.09398760
1.16611240
1.02281370
1.08716880
1.16736200
1.05567130
1.29945380
1.27881290
1.17114690
1.11796500
1.35381230
1.01273310
1.22800170
1.08750880
1.35751300
1.17892760
1.38293400
1.36830220
1.64962080
1.28900790
1.31749180
1.55031830
1.16897700
1.34852270
1.49155350
1.34805140
1.44182310
1.30715180
1.29444150
1.47377140
1.41332930
1.41660140
1.34211230
0.97263352
0.88521461
1.12195740
0.91520099
1.05490940
1.03712470
