0.97736485
1.04067830
0.97149977
0.89276090
0.95176686
0.99759090
0.98430634
0.92867732
0.98650977
0.96800152
0.92808081
1.00389000
0.97410071
0.88418837
0.98155323
1.14424040
1.05911080
1.21020030
1.01691590
0.96088080
1.00209070
1.22134480
1.12589410
0.90613165
1.01333650
0.97058637
1.06183800
1.12058030
1.01391900
1.02848550
1.10864150
1.15490090
1.17904090
0.98141838
0.95673867
0.98808085
1.11900600
0.98751385
0.89421634
0.87307048
0.94604702
0.87955354
0.88679638
0.90483281
0.90011450
1.13435190
1.10690610
0.89788315
0.85317701
0.90692068
0.84432322
1.06559670
1.05720890
0.96528652
1.14915840
0.98510542
0.84739983
0.85484758
0.86690316
0.88589104
0.85883595
0.86766070
0.85062606
0.87836555
0.92443367
0.97074022
1.03090870
0.91574205
0.86300971
0.96696804
0.91836469
1.04328640
0.90610558
0.98831513
1.02080980
0.97769320
1.04053520
0.90904354
1.05705840
0.82478830
0.95187422
0.96402912
0.94977159
0.89910058
0.92700161
0.88349814
0.99232973
0.87920834
0.95584530
0.88614467
0.92194204
1.05746370
1.09156790
1.20542520
1.24139110
1.05842930
1.21254160
1.20060590
0.94128289
0.83098233
0.86956804
0.91695369
0.99531218
1.10735650
0.84852252
0.93244261
0.90820031
0.88876604
0.87018286
0.99527606
0.85346928
1.04854360
1.01822530
1.17166120
1.04948930
0.88269405
0.93114399
1.04351940
1.06832150
1.03667120
1.04997320
0.88345799
0.93062805
1.07430450
1.15968150
1.00539090
1.08766340
0.96239593
1.03105210
1.04497900
1.12724730
1.07905260
0.98150628
0.99374259
1.01635260
1.05145840
0.96163644
0.77824224
1.17312600
1.25747080
1.19489550
1.23624870
0.96566072
1.04919060
1.13925530
1.09526040
1.01297300
0.99085064
0.97501597
1.07172930
0.88745905
1.15788050
1.28253780
1.24833550
0.89035892
0.90686750
0.93836151
0.97514259
1.03232820
1.14524470
1.02377650
0.87805903
0.98286150
0.96227468
0.86318116
0.95593812
0.83110717
0.80937181
1.03979050
1.10746140
1.04755760
1.16923060
1.08720750
1.10139100
0.80422594
1.07946770
1.10985120
0.87056096
1.14050550
0.96459979
1.05570300
0.93204040
1.02574350
0.98397604
1.15809590
1.15459910
1.18192650
1.22727770
0.99325494
1.09328390
1.18688340
1.04960430
1.16397950
0.93688864
0.83648613
1.06940830
1.10716140
0.80047941
1.07772460
1.08436340
1.14190240
0.98852620
1.07137010
0.89584801
0.89228526
0.96318512
1.11702590
1.13988680
1.24959240
0.98504391
1.14160700
1.14740130
1.06039720
1.26765390
1.27202450
1.24277610
1.13858350
1.20990970
0.90535853
1.14093200
1.28386970
1.30069290
1.29980270
0.92204709
1.00431380
1.02855820
1.06067080
1.04105160
0.92406944
0.93488235
1.00577250
1.07009070
1.34334530
1.30037590
1.46906640
1.35615180
0.79906213
0.96063785
1.03675380
0.93689446
1.05600850
1.08309870
1.11794910
1.13230970
1.07442660
0.85739155
1.17209480
1.16935220
1.37184290
1.33354550
0.93569623
1.10603210
1.25617080
1.19901160
1.31480120
0.94956797
1.16750830
1.11558360
1.24602300
1.01427860
1.16292120
1.22641980
1.09506840
0.79197326
0.85594070
0.94310563
0.89063058
1.01209920
1.09146930
1.10588360
1.10368630
1.03965790
1.15580820
1.00318510
1.04068620
1.15046930
0.99221522
1.05669670
1.21396730
1.19340650
1.17587700
0.98567058
1.02082980
0.84148956
1.24712340
1.18152340
1.27584180
1.43337110
1.31293980
1.09035900
1.02752470
1.06042350
1.00479800
1.09978910
1.18407390
1.14718290
1.12828160
1.16926280
1.20616280
0.83248218
1.15686310
0.99144584
1.11459330
0.94489457
0.93825424
1.00391390
1.02415930
0.98443454
1.02146780
0.93971689
0.97132787
1.03771660
0.95158113
0.99345539
0.82912570
1.33236330
1.20565350
1.22419690
0.95813693
1.08456410
0.81074206
1.07863110
0.92823971
1.06231840
1.00105630
0.96923388
1.00897500
1.01325080
0.83867345
0.95895243
1.05943960
1.13373770
1.02875700
0.83569922
0.91143409
0.98668911
1.25439460
1.37181690
1.29967560
1.32086350
1.34071290
1.09777010
1.13585270
1.12128380
1.02249890
0.98257384
1.17495430
1.29891400
1.33161570
1.18581160
0.83897032
1.03172230
1.11341830
1.08746030
1.00731110
1.06130800
1.31984390
1.39551190
1.36638320
1.39580590
1.48644770
0.77371292
1.05241690
1.18463650
1.17063730
1.03510520
1.11707740
1.06448690
0.87295321
1.05764880
0.88437409
0.98385997
1.22115380
1.22202180
1.20499100
1.37894240
0.99295709
0.96740106
1.18026120
1.20047260
1.19006910
0.79682205
0.94795099
0.90427673
0.90561507
0.97849647
1.04577510
1.16604470
1.04515100
1.12107290
1.09876970
1.14498060
1.16626340
1.34757110
1.15487800
1.14141470
0.88765776
1.11003440
1.21282710
0.94917982
1.18472870
1.26361210
1.17667080
1.34830910
1.17704420
1.33263340
1.00918140
1.17811460
1.35382770
1.11096240
1.31175220
1.28183710
0.92115810
1.13192490
0.98211936
0.90980940
0.99114482
1.18739230
1.07117480
1.33266660
0.95119489
0.86679907
0.96386175
1.18160260
1.19942020
1.18669690
1.36470300
0.97584638
0.92638013
1.04014990
1.07064300
1.22279600
1.14823790
1.17822050
1.00656710
1.03119290
0.95675555
1.18147680
1.09831210
1.08480150
1.22147370
1.21004920
1.18094550
1.10571280
0.90751526
1.08484800
1.21784600
1.18978230
0.99450674
1.06402170
1.27721380
0.90549213
1.26619880
1.06000280
1.15585990
1.18845720
0.93550062
1.12678360
1.20513030
1.09134330
1.28458050
1.14840260
1.13050750
1.30224900
1.30109820
1.24869500
1.40789980
1.27615620
1.15392090
1.21072950
1.00268700
1.08126660
0.99501771
1.01925650
1.15083580
0.96061157
0.95747191
1.00746570
1.11417050
1.05531860
1.12419110
0.98119253
1.00122960
1.06846660
1.03039510
0.87512453
0.90599898
1.05540030
1.02235100
0.90190430
0.97821811
0.95139725
0.86611186
1.04534740
1.08211540
1.06639390
1.11852410
0.91239380
1.04769320
1.00188750
1.15124940
1.10643200
1.18470230
1.25217950
1.18592830
1.08434120
1.17889030
0.88371283
0.93359225
0.92518040
1.22284870
1.22970310
1.29594230
1.26489470
0.79913074
0.90131763
0.90389572
1.05203610
0.98420301
1.04650170
1.10383990
1.00413160
1.10646610
0.97016132
1.05357810
0.96385689
1.10888330
0.80295773
1.17966330
0.97175192
0.90442021
0.85755064
1.14739100
1.31429230
1.12192420
1.06683420
1.14227780
1.16332160
0.96915032
1.06274960
1.15856600
1.12522330
1.07740370
0.93667880
0.97309013
1.05282570
0.90672433
0.99278975
0.97390411
1.05024040
0.95415659
0.97030624
0.99081937
0.97159153
1.02774590
0.89218866
1.18206350
1.12211660
1.35470030
1.27436090
1.05678330
1.17362730
1.11170390
1.07975380
1.15050570
1.16194650
1.19925670
1.15233190
1.22928400
1.18624850
1.09167470
1.07363530
1.15413030
1.04029510
1.18793130
0.98809809
1.05157260
1.25480990
1.09559450
0.96762350
0.97032473
0.94818418
0.98515635
0.99599226
1.08548850
1.01738290
0.94348580
0.94702943
0.91181251
1.14722620
0.90160478
0.91854319
0.98587856
0.79847475
1.12203810
1.20421750
0.98505092
1.08431020
1.14147090
0.91312343
0.98738265
1.03887230
0.96689184
0.89809287
0.83066553
0.94576329
0.91097065
1.12052470
1.17592110
1.15079350
1.01528790
0.96061700
1.00825160
0.90191683
1.05254060
1.06796540
0.85364184
0.95585723
0.90321736
0.94623990
0.82231558
0.90675201
0.92005593
0.92326309
1.08672520
1.06574550
0.96953229
0.87954948
0.92647389
0.88746028
0.88092896
0.85868765
0.86165012
0.99825448
0.87517598
0.93088916
0.95634668
0.98683524
0.89154908
0.95907895
1.01252260
0.96724839
0.91614920
0.92747964
0.90213280
0.87123199
1.00914570
1.10624810
1.07248910
0.93155944
1.05898380
1.14840770
1.23620590
0.98953915
1.01776420
0.88392582
1.04072350
1.09686400
1.03358770
1.16181980
1.10997150
1.07648790
1.02898970
1.05516500
1.04142110
0.94462042
0.93895385
0.94163011
1.01553480
0.89612050
1.02716130
1.07890120
1.19416540
1.07014460
1.03468820
1.06508110
1.00184990
1.02010000
0.83811012
0.90720404
0.82621828
1.28302700
1.22761430
1.23598990
0.83641629
0.81316363
0.97555565
0.90837137
0.84585931
0.83984751
0.86449007
0.87917749
0.83481372
0.87882522
0.96813030
0.98132265
0.89983533
0.88546559
1.01978650
1.01645430
0.95338807
1.00242140
0.98383092
0.85920986
0.95008995
0.97484404
0.85770405
1.05533790
0.98181535
1.06923220
0.98452935
0.94710405
1.00285780
0.95957777
0.99945836
1.20990690
1.08573550
1.17597840
0.78741583
0.96891382
0.90319526
0.95095109
0.97341565
1.13863500
1.10587570
1.10167670
1.24190550
1.01135350
1.21649540
1.16629450
1.00076710
0.99247578
1.05290250
1.03235890
1.04723920
1.06000710
0.98042034
1.18905500
1.07097260
1.05579290
0.92624302
0.90946911
1.02873240
1.05247870
0.91727699
0.98611166
0.98609533
0.87744064
1.04747730
1.05743990
1.07826540
1.23858340
1.15173800
0.96566774
0.98645203
1.09513410
1.08595730
1.08866840
1.03837370
1.09861630
0.94278812
1.01695720
0.93015646
0.94945770
0.94988557
1.20085290
1.07569400
1.25193520
0.92101726
0.91731897
0.94811888
0.92422979
0.84557242
0.92733179
1.03922070
0.93549938
0.92747289
0.95567506
0.95895079
0.87586637
0.87854675
0.94772240
1.06181480
0.86167625
1.06218410
1.06314970
1.02955060
1.11382250
0.83489607
1.01910420
0.91646092
0.99459450
1.01432100
1.12571460
0.99526420
1.03711940
1.04991620
1.00514660
1.12901010
1.13237360
1.06110480
0.96935228
0.95643308
1.05164220
1.19830780
1.14690800
0.80514120
0.80600111
0.95070166
1.10026230
1.16583350
0.90129123
1.03486510
1.02413330
0.93219279
0.91013954
0.92560858
0.83907547
1.11188240
1.06498170
1.03391940
0.81716215
0.96301255
0.88916735
1.05398070
1.15024590
1.16790210
1.21976760
1.10549130
1.05852370
1.07040730
1.00697590
1.02005960
0.83908207
0.93586748
1.00899640
0.97540891
1.09825240
0.93582598
0.79786515
0.95894053
1.17114210
1.33967330
1.23805590
1.34099570
0.91169004
1.10972100
0.97965345
1.01753650
1.11778250
1.06771810
1.13633510
1.29388550
1.41112430
1.11485800
1.01432580
1.13739510
0.93988596
1.01414690
0.89201460
1.04409230
0.92332013
0.95256463
1.05096270
0.95922732
0.96855542
0.89058303
1.08160540
1.00077780
0.99333203
1.11639160
1.10568210
1.18665700
1.14461980
1.27369910
1.08028230
1.20626800
1.08785370
1.14388640
1.11840020
0.95468255
0.95211111
0.87560885
1.10729920
1.04200410
1.01179400
0.99678330
1.01080890
0.86120398
1.10595350
1.20050100
1.06719160
1.09864220
1.08743740
1.11668210
1.23815720
1.10534200
0.99960287
0.89194876
0.93903854
0.84414496
1.11911970
1.13064030
1.04827000
1.03985890
1.10241510
0.93601486
0.99945284
1.05261820
1.16999950
0.88121878
1.07981270
0.80448453
0.98751315
0.86577965
0.88635471
0.85503259
1.00601670
0.99121275
1.06408260
0.87307529
0.94708068
1.24301550
1.20206410
1.13234170
1.05609520
1.15835230
1.13429330
0.97411612
1.14928810
1.30245590
1.19976210
1.01789510
1.17126800
0.87787615
1.03895990
0.97039932
1.29663820
1.03438120
0.99537059
1.16911860
0.98171661
1.00976540
1.12286060
1.11716350
1.10497940
0.97479270
1.03795780
0.95915300
0.90170749
0.97455176
0.90154644
0.85508119
1.04326900
1.02034260
1.06380150
1.13391000
1.06368810
1.30347540
1.00785030
1.14204620
1.17438340
0.98911211
0.91619880
0.92631024
0.90496338
1.19946750
1.07663860
0.98161555
1.23373740
0.94691214
1.07316270
1.13281940
1.08247760
1.04113530
1.03186100
1.11471080
0.92771995
0.99268779
0.95936360
1.02622810
1.20656920
0.95526640
1.05975320
1.05830440
0.97212238
1.08390770
0.87341501
0.99030192
1.12760740
1.14412130
1.06559270
0.92971243
0.89182718
0.96247225
0.98757405
1.02598590
0.93761869
1.00835710
0.99451292
1.12699300
1.10525370
1.18376310
0.88811397
1.12767800
1.36052750
1.08038500
0.85404983
0.93497941
1.00767470
1.00165700
1.07155170
1.05225960
1.24286270
1.32652980
1.58604380
1.36821100
1.38765440
0.92113439
1.05297150
0.89514512
0.88686166
1.01722560
0.93688743
0.88042504
0.85725189
1.04518830
1.05049550
1.01100920
0.98586308
1.02490070
0.91001924
0.99163408
1.03305790
0.96103037
0.95446063
1.30665530
1.26868160
1.27264950
1.28878050
1.33418300
0.91946144
0.96424286
0.99308070
0.83941417
0.96491702
0.98545423
1.08284710
1.00761610
1.04962370
1.04695910
0.88594799
0.80014563
0.99977729
1.01977730
1.06761800
0.89401776
0.92763897
1.08542030
0.94649259
1.05834880
1.09448650
0.96289418
1.07407710
0.95456385
1.01524010
1.00564210
0.92588880
1.04010740
1.09590820
1.03557470
1.06296150
1.07137440
0.89052571
1.02704050
1.10623900
1.07902320
0.89891377
0.87976884
1.02722570
1.06677570
1.13513880
1.06709200
1.13226800
1.14130350
1.09905950
0.97018618
1.14373650
1.21439020
1.07663770
1.15885080
0.98559115
1.05844170
0.97020615
1.05068440
1.13851330
0.93287333
0.88164507
0.96798783
0.95944255
1.08086500
1.11381810
1.05692190
0.89506773
1.10607160
1.18465840
0.90422701
1.01154640
1.04451090
1.01179680
0.99453557
0.85280663
0.96364078
0.93979276
0.94092612
0.87680441
