0.94727154
1.00922360
1.10637670
1.08127990
1.28242160
1.00080880
1.06713390
1.00968590
1.04216570
1.06267730
1.08133160
1.13971960
1.11043700
1.19065930
1.09436470
1.09146500
1.11076320
1.13947520
1.14560480
1.16283530
1.14671880
1.19100980
1.14479910
0.94904301
0.93555238
1.00711150
1.07720490
1.11424540
0.96940555
1.08484080
1.04403930
1.10858840
1.13190400
0.99553184
0.97417090
1.10735030
1.11761690
1.14419520
1.19898270
1.13379570
1.12723380
1.15583230
1.04948960
1.04310920
1.08559520
1.05716000
1.15284740
1.03779460
1.13812350
1.18979980
0.99510389
1.11020110
1.12439370
1.17054470
1.02980330
1.07328310
0.99265608
1.09249370
1.18175180
1.12905250
1.09087000
1.04105860
1.00574380
1.02639690
1.14872970
1.15374280
1.03210450
1.17534680
1.02330250
0.94436582
1.01496920
1.10681160
1.00132600
1.03313120
1.18229780
1.14171400
1.11160590
1.17618330
1.15647920
1.18626850
1.07873590
1.15173490
1.23492390
1.12170620
1.06089770
1.13666080
1.05983410
1.24428470
1.15411200
1.05456760
1.04680050
1.16562040
1.06013680
1.06830390
1.09226070
0.99606028
0.92738052
1.15184130
1.06998200
1.00436170
1.22068190
0.87478525
1.02612090
1.14288030
0.99964475
1.14368360
1.23135620
0.97437479
1.04748070
1.04067340
1.10259770
0.99889488
0.94460216
1.16036900
1.09408460
1.11598050
1.20198490
1.18718240
1.08084200
0.99659695
1.15633870
1.08028270
1.03035500
1.12663420
1.18775480
1.03795800
1.21104730
1.00037190
1.05902320
1.17025460
0.96388951
1.09046420
1.10215040
1.22158750
0.97949249
1.12372160
1.10727260
1.15845930
0.93865486
1.06542870
1.14393930
1.12939970
1.19371990
0.86698063
1.10183070
0.98286140
1.21339490
1.12909120
1.31651550
1.01166920
1.06840370
1.15367100
1.05651870
1.22909500
1.20091730
1.06277520
1.02543270
1.00428230
1.17524140
1.14773900
1.03687210
1.06189110
1.08096890
1.13432250
1.16800960
1.25866250
1.11916960
0.98440077
1.11241130
1.16100640
1.09076700
1.24267590
0.91163196
1.05301200
1.18031050
1.15098270
1.13061650
1.19187240
0.95248192
1.22737870
0.98164176
1.15068550
1.08425630
1.15279180
0.95310890
1.04052370
1.10225960
1.11051920
1.13659140
0.90496508
0.96399942
1.00155120
1.09671010
1.06384610
1.15754790
1.07644370
1.30993860
0.93604107
0.98935579
0.81903606
1.14430040
1.13461740
0.96698638
1.09660910
0.97020715
1.06855930
1.21281220
1.23270240
1.02794740
1.11842990
1.09699170
1.15790400
0.97140211
1.07322970
1.00467990
1.10357150
0.99083593
1.02677690
0.94648414
0.94435964
1.21375910
1.12949070
1.19882080
0.91637496
0.95113163
1.04641210
1.11586570
1.01584180
1.03728620
1.10087670
1.01374250
1.16186560
1.16958840
1.18021520
1.19622370
1.04627400
1.07753680
1.12266400
1.19245530
1.10992810
1.16417580
0.89675667
1.04764850
1.02396990
1.07776820
1.14576830
1.25558950
1.00073430
1.05584750
1.18831330
1.17456080
0.97296945
1.16041440
0.99945446
1.11267440
1.17927570
1.18696660
1.28226070
1.01219960
1.02173830
1.13469460
1.12210990
1.14704010
1.15726330
1.01442710
1.07502390
0.98404896
1.17926200
1.16088080
1.20269310
1.21177330
1.13356920
1.04028440
1.20747010
1.04415430
1.08303380
1.09330580
1.12342790
1.00798640
1.10820110
1.13552960
1.17445170
1.03285130
0.98716857
1.16992730
0.95616112
1.04518390
1.21179810
1.05204110
0.83397085
1.04966960
1.07175600
1.16313130
1.21069200
1.14751330
0.94119155
1.11718190
1.26922870
1.08883040
0.91923848
1.02693010
1.10003020
1.01417320
1.25972280
0.99296465
1.05840740
1.08277690
1.13131570
1.21567850
0.91118333
0.97830982
1.02934910
1.05252520
1.16232230
0.95686094
0.99759579
1.03934350
1.18254740
0.86649400
1.06157030
1.22077120
1.07255460
0.98013587
0.99014424
1.02893800
1.09776690
1.11386010
1.21004920
0.94728857
0.96726186
1.03467620
1.14128370
1.00052960
1.09997830
1.28802420
0.93545241
1.00227080
0.91754676
1.01454150
1.03047480
1.05789610
1.05639570
1.00640190
0.97789658
1.02932400
1.18414860
1.15573730
1.22400690
1.02193910
1.21549370
0.92629587
1.01489180
1.19952120
0.97658347
0.98564593
1.06369590
1.03928010
1.08386410
1.02832720
1.11045600
1.15188090
1.17350480
1.02705540
1.04464800
1.16411880
1.01963930
1.03405920
1.00924190
0.95203555
1.09626080
0.85405690
0.97117438
1.10283930
1.14697480
1.12441780
1.08669260
1.25265980
1.13764110
1.01293950
1.17379120
1.07090170
0.98863178
1.15321080
0.96160370
1.03966290
0.98963679
1.16108410
1.24432910
1.22966000
1.10279850
1.12023640
1.09152050
1.07521300
1.07655700
1.24854650
0.92653981
1.04229370
1.15540340
1.11979560
1.06388090
1.03488860
1.06765380
0.99532381
1.13827150
1.02255230
1.04173090
1.11324820
1.18736990
1.11294250
1.06012660
0.88259301
1.03244790
1.07776400
1.04703910
1.03938950
0.97022416
0.94514178
1.08344770
1.10146610
1.19218720
1.13157930
0.99219762
1.00186280
0.99789391
1.11593570
1.06499940
1.06543170
1.16062020
0.96641860
1.04629740
0.97749680
1.15455380
1.11033080
1.05683340
1.12828220
0.98529101
1.17074610
1.05781260
1.04808680
1.00225410
1.13986120
1.12199030
1.05364040
1.27197950
0.98831667
1.05378600
1.07586450
1.01873350
1.07137910
1.17540670
1.06577130
1.05123070
1.21544020
1.13790320
1.22585180
1.27218020
1.20285120
1.15430170
1.06773950
1.15500550
1.06223130
1.33469090
0.84211642
0.86745936
1.21446540
1.01486850
1.03924840
1.27776710
0.91901097
0.94002736
1.03767250
1.06075630
1.10349840
1.13073930
1.08598790
0.99433581
1.12056560
1.14740220
1.10462280
1.16367270
1.21038280
1.28745530
1.01515490
1.10386370
1.15046940
1.07379870
1.14097460
0.88814545
1.04019270
1.03209440
1.05389610
1.04960730
1.09111380
1.03074670
1.07247710
0.97574874
0.97308365
1.10673890
1.18224920
1.00745250
1.17204880
1.15398550
1.12758560
1.22214530
1.08984220
1.09073880
1.21359510
1.18243810
1.36341200
0.92355686
1.05007880
1.19138380
1.22889600
1.21335060
1.04331570
0.97025950
1.10043450
1.00255930
1.17078660
1.21083030
1.21427120
1.15278970
1.07440350
1.08761900
1.06466560
0.80211642
1.08288380
1.11064170
1.15293250
1.19215180
1.14812880
1.04443030
0.99844639
1.02239920
0.95609815
0.98814499
1.04992050
1.12198000
1.19856020
1.12318520
0.97407548
1.04760970
1.09859890
1.11705810
1.08271200
1.06059640
0.97497276
1.11860700
1.06959210
1.31651470
1.09536150
1.01809100
1.09899080
1.16711410
1.05246730
1.15113110
1.03489550
1.25250750
1.11197440
1.18316190
1.07482170
0.98674952
0.83758923
1.19715390
1.03471130
1.05306860
1.05541530
1.11206360
1.30319040
0.94509004
1.04809330
1.01860140
1.09702150
1.11699000
1.01982240
1.11096220
1.18483490
1.15874580
0.89656433
1.03289300
0.91966366
1.01878340
1.30848560
1.29830770
0.93953839
0.94359712
1.14447060
0.99781355
1.16530410
1.07370130
1.07967600
1.22620890
1.22785910
0.90826808
1.05970790
1.15869450
1.18108740
1.19013260
1.23018210
0.99007605
1.10356210
1.19612720
1.10703270
1.13270440
1.15644910
1.14116220
1.25276710
0.97894286
0.97637363
1.12300460
1.11108180
1.15001250
1.08709630
1.13126920
1.06454050
0.98238385
1.04439710
1.11400600
1.11373230
1.00439540
1.06754790
1.04022810
1.05840500
0.95461662
1.02954790
0.84401807
1.06722640
1.09364240
1.06508630
1.01173090
0.98901957
1.02140420
0.92455192
1.13044340
1.14712660
1.14333210
1.19614170
1.11334010
1.11486460
1.37313430
1.01821170
1.21104390
1.05672630
1.06481430
1.09267080
1.03831620
1.01542320
1.16498080
1.22901980
0.97586012
1.14370750
1.03907650
1.24791230
1.05401420
1.08955280
1.00725000
1.18924510
1.18149120
1.12094870
1.20494500
1.05262730
1.11382720
1.18604610
1.17318340
1.09499160
1.29116110
1.04015870
1.02403160
1.03327100
1.19552050
1.00713580
1.18110190
1.19082670
0.82595961
1.11098460
1.00742240
1.24245920
1.11838980
1.03274410
1.17157710
1.14208680
1.17876550
1.25530440
1.04617230
1.10405290
1.09308960
1.09199340
1.23437160
0.98318671
0.99752700
0.97173828
1.06166070
1.07773460
1.11865990
1.00791510
0.94255726
0.96837023
1.07139570
1.10227770
1.08899380
1.05815690
1.07998320
1.05380820
1.17615150
1.14010960
0.97120942
1.09963260
0.99867834
1.26211500
0.97490113
1.11945660
1.12882920
1.12825230
1.19713880
1.14889070
1.10575290
1.24342090
1.03356610
1.07180170
1.07599260
1.21937440
1.01582390
1.01291890
1.11569710
1.03183700
1.17927130
1.14159790
1.27345000
1.08460890
1.10636790
1.19353830
1.14101160
1.26051700
0.96464342
1.03788380
1.05922170
1.26478120
1.09766120
1.04514860
1.05876020
1.18619460
1.08157420
1.05123100
1.06663970
1.20483390
1.07499750
1.27310790
1.14620690
1.35340390
1.06031840
1.08667790
1.11982410
1.04566880
1.09734040
0.97979647
1.20802160
1.10789490
1.27526630
1.05628600
1.25804400
1.02031070
1.06386590
1.15345750
1.23645030
1.16019610
1.16508090
1.08565610
1.15969960
1.14227900
1.01980300
1.23833420
1.22475470
0.92112822
0.86401290
0.99647687
0.98221953
1.13317300
1.12154720
0.98205464
1.03103190
1.14789270
1.12349230
1.14096520
1.05215820
1.27690230
1.19960730
1.05193350
1.15947320
1.22504080
1.20649150
1.06479350
1.06704040
1.04589450
0.97161642
1.22484620
1.08884570
1.14983720
1.22537170
1.30418500
1.11481030
1.16877700
1.14351250
1.28720960
1.15837150
1.05529580
1.02583110
1.15259110
1.00976560
1.14249970
1.13929030
1.11355260
1.23033590
1.12557160
1.12095640
1.07185370
1.04152910
1.09877400
1.15754730
1.10814510
0.96568868
1.05532110
1.02608940
1.04238430
1.02511960
1.11134340
1.19109400
1.15477850
1.00662620
1.05953440
1.06456250
1.01731210
1.07736230
1.06400080
1.06674470
1.03898170
1.08402880
1.21294090
1.18045230
1.08304740
1.00296200
1.07376860
1.06737260
1.16615860
1.24534800
1.21789830
1.02747650
1.06994820
1.09511130
1.10264430
1.19487110
1.09741920
1.06062710
1.15710100
1.10708350
1.17102610
1.13861160
1.06428310
1.02585210
1.04773370
0.98859532
1.10920220
1.05778500
1.14458450
1.02386370
1.22543590
1.11940400
1.18113160
1.08834420
1.34318690
1.02754380
1.09992740
1.00531810
1.23110660
1.14173760
1.18607720
1.15074880
0.91620706
1.03933700
1.09982510
1.10390920
1.25064740
1.18771400
1.00864180
0.98425011
1.02325850
1.04090790
1.12773060
1.19674890
0.84163570
1.06860810
1.01623310
1.05846520
1.16690950
0.92360368
1.01507990
1.14160120
1.19334480
1.12237020
0.90598826
1.19954190
1.12137810
1.23648870
1.09843610
0.97427834
1.00034170
1.13836650
1.22568120
0.91802462
1.11452100
0.94299411
0.98359069
1.10105380
1.15948520
1.07114290
1.25063920
1.13947670
1.03840560
1.20673660
1.13626210
1.01777550
0.99009493
0.98953683
1.21507300
1.16985270
1.10504580
1.06326320
1.13087610
1.05108300
1.19758740
0.98993805
0.98345239
1.06085120
1.10418270
1.05704250
1.12840090
1.11854560
1.02570850
1.06903350
1.20456780
0.91428545
1.17173300
1.13094990
1.14874180
1.18900240
0.97780020
1.11258030
1.08591060
0.93705370
1.14002010
1.16514220
0.98695328
1.09757600
1.15255950
0.98650924
1.04275790
1.19243050
1.25285520
1.13864820
1.06878650
1.11708770
1.20887660
1.01946920
1.15686860
1.11661430
1.17717830
0.92641679
1.00300010
1.09851060
1.21447200
1.17570380
1.24270680
1.25528800
1.03780050
1.01722710
1.04853930
1.13013280
1.14004880
1.09887550
1.16128120
1.17234810
0.87918130
0.94595379
1.19555570
1.09220620
1.21962850
1.18541800
1.22353930
0.89635565
1.02651300
1.09117400
1.07886280
0.92577133
1.08698640
1.08768820
1.05447820
1.24509380
1.00256960
1.18011530
1.09729570
1.05616200
1.25253820
0.98784909
0.94063384
1.08561870
0.99230725
1.14252340
1.07017620
0.85551223
1.14330940
1.08685110
1.07875240
0.92429954
0.99976738
1.01425780
0.97418826
1.10931740
1.01809110
0.95765273
1.21789990
1.27944980
1.01839640
0.92550844
1.01743040
1.05557380
0.93516679
1.16546360
1.12063730
1.12832540
1.05259710
1.07105960
1.09512120
1.15176880
1.07234340
1.20444690
1.09644810
1.07470010
1.24189540
1.10425080
1.00958020
1.02447080
1.09623990
0.98752256
1.02872400
1.11891480
1.16464810
0.95228330
1.17035140
1.09855920
1.00646450
1.11375640
1.03304380
1.07525120
1.06362280
1.07245300
0.94728606
0.98752953
0.90755497
0.89148982
1.06223370
1.19473580
1.16606350
0.87504241
1.16095990
1.29423780
0.96153491
1.06651210
0.94804299
0.92553749
1.00128030
0.86946577
1.06185950
1.08728430
1.19738200
1.17309770
1.35991880
0.89483141
1.06239560
1.16136090
1.08001750
1.03032870
1.30998370
0.98252125
1.11365150
1.04143640
1.09820350
1.10678480
1.10792400
1.01999410
1.10518990
1.19778310
1.06946040
0.93331126
1.15226380
1.24588240
1.30265470
0.98627599
0.93552291
0.98838182
0.98068940
0.98874855
1.11845910
1.06822200
1.18788120
1.12654420
1.00361540
1.04452900
1.06763630
1.10964400
1.06228840
0.96142204
1.16925050
1.15662170
1.19692680
0.93174907
0.93353332
1.21078780
1.03425950
1.14621480
1.26464720
1.02406750
1.09590720
1.25717240
1.18152890
1.25291380
0.95543931
1.05949840
1.10656610
1.18792050
1.11463460
1.17587650
0.98966370
1.04523670
1.15404920
1.12971930
1.15198340
1.02439600
1.06063990
1.08010100
1.10083010
1.09774990
1.13343850
1.26712100
1.07246620
1.06571300
1.21783380
1.06522030
1.11061960
1.00807490
0.91963392
0.97255136
1.03752710
1.08604650
1.31517340
0.95594355
1.00588520
1.14469430
1.18452960
1.02462740
1.18982090
1.08069100
1.04679210
1.16510240
1.13241270
1.13848320
1.04248850
1.12974790
0.93950565
1.07940100
0.98059794
1.08202090
1.08733490
1.11950780
1.22595240
0.96471592
1.07719790
1.06162930
1.13104090
1.09458620
1.05451410
1.03730200
1.04649630
1.10874300
0.94965484
0.98858723
1.01610220
1.11600970
1.04469540
1.03570110
1.19462290
1.17019890
1.16868460
0.91632567
1.06395350
1.09581770
1.18176660
1.07750060
1.04362430
1.04566800
1.08410190
1.02334360
1.16156120
1.22771860
1.03425030
1.16381230
1.25843540
1.23643810
1.03978000
1.12748580
1.07273560
1.14776570
1.03892690
1.02031760
1.02029190
1.16459750
1.14851380
1.20196630
1.16224300
1.31576240
1.19129780
1.02505660
1.30410520
1.14650220
1.10358860
0.99131259
1.14093600
1.09104200
1.09244840
1.06952120
1.18845650
1.10383120
1.12999110
1.11075120
0.97889772
1.01268060
1.21815950
1.34345090
1.18173370
1.01994270
0.92769662
0.98317956
1.14214810
1.24918750
1.23000700
1.06394310
1.16648070
1.19173880
1.33018130
0.89757794
1.04386260
1.18918050
0.92225849
1.07792410
0.96683108
1.28857210
1.08609720
1.03998790
1.07310690
0.79228198
0.93063852
1.07775940
1.12882110
1.05847600
0.98662319
1.05452020
1.15701030
1.02089030
1.05258110
1.17325990
1.19118950
0.89108749
1.11957750
1.03233690
1.06502030
0.88815565
1.16906100
1.26845810
0.99529625
0.91964226
0.98442845
1.08377870
0.95582362
1.15124090
1.10204750
1.06114060
1.05660930
0.98408550
1.06209120
1.10784990
1.14428770
1.24468410
1.17960110
1.00871020
1.09474850
1.25241000
1.13729550
1.20182590
1.15470630
1.26427170
1.01168330
1.09681850
1.10401370
1.14761420
1.28112210
0.95475943
0.99474827
1.10109870
1.18586280
1.03363510
1.14492580
1.12927170
1.16045710
1.05279870
1.14134380
1.09981290
1.19014060
0.99271676
0.98189560
1.10206670
1.11880650
1.07131080
1.13394590
1.01413870
1.11714540
1.10591050
1.06951580
1.10728790
1.07719410
1.20390680
1.18432480
1.08594710
0.96173571
1.21390930
1.13370750
1.00721040
1.22040860
1.13750630
1.16279510
1.26030370
0.99268639
1.12191910
1.12740520
1.04005170
1.20114060
1.19532690
1.21015050
1.03923500
1.09577910
1.22929030
1.06662260
1.25158420
0.99368994
1.09932330
1.26799090
1.12681540
1.22662240
1.28774350
1.09040440
1.06718290
1.04502680
1.05752230
0.96480204
1.07902920
1.22181500
0.95693756
1.19784990
1.22463590
1.05997740
0.94346500
1.05036130
1.14849960
1.13576370
1.01283720
1.12942040
1.12839100
1.19710580
0.97256935
1.25533510
1.08345540
0.96303103
0.99942591
0.98027778
1.10519010
1.21486620
1.02102340
1.08679600
1.17326250
1.02711710
1.00204130
1.22797080
1.13760630
1.25249460
1.23882470
0.88911345
1.12898280
1.04458950
1.06360860
1.15888080
1.17624500
1.21934750
1.01418330
1.08474540
1.09959790
1.13643180
1.08249360
1.30248740
1.28462270
1.16318060
1.09207660
1.14553470
1.02723390
1.01601980
1.08035830
1.12577280
1.18665050
0.93088338
1.06027700
1.04926670
1.04900740
1.08313810
1.22010650
1.29788940
0.89463919
1.09071430
0.95753764
1.04468730
1.11004050
1.05054310
1.13022680
0.85926239
0.96477976
1.01978690
1.12342380
1.11706410
1.07999270
1.15910340
0.98505987
0.94859103
1.03014960
1.09077450
1.00077110
1.04597350
1.16429030
1.07673160
1.05634090
1.16237300
1.01112810
1.05210570
1.07115770
1.15185450
1.12942850
0.94287314
1.08894650
0.94689713
1.07028680
0.99308059
1.14206440
1.27362020
0.95204401
1.10526740
1.02993630
1.07105410
0.96338225
1.21367940
1.07643070
1.07384470
1.07598730
1.04358570
1.15355200
1.03791410
1.22888790
1.00462970
1.12224320
1.19033880
1.10202860
1.18097910
0.98285203
0.93973280
1.10912600
1.05598420
0.97848986
1.16077960
1.14813490
1.28271800
0.80098801
0.93371669
1.21224660
1.10475970
1.25591370
1.15490450
0.88998325
0.86715790
1.00404780
1.08115720
1.11057860
1.09064320
1.21512880
1.09576330
1.04463920
1.11490350
1.15026500
0.96839466
1.10095230
1.11672530
1.14164920
1.17976860
1.13202990
1.15708850
0.98210206
1.01893330
1.01161250
1.23929560
1.14636880
1.29754730
0.80152749
0.95807885
0.92574996
1.25137690
1.13664050
1.00928600
1.00173860
1.07078380
1.14273850
1.22296500
1.20546080
0.91389655
0.98059831
0.97981640
1.17801810
1.07366590
0.99043869
1.11702180
1.11668570
1.12300580
1.32137300
1.04130410
1.02276470
1.07964650
1.24672110
1.31673140
0.96251204
1.03997460
1.13505890
0.98796305
0.99968623
1.29136880
0.94665882
0.99365056
0.79616698
0.90094524
0.99800213
1.11554220
0.84340894
1.16507960
0.98381002
1.02626070
0.93666227
0.93875187
0.95396286
1.11350880
1.25283180
0.95161326
1.03146240
1.01209760
0.94575002
0.86243465
1.15032110
1.22561460
1.03456950
1.04127090
0.95546103
1.10385860
1.15486740
1.01414160
1.14758640
1.19651550
1.14077130
0.88216210
0.93459873
0.95063571
1.09723040
1.16027500
1.09517250
1.13697740
1.18391630
0.94257618
0.98185405
0.97695315
1.06169640
1.22804770
1.17942770
1.06763970
1.03504010
1.14283420
1.07590310
1.06081420
1.13677160
1.26728940
0.89343293
1.04468370
1.05268990
1.02299820
1.03822120
0.98956656
1.01092070
1.11782470
1.14440760
1.09321460
1.00424500
1.03231880
0.96600771
1.16253570
1.20042230
1.14701430
1.06098850
0.99640968
1.08420760
1.14747790
1.18427680
1.19853060
0.99038862
1.01821800
0.99746690
1.00092450
1.01858120
1.00497420
1.00828850
1.04407760
1.04886980
1.21803470
1.17270520
1.11810110
1.06321880
1.17296520
1.10726260
1.00903290
1.21117590
1.25936410
1.24807990
1.12350140
1.06621480
1.04844500
0.97397120
1.16681530
1.19699830
1.10808850
1.16291410
1.02122580
1.08599630
1.10278770
1.20796620
1.16362650
1.31622060
1.20322940
0.94376271
1.05635360
1.06051890
1.22573840
1.16803880
1.08291840
1.08461310
1.06554870
1.12967960
1.01798000
0.86747858
0.94159505
1.06312580
1.16350820
1.07978060
1.31110550
1.11085980
1.05754450
1.16279840
1.15783150
1.23662590
1.07314320
1.05632990
1.05550790
1.00889800
1.02898410
1.10136330
1.24950740
1.18545540
1.08101210
1.04978540
1.03946880
0.93138107
1.27759150
1.11424220
1.00520890
0.98173257
1.05634070
1.12942000
1.21466460
0.91982429
1.05553310
1.23863220
1.30192730
0.96912610
0.99062665
1.00981980
1.21962620
1.18820650
0.99503910
1.15333360
1.18391320
1.19230740
1.17632170
1.21310510
1.02519650
1.08902250
1.20472390
1.22306080
1.21480110
1.03601330
1.16388580
1.00244160
1.08567350
1.16535040
1.09597380
1.20456440
1.01532670
1.05252220
1.05938010
0.93854286
1.00652310
1.22628930
1.17240070
1.22896680
0.99101919
1.02210090
1.04612060
1.09058740
1.23246250
0.98709007
0.95200110
1.05636900
1.12792870
1.16302440
1.17095030
1.05978220
0.98587814
1.06285880
1.04610690
1.16860400
1.15015740
0.99759231
1.02406250
1.13314980
1.24936770
0.96566719
1.17124770
1.14178390
0.93520333
1.15476420
1.03735610
1.09196300
1.11339560
1.08870500
1.17696890
0.92348576
1.05526560
1.16690860
1.04637570
1.13165920
1.03196000
0.90548664
1.11925950
1.03197070
1.20593900
1.05002950
1.21364190
0.91073547
1.06793680
1.24022030
1.19118230
1.22613180
1.11981060
1.05092910
1.15758710
1.05890680
1.09441850
1.08082790
1.07685240
1.20571130
1.15747050
1.25782500
1.09731330
1.10079470
1.13146620
1.20067460
0.85271950
0.98964440
1.09947850
1.03334890
1.11187860
0.84336682
0.90997569
1.07459550
1.05349230
1.10616750
1.12892390
1.08072000
1.04388160
1.03879300
1.13559410
0.90041803
1.02056890
1.17189340
0.97595273
1.19645940
1.09550940
1.12705630
1.13056970
1.22053480
1.05231070
1.04693000
1.02406210
1.20263800
1.12179250
1.27423470
1.12347980
0.94553661
0.86986943
1.19586920
1.08768720
1.19801390
1.10885190
1.02435630
1.17705850
1.28762240
1.28665020
1.00301990
0.98012085
1.06329770
1.18421460
1.13428590
1.27248710
1.09734360
1.05463820
1.10548370
1.04727170
1.12036060
0.94239298
1.09776490
1.08441750
1.02888570
1.12617250
1.04782600
1.19701470
1.16840520
0.98084575
1.07094540
1.05317970
1.11567310
1.02446960
1.14824450
1.16708750
1.17886710
1.19883010
0.91157190
0.97759294
1.03485490
0.98997790
1.14595120
1.02169270
1.11992100
0.98970295
1.16591520
1.04753190
1.04972480
1.36013090
1.01694930
1.06239690
1.01616150
1.12380320
1.20497110
1.18610680
0.82731817
1.04371830
1.20487660
1.14282750
1.14230090
1.26728120
1.07045100
1.05618490
1.11135510
1.18136760
1.21617300
1.07405230
1.12625310
1.12204850
1.04961820
1.17958580
1.05325480
1.03546920
0.97786162
1.10187900
1.08600760
1.25200220
1.17911510
0.94217588
0.98550256
1.05834990
1.13294660
1.14173860
0.83383940
1.05594070
1.16085730
1.08524270
1.34758950
1.23308070
0.84289363
1.04002480
1.01856100
1.18609660
1.14781850
1.17751440
0.99894803
1.18192670
1.12997660
1.07695790
1.10945800
0.98178855
1.02485270
1.21752080
1.24624450
1.02752540
1.06193690
1.01354360
1.08273430
1.04229250
1.04971840
1.10244590
1.17044050
1.00024420
1.03941720
0.93181079
1.08617900
0.98784846
0.97166842
0.79297483
1.20636420
0.96450295
1.02489470
1.08017510
1.11007960
0.94206966
1.00733590
1.05970680
1.02603280
0.95890870
1.17726180
1.13000370
1.21179010
1.04252620
1.08000950
1.15062990
0.95808253
1.07849150
1.27827800
1.18398830
0.96382948
0.97514386
1.07094920
1.16654860
1.02247860
1.24702840
1.05734940
1.15721040
1.15887150
0.94857517
1.06327630
1.13265430
1.06124060
1.12892200
1.10906470
0.99899800
0.94514922
1.05999620
1.15447920
1.14704380
1.08814630
0.95570931
0.99709315
1.00205170
1.06366370
1.00104260
1.16766020
0.95839340
1.15341220
1.19361840
1.10145700
1.13410780
1.13452420
1.18528910
0.92114546
1.00458220
1.05709050
1.15821710
1.25205260
1.13629420
1.16695250
1.08362540
0.98423223
0.94008798
1.12845640
1.16445870
1.23910500
1.17741300
1.02090020
0.91696879
1.11095570
1.07205420
1.15278190
0.91168687
1.30503910
1.03956160
0.97510708
1.11675010
1.17559920
1.16203030
1.04393350
1.07214530
1.10081260
0.95487900
1.00217630
1.07015400
0.96442793
1.14010680
1.03083950
1.05749180
1.09092210
1.07434300
1.07791950
1.01821960
1.08861320
1.18217650
1.13374240
1.09723420
1.15899450
1.03822080
1.14192990
1.15206020
1.02658360
1.09215720
1.10701890
0.97067654
1.04845480
1.05686800
1.14456770
1.14064410
1.22075480
1.08942400
1.09336340
1.01157790
1.20859260
1.17462960
0.99907223
0.99830250
0.99997607
1.07651480
1.14427690
1.20350950
1.01181900
1.06541390
1.08078870
1.15418410
1.16983970
1.09906980
1.08245820
1.09630440
1.00184070
1.00018640
1.09782570
1.15373060
1.19321900
1.26586110
0.90275515
1.16460830
0.95989906
1.17769160
1.14958060
1.02782830
0.74842102
1.01155520
1.09147090
0.95809277
1.06812200
0.96929200
1.01922700
1.21846580
0.99611205
0.98935511
1.05028680
1.11459750
1.02032460
1.16146850
0.93940245
0.95020860
1.06382000
1.15725920
1.11463390
1.01403720
1.23091750
0.94900117
0.99342377
0.98798339
1.04924040
1.11228940
1.17438610
1.11883270
1.13799340
1.07200220
1.20769200
0.95764383
1.23213040
1.15303340
0.96999808
1.09967100
1.09162170
1.17687170
1.22529680
1.18166610
1.19161700
0.00000000
1.12521880
1.14702460
1.05916420
1.16914620
1.08173040
1.15062280
0.96056742
1.01029450
0.99913673
1.05970110
1.10735090
1.05880670
1.09397660
1.01744150
1.04220500
1.12509920
1.14604770
1.15057020
1.12997680
1.14526050
1.02988870
1.13283390
0.92501166
1.09143590
1.14612900
0.99707016
1.10293440
0.88009098
1.03268780
1.14348450
1.13358940
1.12803000
1.03467340
1.11061630
1.02945030
1.06398050
1.09798460
1.19609920
1.05702810
1.17972190
0.94029844
1.11610190
1.03455030
1.15983950
0.96546752
1.27417890
1.02527940
1.05106060
1.17759840
1.22555220
1.01921880
1.14919560
1.14057620
1.14190480
1.20164590
1.16799230
1.18174980
1.11343480
1.15458650
1.03111580
1.16885750
1.02329500
1.06851920
1.01325520
1.14230820
0.95828801
0.89516363
1.01233270
1.10822760
1.09957440
0.98630628
1.12457330
1.21595430
1.17373590
1.07619390
1.13217750
1.10552100
1.10051990
1.04908420
1.02255840
1.23644460
1.21323610
1.25258340
0.96034320
0.96683136
1.12245060
1.17184300
1.11214340
1.19593210
1.09115930
1.19176280
0.99087123
0.96344974
1.13065270
1.21258320
0.90283852
1.03938040
1.01417720
1.21897570
1.24093640
1.20283880
1.01108500
0.89645300
1.10747070
1.17883920
1.03361850
1.18677470
0.82112784
0.96567618
0.96488857
1.14926970
0.94946496
1.12124260
1.22406370
1.14462100
0.88701473
1.07981050
1.11545720
1.29442470
1.27977510
0.82580449
0.90895334
0.97517968
0.99124093
1.11573590
1.18507630
0.98219931
1.01415530
1.21105710
1.19482970
1.21927240
1.25059850
0.99360420
1.00736990
1.08566550
1.31577140
1.28226500
0.97673308
0.93174560
0.95047635
1.00329920
1.07753120
1.16355640
1.12341350
1.08859960
1.14272880
0.99442608
0.82874177
1.00991160
1.03587060
1.07546030
1.09312680
1.18003230
1.19462870
0.99920461
0.97441199
1.11328870
1.20312100
1.23071840
1.13526550
1.06667370
0.89809892
1.11760850
1.10688810
1.09184600
1.10408740
1.03198450
1.03485040
1.07853730
0.94224857
1.04836060
1.11191570
0.99254335
1.03571170
1.03726330
0.97705966
1.09393650
1.01790020
1.16250390
1.11983330
0.93567720
0.99713369
1.06158610
1.04615860
1.23185410
0.92425389
1.08358190
1.08704100
0.96135862
1.13292900
1.12734670
1.19515820
1.10762050
1.01971730
1.13340830
1.05457660
1.32655770
1.17515070
0.89568366
0.95756223
0.98255476
1.07370700
0.99450167
1.04977780
1.09608570
1.20385760
1.02955250
0.98417035
1.03487220
1.11895590
1.04120840
0.97127258
1.14313380
1.07952260
1.01226440
1.12943320
1.14641290
1.25994640
1.02327940
1.09616080
1.03674320
0.89744558
1.01150310
1.03228700
0.94737763
1.01687810
0.92971345
0.95094962
1.05206360
1.23000800
1.12359770
1.04471320
1.06285740
0.92635845
1.04029100
1.01058100
1.17878140
1.18237180
1.08731300
1.22814410
1.12105160
1.13806520
1.05289440
1.26228500
0.92015793
0.95642823
1.08712530
0.94220252
0.98515640
1.18465750
1.17624570
0.95927778
0.98574248
1.04667660
1.15204010
1.07613810
1.07674720
1.30175570
0.96579558
1.06009290
1.01320410
1.02960960
1.06570510
1.02469840
1.15320870
1.06408830
0.92910393
0.91201488
0.99714890
1.06091150
0.99278455
1.05884770
0.99118756
1.10078060
0.97053075
1.10187490
1.01121490
0.97003438
1.08019550
1.10362030
1.15100850
1.17590110
1.13121590
0.95499126
0.90006799
0.90409293
1.04811010
1.03392760
0.94972986
1.08134930
0.06645140
1.05597110
0.92524469
-0.05884979
0.95554558
1.10241750
1.15758900
1.10255260
1.05694120
1.17503050
0.90830968
0.96693744
1.19201700
1.26566830
1.04707050
1.05615360
1.11934280
0.94915678
1.01430160
1.06769310
1.09654020
1.11640830
1.16743860
1.16419580
1.00875450
1.03873290
1.10841800
0.91972243
1.04973750
1.10971600
1.02645540
1.07201640
1.06608510
0.94296868
1.02001090
1.04271660
0.92236191
1.00776080
0.97506515
1.19713060
1.22711730
1.10492800
1.21726410
1.06318810
1.10444550
1.00489860
1.08447520
1.14526360
1.17873910
1.17398470
0.94283434
0.91463228
1.03729060
0.91432095
1.13155090
1.20005450
1.04734280
1.03239400
1.15621990
1.10148640
1.09491420
0.91155426
0.97733050
1.08700910
0.94171850
1.08372700
0.97945542
1.23702740
1.24409910
0.93475769
1.14811220
1.20184880
1.17677920
0.85318646
1.00205690
0.95562788
1.10646840
1.11322570
1.03785060
1.12456800
1.10158210
1.07809400
1.14180490
0.95487150
1.04862680
1.12325230
0.96261354
1.08031030
1.06649190
0.94839807
0.98984338
1.18870510
1.11453810
1.31145090
1.01046210
1.01881380
1.14556800
1.05533930
1.05260840
1.20652520
1.11688730
1.12905310
1.00055540
1.11428050
1.05716520
0.87159978
0.91409813
1.01709390
1.12563590
1.03932480
1.09519220
1.06674290
1.16104910
1.20155910
1.02752600
1.01823590
1.04418010
1.06120380
1.16437200
1.17286620
1.21479870
0.91765303
0.94419887
1.19012490
1.09668530
1.06481970
1.16516180
1.11774870
0.88975161
1.03306050
1.10948930
1.03359810
1.07223460
0.91131011
1.05300740
1.10956970
1.05518700
1.00629780
1.13935830
1.07279400
1.01582480
1.11350770
1.14232380
1.09898560
1.05269820
1.19224160
1.07738040
1.14164900
1.18106210
0.84392910
1.05271750
0.91775559
1.13518540
1.13506310
1.01629870
1.05973590
1.05634080
1.10174540
1.14844680
0.96211719
1.21426430
1.20997360
0.86104877
1.10374750
1.01558360
1.11967480
1.13764720
1.10235700
1.22523720
1.20671300
0.97006391
0.99784358
1.10158530
1.17996300
0.99767649
1.04580700
1.07033330
1.15168340
1.18774600
1.13250020
1.05328420
0.99422721
1.13764790
1.11814130
1.11719420
1.08600950
1.04317200
1.18018510
1.24237230
0.94677052
0.93067762
0.86662156
1.26136970
1.16855970
1.02461590
1.07853020
1.01961500
1.08231550
1.12988800
1.19594350
1.27716290
1.12596390
1.00302290
1.03078470
1.09792860
0.90265083
1.02894910
1.20975570
1.04012870
0.89358170
1.06063420
1.06661560
1.13855080
0.88822702
1.07716190
1.08250140
1.16477640
0.99188602
1.05396810
1.00655960
1.05091170
1.14858800
1.23289860
1.17031100
1.13935790
1.06315650
1.06200510
0.96618299
0.94494743
1.04627960
1.08100380
1.04908400
1.01513350
1.01690260
1.19424440
0.84958423
0.99584856
0.93034880
1.03469920
1.10625770
1.05912080
1.05566230
1.03432290
1.12226870
1.08336180
1.06845590
1.02233580
1.05182750
1.10109190
1.00705900
1.07352950
1.24951180
1.00303430
1.00459310
1.07346610
1.03342100
1.13317810
1.08591760
1.28700990
0.90746592
1.02232130
1.09759270
1.18356140
1.23755960
1.25240580
1.00152770
1.06136450
1.10693290
1.02379510
1.12861920
1.01008450
1.02041720
1.05518670
1.13426840
1.08141620
1.00920300
1.10957770
1.04885600
0.92710861
1.28830730
0.96394695
0.99559942
1.02713660
1.10094870
1.11457820
1.03568550
1.10054720
1.12748730
1.13474580
1.19622130
1.12626060
1.02787930
1.13486630
1.09556780
1.36286420
0.94122984
1.06222170
1.02693790
1.19518300
1.07294710
1.10989300
1.11289340
0.97503072
1.19000410
1.02083660
1.07781200
1.00526800
1.13322480
1.16674360
1.24087040
1.08279410
1.06738730
1.15673930
1.05126560
1.15464020
1.11431310
1.15551130
1.18892640
1.25568460
1.03922510
1.19358240
1.16978420
1.06495950
1.19723690
1.18071380
1.17606320
1.02936520
1.00260940
1.13117700
1.09943390
1.12240260
1.28187190
1.07056430
1.18184800
1.26898410
1.15599900
1.05087540
1.08961810
0.97726354
1.11259070
1.14907670
1.19571130
0.85994186
1.02171530
0.95987972
0.99811021
1.14445150
1.08035270
1.04421210
1.19615660
1.17062040
0.95720562
1.02039050
0.82964967
0.87688925
1.11237910
1.10088920
1.07238480
1.01745040
1.15685720
0.95105254
0.91890806
0.99872897
1.08098370
1.32123710
1.00134730
0.95257340
1.04096440
1.05683150
1.06428830
1.07062190
1.16885410
1.28261960
1.03690880
1.05916830
1.18495950
1.19118970
1.33552340
1.04336750
0.95993559
1.07891890
1.10046660
1.05145030
1.17143990
1.14254150
1.22134070
1.00287220
1.09486970
1.05656320
1.08928350
1.26115350
1.11458920
1.05375420
1.00967210
1.17462630
0.91894337
1.08788950
1.15807980
1.10313120
1.12725750
1.13126930
1.04838100
1.07965060
1.08800140
1.08288720
1.09501470
1.05837040
1.11443360
1.01942540
1.16320520
1.17139210
1.01074580
1.26477510
1.14727360
0.99137199
1.08722520
1.12746510
1.10618420
1.21104050
1.07697400
1.04903800
1.12325610
1.19347490
0.98766140
1.04885150
1.13869510
1.14318960
1.10552950
1.11267760
1.09885140
1.03488560
1.04137340
1.04145160
1.11207150
1.07811890
1.17809210
1.24505310
1.02725990
1.12802440
1.00984980
1.08375000
1.00046900
1.04244810
1.19447020
0.91404035
1.01392500
1.15081200
1.21934000
1.00756690
1.01169810
1.09686070
1.09232250
1.10478650
1.03521300
1.09255490
1.21315640
1.19352920
1.06850020
1.02365860
0.92861152
1.16378540
1.30040550
1.12268540
1.17584240
1.03934680
1.18248340
1.06956270
1.07379880
1.06184150
1.11793410
1.04530560
1.14088330
1.06861600
1.18929080
0.98512087
1.15332050
1.12230440
1.24171460
0.93355257
1.03486830
1.19126080
1.12670800
0.93300477
1.04726290
1.11491340
1.04935110
1.20226860
1.21506670
1.03891970
1.03979590
1.19780860
1.16230190
1.30143420
0.97264623
0.96793416
1.15164560
1.08898760
1.20072910
0.99546107
1.24808800
0.96210713
0.99978597
0.98213739
1.08282110
1.16872240
1.28698520
0.99706509
1.04476150
1.10972740
1.04686590
1.17596610
0.96666495
1.07755660
0.98010906
1.09209940
1.12912500
1.16237080
1.00366410
1.07804480
1.10859910
1.16375480
1.08016750
1.11327330
0.84185166
0.93686956
1.12128180
1.00070010
0.90408846
1.06167520
1.30589210
1.03822110
1.03957060
1.06654880
0.95055307
1.03939920
1.10897760
1.13869820
1.22400640
1.05280930
1.03335090
1.05892000
1.05294290
1.10088460
1.21939370
1.28829940
1.01431160
0.93634949
1.06809360
1.09331260
1.09611820
1.11157550
1.10955690
1.03413290
1.08296140
1.06914030
1.06141820
1.02996250
1.05773670
1.10553670
1.02898910
1.09056300
1.21548120
1.08956540
1.00916450
1.00908740
1.17543960
1.02087460
1.04855570
1.05318850
1.04411230
1.00641570
1.12996080
1.20833910
1.07285550
1.20496960
1.02807250
0.94614350
0.89636846
0.94735232
0.95087077
1.08774690
1.01241460
1.15106490
1.12769650
1.06116070
1.14159210
0.81495831
0.98333389
1.01830060
1.08598200
1.09219670
1.07803440
1.12443340
0.96010096
0.96435121
1.03023310
1.02217950
1.11922710
1.08468510
1.08494150
0.96682874
1.08817680
0.99358975
1.07082320
1.12707960
1.17040200
0.91635035
1.03536940
1.13891620
1.11750400
1.25873710
1.27172610
1.02565810
0.96285353
0.99457742
1.16729550
1.18830210
1.07897490
1.21829530
0.90449210
1.02595050
1.05098060
1.06008730
0.93719206
1.09298490
1.16610750
1.10634300
1.03886190
1.17586060
0.98647670
0.81678558
0.97782670
0.86647449
1.11885690
0.91957896
1.07734980
1.20494830
1.07119500
0.93237754
1.13852070
0.96427656
1.25229740
1.07038580
1.27442530
1.20222710
0.95596919
1.01745580
1.04415040
1.08730440
1.15566940
0.94027581
1.08298480
1.05183130
1.32973670
1.00933630
1.11172670
0.92685149
1.18383060
1.10363000
0.90992154
1.07914040
1.12787580
1.01341110
1.05106140
1.05123390
1.11730740
1.23286560
1.24477810
1.07747420
1.02383510
1.15409710
1.10461920
1.17837020
0.97501219
0.92784128
1.09926840
0.99467645
1.04966490
0.82301402
1.07980750
1.12419990
1.05612930
0.83542269
1.06402960
1.04093320
1.06943100
1.11121490
1.03012750
1.03876380
1.00988750
1.05246840
1.07112240
1.01613370
1.08189250
1.19993890
1.17685900
1.02567710
1.05620220
0.98105523
1.04187290
1.08608390
1.08499880
1.09228570
1.14276190
1.05663560
1.15889370
0.85184005
1.00381110
1.05989990
1.09871640
1.19488130
1.19232250
0.76864110
1.18678660
1.07987530
0.94340981
1.06468790
1.10356140
1.23916420
0.97088505
1.05407830
1.24633090
1.32871000
1.33931890
0.80824761
1.05812760
1.01994280
1.04520370
1.07805270
1.21408290
1.13700740
0.90803211
1.09115690
1.02759830
1.06732970
1.10886780
0.91268812
1.07572710
1.03342830
1.14258510
1.10648590
0.98649358
1.06731830
1.22861730
1.20533380
0.97614287
1.04611610
1.16206830
1.18890850
0.91385083
0.96149727
0.87549864
0.98958061
0.96799160
0.97976758
1.04796090
1.05562080
1.26745760
1.00262630
1.15793770
1.01409090
1.19365710
1.21766690
1.00265560
1.03068930
0.93460651
1.15594140
1.04229810
0.94976683
1.25749060
1.03172140
1.06635220
1.09063160
1.04436240
0.96849329
1.03171750
1.07920990
1.09217900
1.13102140
1.13461320
1.18323500
1.02824800
1.09552190
1.01766660
1.02766910
1.09571880
1.07034770
1.11775430
1.24310850
1.05172040
1.02267790
1.13982070
1.06284990
1.20499490
1.23738300
1.02660440
1.07329850
1.20466390
1.20339080
1.26960420
0.85936770
1.00841920
1.14065040
1.04948780
1.18970190
1.12689890
1.18126780
0.86517017
0.98247362
0.97512324
1.13492330
1.07243360
1.01593800
1.20251270
1.25059130
0.95684536
0.96705777
0.92218833
1.06373180
1.07204110
1.14504390
0.91789199
1.06754930
1.08291580
1.10997470
1.13421990
1.03236260
1.03952920
1.09963260
1.02040610
1.03520030
0.88529813
0.91996947
0.97010306
1.05395630
1.12701440
1.12345210
1.07536010
1.06204730
1.04208550
1.10666810
1.06027220
1.02339750
1.12827120
1.07877630
1.11520440
1.23260430
0.92781207
0.85963803
1.10107380
1.10299960
1.22403970
0.89617304
0.91867365
0.92151130
1.02894080
1.15614820
1.10447240
1.08536980
1.03419080
1.14887260
0.93185318
1.14010690
1.15589860
0.97934785
0.93682404
0.92640168
0.89920871
1.19845130
1.01758080
0.99681623
1.09597500
1.12452700
1.10358700
1.12271910
1.07927480
1.13859320
1.04909060
1.05805590
0.93240194
1.18450310
0.88147625
1.05078200
1.05100860
1.11531880
1.17045250
0.91796546
1.23248630
1.13923270
1.13718240
0.98151442
1.02508230
1.05087720
1.16573650
1.10232960
1.12828000
1.23786760
1.05893770
1.09761660
1.20418700
1.24936680
1.12382460
1.13873760
0.90635126
0.99622486
1.10349170
1.15335160
1.25773360
1.05921910
1.12277520
0.85305954
1.07266440
1.02762780
1.01450960
1.11536530
1.21383830
1.10422780
1.09183040
1.11885090
1.11830590
1.08324610
1.26052050
1.20718400
0.97578795
1.04591950
1.04415700
1.07742870
0.93292180
1.21421670
1.14412220
1.17051230
0.92706140
0.96834351
1.09901860
1.08492000
1.06204660
1.07680920
1.20576670
1.06044030
1.08971280
1.02561710
0.88895999
1.04618390
1.11040100
0.93957871
1.00394720
0.91534290
1.07298390
1.10728600
1.14745720
1.26104990
1.30612870
0.95710119
1.07486500
1.04365310
1.07724690
1.01101300
1.11895430
1.04777240
0.91573686
1.02702530
1.13950070
1.09912110
1.04535870
0.88201240
1.18502170
0.95736955
1.16371370
1.17654780
1.08664020
1.05787460
0.95374381
1.09596550
1.09392340
1.10908700
1.09119050
0.95503180
1.00861410
0.99182637
1.33009360
1.20271210
0.95961717
0.94237343
1.01520690
1.06609060
1.15397150
0.82821348
0.96882304
1.01657890
1.03893370
1.17699170
1.16697110
1.13632180
1.14530010
1.12612720
1.24654530
1.22767930
1.12171950
1.10601240
1.02183410
1.05282080
1.01769620
1.06943340
1.01253980
1.13601050
0.97071188
1.11020100
0.88237879
1.03786150
1.12731800
0.94265933
0.81542745
1.09515950
0.89984726
1.03845800
1.17598900
1.13245220
0.95071155
0.99697441
0.91487108
1.21050340
1.05937830
1.19972380
0.91729651
0.99800620
0.93698684
1.08939280
1.28677980
1.26500730
0.89273901
1.14262720
1.04472230
1.11607760
1.06301590
1.17675070
0.98583250
1.01418490
1.06392930
1.17741960
1.23203690
0.93693062
1.06767150
1.09283440
1.07749850
1.06821420
1.07887560
1.09874280
1.19475700
1.12757030
0.90380058
0.99682865
0.98365866
1.04579400
1.12477680
1.09399750
1.04952770
1.08808580
1.05083270
1.10826010
1.07933800
1.09013100
1.08492470
1.06962300
1.15470730
1.18097130
0.99087250
1.07426010
1.18543060
1.15466230
1.14020840
1.16814240
0.97394975
1.02570570
1.08745560
1.22683560
1.18918880
1.25370930
1.08775020
1.00765200
0.97530591
1.10757850
1.10188690
1.05806910
1.42144050
0.95491815
0.98752046
1.15648230
1.07327760
1.15774850
0.98550971
0.86282567
1.02614730
1.06610670
1.23352200
1.04545770
1.33179460
0.99304584
0.97802622
1.00219180
1.10081950
1.06457200
1.08036650
1.12491870
1.13059830
0.94763806
0.90621628
1.19191960
1.14719990
1.24550840
1.11234790
1.02770610
1.22981470
0.89082237
1.05124200
1.28037900
1.07790740
1.00152340
1.16025250
1.31027380
1.19986270
0.97180770
1.12973750
1.08432850
1.15635620
1.02914180
1.13501270
1.07507290
0.85001298
1.13711740
1.16544110
1.20084700
1.20313260
1.17050510
1.20757010
1.09440670
1.12702850
1.13481100
1.17399860
1.02923560
1.03410850
1.06358840
1.19266200
1.04596500
1.20683760
1.19234520
1.11336390
1.08756740
1.14609700
1.08385810
1.07561030
1.08024350
1.11810980
0.98924741
0.96736278
0.83927862
1.14613870
1.26461640
1.31579550
0.98317937
1.06363040
1.14007940
1.11842260
1.11283500
1.18712770
1.05543050
1.06582360
1.04815010
1.16358860
1.31476310
0.91961731
1.01460490
1.10470030
1.05124840
1.12088100
0.96297656
1.12569680
1.08351940
1.17950840
0.96520099
0.98568075
1.05611180
0.96344267
1.16917160
1.13798880
1.28612180
1.05489530
1.15198540
1.15674140
1.30547860
0.92819120
0.96624669
1.24672050
1.08166510
1.16015890
1.12464640
1.16968250
1.27144490
1.09006330
0.97032291
0.88701669
0.92595550
0.95923653
1.00616990
1.13460600
1.06390250
1.26694210
1.18901890
0.93302685
1.08821640
1.06805450
1.10173310
1.18409700
1.29839490
1.02096420
1.26792900
1.12182660
1.04737630
1.15339780
0.88428909
0.86513238
1.09121450
1.03904170
0.95480284
1.09958320
1.17119090
1.17887010
1.10461730
0.89912168
0.93279832
0.85458459
0.92016370
0.73492039
1.00415050
1.09314480
1.04163440
1.11730830
1.02246700
1.09305140
1.13381350
1.03129540
1.05407490
1.24478090
1.15553040
1.02231690
1.19946090
1.00064370
0.99817872
1.03034150
1.05338740
1.24607870
1.07078070
1.12364500
1.11446440
0.99502044
1.17874890
1.09345810
1.08246750
1.11820330
0.87302293
1.00330930
0.87919932
1.03242190
1.12061000
1.19940270
1.12079870
1.15565750
1.02018900
1.05240030
1.07456240
1.17592040
1.11853500
1.25084270
0.95380844
0.94449192
0.95559727
0.96289296
1.18151470
1.02750540
1.03584400
1.00377680
1.07813770
1.26508680
0.98136402
1.00672700
0.99391744
1.00251110
1.06342090
1.03344260
1.05125430
1.09066570
0.97577579
1.04221350
1.21063200
1.16713670
1.13242490
1.16239050
0.99800396
1.13788520
1.06742550
1.01043950
1.18184560
1.14003370
1.19541300
1.16084230
0.96963784
1.02359510
1.02774170
1.21397190
1.18000980
1.11926730
1.15577610
1.03472490
1.02076340
1.11544750
0.94870627
0.96203232
1.16744670
1.06651540
1.29219550
1.02008550
1.01121660
1.18540080
1.10894380
1.08435200
1.36038930
1.06488270
1.04094570
1.13004290
1.02167760
1.12590550
0.97294150
1.00824590
1.03529840
1.10935440
1.08942870
1.12112990
1.09436000
1.07095840
1.16451230
1.06263460
1.13217720
0.99921769
1.03286870
1.06798180
1.05317220
1.07806810
1.12241450
1.10117720
0.86744306
1.05709940
1.03514150
1.13933930
1.15207570
0.96791175
1.02621270
1.02436270
1.17354160
1.02833620
1.08482080
1.22316580
1.26916100
1.05818250
1.18552140
1.04236080
1.22164290
1.18058910
0.92662238
1.00848560
1.16225250
1.01169980
1.02237890
1.16820130
1.02350840
1.21341430
0.97908376
1.04001980
1.06741350
1.13121090
1.04743650
1.05407740
1.20016590
1.03737280
1.00679990
1.13961510
1.04157100
1.06542680
1.26620640
1.17406120
0.96921135
1.06762430
1.19225180
1.06370910
1.14696340
1.15166220
1.06862440
0.84541424
1.12086250
1.21343830
0.96541030
1.17718910
0.84016758
0.99575209
1.12594990
1.16959230
1.16898810
0.93948076
1.11282340
1.12221120
1.24254780
1.02854420
1.11473530
1.14259820
1.13058810
1.26180170
1.22770130
1.27957030
1.06464020
1.06264070
1.14569630
1.05166920
1.01305790
1.13568900
1.03264210
1.22630070
1.04233350
1.02373560
0.98424732
1.14455710
1.01923920
1.13430170
1.08605310
1.03640380
1.27054160
1.25427850
1.13122420
0.82052879
1.01699150
1.01145160
1.06604190
1.03722570
1.10839150
1.15581900
1.14350290
1.08991580
1.00079500
1.03299540
1.03895050
1.02146280
1.13530540
0.96786156
1.11629550
1.08789020
1.08261920
1.12612490
1.03093550
1.06176910
0.82401389
0.92157810
1.09079830
1.13973510
0.98107804
1.01096110
0.98949629
1.11513280
1.02515370
1.04843940
0.96924063
0.93968871
1.00345000
1.10548480
1.19169000
1.30713300
0.93100693
1.02415470
1.11627760
1.26765260
1.29223880
0.99294006
1.11082580
0.97455134
1.31345670
1.04774990
0.98785146
1.00238510
1.18641030
1.08700910
1.21422190
1.13723240
0.96742118
1.04970390
0.92765618
1.07477430
0.96459049
1.12996390
1.02159730
1.03252940
1.06218490
1.07027540
1.01729060
0.98848857
0.99430820
1.02643490
0.94187111
1.08001600
1.12898370
0.89825765
1.18648210
1.08427190
1.15303830
1.08205810
1.20772570
0.91523206
0.95267326
0.97196499
1.00644050
1.02989630
1.01641940
1.04755780
1.13332610
1.13804760
0.92287160
1.02267370
0.98098879
1.12092730
1.07326350
1.10533050
1.19012990
0.98544696
0.97669909
1.11646210
1.27799550
1.05420900
1.10996130
1.08126730
0.91469706
1.03364580
1.02378520
1.10629580
1.03953930
1.03592760
1.06059330
1.10702190
0.92592774
0.92677262
0.94019947
0.99956678
1.06986350
1.01694350
1.05883060
0.92334327
1.16048000
1.01919720
1.19590700
1.03613430
1.04197700
1.18636640
1.01289620
0.92284709
1.17735800
0.76538761
1.02173040
1.07415860
1.07925460
1.09923330
1.08802890
1.09069730
1.02840670
1.06110070
1.16222200
1.13046710
1.02556980
0.92583006
1.09810700
1.01508190
0.95234734
1.10135590
1.10400690
1.15551970
1.06588800
1.09626900
1.12084930
1.19120840
1.18417820
1.27425680
1.06531310
1.02183100
1.18071350
1.18501010
1.05682980
1.14484530
1.15481020
0.94029414
1.04751000
0.99416321
1.30427360
1.00844160
1.12009710
1.04066810
1.12986900
1.14370700
1.15110790
0.92399760
1.12369510
1.00953200
1.24266010
1.13323120
0.95037591
1.18226330
1.08106900
1.18307630
0.91541196
1.18504800
1.09323560
0.90777187
1.01741690
1.10152670
1.18330640
1.12342450
0.98299282
0.98689786
1.11955240
1.33124760
1.35313010
0.92064074
0.89922104
0.91846473
0.98481231
0.98742896
1.11145540
0.95525311
1.16253180
1.26530990
1.09923170
1.37655900
0.89826828
1.05258410
1.05605590
1.13126760
1.05040020
1.12321640
1.10179260
1.06390510
1.05612940
1.04907130
1.00039560
0.96739536
1.08427180
1.12240170
1.09895640
0.97005461
0.91701349
1.10020690
1.02294780
1.15665820
1.01652320
1.04102050
0.92749859
1.00769230
0.94370695
1.25453120
0.86594629
1.01896150
0.99337264
1.10048330
1.03937950
0.98501391
0.99687565
1.02617160
1.01511960
0.99238533
1.04468390
1.08826410
1.01486900
1.13587720
1.14071610
1.21066650
0.91983383
0.97272686
1.00962560
1.03125650
1.02801470
1.06495640
1.07006570
1.17310910
0.87311970
1.09912230
1.01116550
1.05765860
1.02837190
1.08251240
0.95876024
1.17050960
1.01252380
1.00244050
1.05307170
1.07787380
1.12911820
1.09968880
1.12713790
0.92048393
1.11843890
1.11072710
0.99330528
1.11647740
0.93529409
1.03413550
1.12340600
1.03967230
1.18452070
1.16656350
1.29951040
1.10003480
1.10914340
1.08684930
0.97846249
1.18557830
1.17855560
1.04791140
1.13333040
1.09905390
0.91586557
1.11235350
1.21145450
1.06171290
1.08438220
1.06925590
1.11615430
1.06758400
0.93110921
0.98676790
1.03321220
1.05584950
1.19084900
1.18653140
0.93557365
1.12989900
1.19497170
1.06578060
1.27213010
1.23183760
1.29362320
0.96501945
1.09692670
1.04767160
1.11380260
1.30379050
1.01189730
1.09376420
0.99645891
1.18434540
1.09253550
1.07249670
1.00841820
1.13836970
1.10336750
1.09239810
1.08485850
1.04325020
1.26691470
1.02309630
1.07785610
1.10317350
0.96431618
1.05763160
1.16008110
1.17276340
1.06329760
0.97788631
1.06798280
1.19486830
1.16267740
1.16553000
0.88371873
0.99458727
1.01592870
1.09315930
1.14729940
1.09676040
1.21231310
1.05575130
1.08709340
1.18487300
1.28638260
0.95010228
0.99502048
0.92226755
1.00372570
1.11267240
0.95039923
0.97077345
1.10708210
1.02878090
1.08220380
0.95708427
1.02401280
1.11405780
1.17597630
1.13626170
1.07214590
1.10082360
1.04630600
1.10796570
1.04442400
1.08777840
0.97997026
1.08033160
1.17163250
1.16641560
1.02824490
0.84131245
1.04089850
1.08616840
1.18259140
1.10654750
1.02178470
1.01197030
1.01262280
1.04864850
0.98361218
0.98501808
1.05552350
1.08861410
0.97222765
1.05366380
1.05537460
1.09568460
1.15943250
1.04772690
1.21817080
0.95011312
1.14694440
1.11831020
1.06465050
1.04505310
1.10651730
0.95569215
1.00828230
1.20458520
1.19649400
1.08751430
0.92190944
1.01749560
1.07729670
1.14265980
1.07862200
1.13137310
0.92880755
0.98967443
1.10156360
0.92955494
1.07737840
1.14769800
0.95474690
1.08009540
1.18621630
1.23473980
1.06002410
1.10442370
0.99260461
1.15329640
1.06541840
1.14030040
1.15652800
1.14589340
0.94177545
1.00092610
1.11515580
1.16792270
1.15038320
1.19500250
1.04230000
1.12725230
1.12353680
0.89729904
1.11669380
1.05096120
1.20314220
1.28871310
1.12504590
0.96555541
1.10478140
1.07609230
1.19264340
1.04886940
1.02728850
0.96814000
1.04364850
1.05776130
0.92474189
1.08705100
1.19780330
1.08134910
1.14417050
1.18161340
1.14202370
1.20426010
1.02436790
1.12729360
1.06130050
1.17202820
0.91349062
1.15847030
1.19841780
0.92157271
0.97633477
1.09961040
1.10041610
1.16340260
1.15387730
1.17468420
0.98856348
1.18028250
1.11319060
1.20694740
1.25292830
0.95243403
1.16388530
1.12810190
1.17455160
1.13024020
1.06055500
1.15067840
1.05011710
1.15111560
1.35100820
1.09069230
1.06215630
1.10405300
1.21235650
1.16582020
1.06005150
1.12944370
1.28295140
1.12915060
1.08267660
1.07828390
1.31596770
1.11423200
1.19364950
1.28386410
0.95749436
1.10460280
1.17149670
1.05824050
1.15993470
1.06625500
1.12590780
1.06361340
0.99835853
1.16587730
1.19681160
1.24187950
1.01354200
1.04209170
1.15011580
1.17634500
0.85875194
0.92160282
1.03847110
1.21372260
1.10332550
1.19977800
1.05249810
1.21960050
0.98139952
1.13730980
1.12509600
1.09472510
1.17362730
1.12590170
1.04313150
1.17969830
1.14442140
1.21502520
1.16968280
1.08004790
1.13544830
1.17880880
0.95303501
1.02559420
1.17816730
0.98931915
1.19989070
1.07012200
1.03177520
1.08400640
1.28545430
1.04651770
1.09792610
1.07069130
0.97140287
1.04037470
1.13334380
0.91201171
0.85213936
1.04125240
1.10312760
1.02740970
1.02145620
1.20481380
1.14430310
0.89007893
1.04357370
1.00745090
1.09473360
1.23383110
1.16355640
1.01944970
1.21478270
1.27437160
1.26247300
1.04811780
0.99176259
0.98400546
1.12036680
1.06502750
1.16795420
0.99681465
1.01821130
1.13367570
1.05370870
1.00027840
1.23472570
1.23699280
0.88486392
1.02965180
1.01748490
1.12412680
1.16947990
1.01189950
0.99816942
1.07678710
1.19483520
1.17847800
0.93820526
0.99060652
1.05187250
1.10186540
1.10214580
1.10091450
1.25664750
1.08738640
1.07392210
1.31445020
1.04365560
1.01266760
1.10477190
1.01407190
1.08021750
1.06793940
0.89578406
1.09981670
1.01848320
1.22198380
1.36610210
0.97661836
1.04788750
0.98453071
1.07766090
1.30180390
0.98942611
1.04133110
1.06403530
1.10522170
1.21975190
1.07061930
1.10492300
1.23539110
1.23946230
0.98262268
1.24600860
1.14648860
0.92921979
0.97238668
1.15327270
1.10175610
1.24266070
1.10978650
1.09567610
0.94244587
1.12185200
1.03172010
0.96037409
1.08697370
1.27114020
0.85616104
1.09059660
1.05343770
1.20947130
1.08166760
1.20558880
1.11869440
1.14138230
0.99955819
1.02147430
0.99594309
1.08231610
1.09665900
1.05167170
0.94798355
1.08724670
1.04228210
1.03306890
1.04084930
1.06002940
1.06346290
1.05144850
1.16777180
1.08838280
0.91934253
1.05777390
1.14157450
1.17466140
1.11541980
1.16884190
1.21122990
0.92511898
1.01070720
1.02593070
1.20447800
0.95039565
1.01007640
1.07822640
1.25565740
1.23191530
1.28970330
0.94928812
1.03022250
1.17813180
1.12209690
1.19185870
1.16993180
1.19885020
1.16520460
1.03685470
1.04103020
1.07124120
0.83598967
1.10946050
1.11886200
1.08770770
1.06022190
1.17283020
0.97939812
1.06206990
0.92773315
1.12676790
1.21642620
1.17480970
1.23674530
0.97000654
1.09292500
1.00939210
1.05221410
1.12206410
1.27381590
0.84479749
1.12485360
0.94809858
1.16020720
1.03942140
1.16395500
1.13373620
1.01907360
1.04801330
1.12279840
1.07769300
1.16245930
1.04750200
1.18071900
1.32928740
0.86081410
0.97919958
0.95978518
1.19557080
1.20997790
1.01738430
0.88113696
1.06866650
1.16313100
1.06025820
1.09471900
1.14347640
1.18480760
1.13911240
1.21471160
1.18681230
1.26027290
1.03542310
1.11903470
0.95188567
1.12768430
0.95694707
1.03901100
1.14899670
1.14189600
0.80378253
0.89572557
1.01694230
1.16114640
1.15763620
1.18326360
1.03613100
1.06356270
1.04171580
1.14898720
0.89138634
1.20808520
1.26780650
1.10444830
1.15434080
1.09628910
1.25675130
0.88806196
1.17720680
1.17723640
1.04367530
1.11048180
1.06731300
1.06195980
1.12438650
1.00335940
1.25332720
1.19761650
1.27056030
0.92851628
0.97768666
1.14134590
1.27616890
1.01644380
1.20128370
1.10485220
1.14045100
1.02864100
0.93220608
0.93150926
1.24360480
1.23815870
1.16759730
1.12223290
1.11404620
1.05264330
1.10807700
1.20592390
1.23976190
1.28760180
0.95126672
0.97767801
0.96204154
0.94034800
0.96735022
1.12466320
0.98486512
0.92558824
0.99599829
1.07443080
1.05508870
1.02579020
1.11516830
1.15185850
0.92601315
0.95293466
1.01163240
1.03717890
1.05848290
1.08605200
1.02706000
1.09057200
1.14940140
0.98890819
0.91709863
1.04845510
1.10084810
1.24940920
1.27311440
0.96951340
0.93899605
0.90291150
1.14235970
1.28804570
0.97417030
1.06790720
1.10591820
1.20885580
1.17572180
1.15658760
1.17973740
1.06719700
1.11678580
1.07134610
1.13226190
0.91356644
1.25512010
1.05684670
1.11429000
1.13843500
1.06570180
1.09071110
0.83198109
0.92244386
1.18096800
0.88987911
0.88703560
1.09372220
1.00032250
1.14603810
1.04018090
0.86578986
0.94179486
1.09020430
1.20432490
1.43804830
1.16318950
1.15845210
1.17794190
1.06552260
1.26369680
1.05720060
1.04209760
1.06073100
0.98622629
1.10864900
1.11650820
0.90053614
0.98694679
0.97878180
1.17074270
1.13625250
1.08238500
1.17791900
0.98156724
0.94781172
1.05461810
1.11648930
1.07957740
1.15867430
0.78697963
0.90306896
1.08961960
1.08175830
1.10809970
1.18912510
0.99863114
0.98380129
1.00715270
1.08714570
1.07452570
1.31987120
1.33129700
1.08605780
1.01199950
1.16003180
1.08056110
1.23849420
0.91588748
1.07253660
1.12849410
1.16907280
1.16882200
1.18387890
1.00037170
1.18757070
1.02345860
1.07064140
1.03296080
0.96437779
1.15784500
1.10505020
1.01818900
1.13562340
1.06048630
1.27091290
1.14848810
1.03741810
1.12487740
1.22598810
0.96454842
0.94295775
0.89877764
1.21837460
1.08444290
0.93036203
1.19127240
1.13113520
1.01906080
1.01709010
1.11798740
1.20251910
1.00183080
0.92280669
0.94569349
1.10138640
1.19001120
1.06324700
1.08249680
0.86938032
1.08671340
1.12340890
1.21861190
1.14487690
1.05086720
1.15778550
1.17758620
1.10814410
1.16036930
1.15170540
1.14743060
1.08277480
1.01566860
1.19654920
1.08835900
1.19078840
1.08374630
1.06757150
0.88077717
1.08736190
1.02379480
1.13547220
0.96689925
0.87631528
1.21216000
1.00379910
1.06394030
0.96371717
0.97572256
1.16916580
1.13220130
1.03505040
1.21465480
1.11365440
0.92524281
0.82828968
1.03145950
0.99081704
1.21405500
0.87876178
1.02332860
1.03518010
1.14560480
1.06379640
1.10638930
1.20948630
1.12798750
1.04057430
0.98025497
1.11542580
1.10050650
1.12068550
1.23441270
1.17289560
0.93337883
0.98693051
0.89214457
1.11772810
0.90041154
1.08161090
1.12995400
1.05322670
1.09856380
1.10414020
1.16003650
1.25798640
0.98648142
1.02599870
1.15136240
1.25762790
0.99102001
0.94934751
1.23646700
1.18550560
1.19382130
0.96574104
1.06411750
1.13224860
1.19472720
1.01734370
1.24742160
1.00985900
0.99015526
1.00528820
1.17732470
1.04013010
1.00635200
1.16332490
1.25032500
1.07941980
1.04774270
1.21629040
1.06531060
1.08106560
1.22628500
1.10354150
1.19237540
1.11935440
1.01410530
1.19833920
1.07251310
1.01298060
1.00311950
1.11358640
1.02186310
1.04752060
1.02296620
1.15662910
1.08578740
1.15700350
1.14394150
1.06166540
1.17672860
0.88474085
1.09865280
1.21075100
1.19227710
0.83610029
0.90160946
1.08524390
1.04069790
1.17056800
1.08151710
1.00641690
0.92564797
1.00816610
1.30978900
1.18489680
1.09581650
1.02898470
1.09761390
0.89877364
1.15963890
1.15903070
1.01710040
1.15539480
1.12080170
1.09333330
1.26343910
1.37541110
0.91089796
1.08603610
1.14580910
1.03368290
1.15880800
1.16774580
1.01945440
1.05000210
1.03179050
1.11500080
0.96062204
1.12708930
1.13351970
1.19021380
1.16660220
0.98164794
1.05161980
1.01381270
1.07155270
1.10683740
1.08748460
1.09918850
1.23261790
0.96603099
0.99689518
1.10379420
1.05572030
1.07988600
1.08895970
1.11926430
1.16912580
1.17406550
1.16821540
1.08211250
1.04731830
0.96033307
1.06335000
1.14211590
1.04819860
1.09454310
1.02697360
1.02347500
1.04117480
1.07850400
1.11314660
1.06122500
1.00544720
0.95155912
0.98801145
1.01556580
0.97419232
0.98104288
0.90554101
1.18297020
1.15240200
1.20195800
0.93664978
1.15974250
1.05594510
1.02729770
0.99270201
1.12882260
0.96045348
1.13707540
1.14542630
1.06098480
1.34865330
1.15531070
0.98274088
1.28739430
1.14358200
0.91752442
0.98349501
1.14600680
0.92184971
1.00552630
1.16863970
0.93011856
1.06303640
1.05179420
1.14568240
0.96058806
1.17322120
0.94592196
0.87841613
0.99239826
0.98973357
1.19572350
1.12816270
1.10147140
0.96416264
1.03160350
1.18444670
1.07628610
1.25884430
0.92779367
0.93173288
0.99175415
1.18508580
1.18886460
0.98926045
1.07009730
1.19662570
1.18571890
0.88209105
0.90992842
1.04777460
1.12243300
1.05176300
1.37404210
0.90074941
1.03917400
0.95981641
1.02597640
1.10630360
1.06499210
1.00422040
1.16909360
1.18262570
1.06313800
1.08077280
1.00359890
1.14486580
1.02232580
1.23263290
0.87976252
1.01501060
1.12472930
1.14125480
1.13766590
1.02887370
1.05091250
1.14352480
1.14241550
1.12527920
0.93667096
1.09157360
1.12517750
1.12019820
1.20956450
1.31386010
1.09190720
1.23496790
0.89718231
1.11761990
1.07021340
1.06399100
1.10456510
1.03187130
1.19467260
1.31205070
1.07377910
1.09903140
1.05121590
1.16473550
1.29691310
1.02576550
0.99568893
0.98886509
1.14186920
1.20143710
1.19017400
1.00081960
1.02189660
1.14202320
1.07849260
0.98237977
1.02483330
1.00655530
1.05466060
0.96718791
0.91392600
1.05407440
1.05304250
0.93270502
1.20692590
0.98839981
1.15682290
1.36340490
1.03441530
1.02859050
1.18303050
1.08739950
1.14777600
1.17177650
0.95750210
1.05358080
1.11090200
1.12697970
1.25741770
1.04164250
1.04433200
1.08681660
1.13614010
1.21448390
1.24760920
0.89048430
1.07214690
1.06394970
0.98271956
1.12635890
0.88994616
1.38775330
0.97240228
1.10855080
1.15113400
1.26009730
1.40976710
1.06632490
1.04276430
1.07147590
1.10738110
1.04070420
1.04290990
0.99795978
1.14411530
1.12693620
1.07486320
1.10990100
0.90766545
0.99013465
1.07317000
1.04752870
1.15225290
1.11130690
1.04429350
1.04495820
1.09555890
1.12906080
1.13526230
0.81254300
1.02392610
1.08852640
1.12728950
1.09509590
1.14046340
0.88459412
1.06009340
1.04808130
1.05931200
1.10341200
1.10960770
1.03718550
1.17394740
1.12164700
