1.03066260
1.08296320
0.96987204
0.98112170
0.86625565
0.91354274
1.03593350
1.05369210
0.98971724
1.18788000
1.11369960
1.00245030
1.20495080
1.11766870
1.11809680
1.14385010
1.29309110
1.03713810
1.21731050
1.14763290
1.27716440
0.96151557
0.95582390
1.09724930
1.13609340
0.92859596
1.14392260
1.10742840
1.16249320
1.12623910
1.17033360
1.05158880
0.93874821
1.06625390
1.12647330
1.10960990
1.23677660
1.05878060
1.07503680
1.19950290
1.05486210
1.05507880
1.21905830
1.07292100
0.95784813
0.95853379
1.05959900
0.98089705
1.04767680
1.24443940
1.13002850
1.16208390
1.24577120
1.02770070
1.13058580
1.24116620
0.97821749
1.04108900
1.16385600
1.15470470
1.11346260
1.17033780
1.11463370
0.96592233
0.96176397
1.22560870
1.02959880
1.07215320
1.05857020
0.96839527
1.23176430
0.93773007
0.97016364
1.29111460
1.32122700
1.11748870
1.02432640
1.30660660
1.03546530
1.13345290
1.01061860
1.30960080
1.11919870
0.92718033
1.01812740
1.13006800
1.09234390
1.15536410
1.20863520
1.19732520
1.12182390
1.14648650
1.17611060
1.19499800
1.22462630
1.08722200
0.96574818
1.04030830
0.90323094
1.14684720
1.11218870
0.99847596
0.93919275
1.12092070
1.21918370
1.00433660
1.11258150
1.17043060
1.04605740
1.16235430
1.10099690
0.95599973
1.12786990
1.08344520
1.11379040
1.06858070
1.11043440
1.16597500
1.16131850
0.99123503
1.03649560
1.04319180
1.12535550
1.20810440
1.24168580
0.95995960
1.07241440
1.05192740
1.12091760
1.23025310
1.01398120
1.14295630
1.00441400
1.18545860
1.20224890
1.13202340
1.10478640
1.03768710
1.11751380
1.00836940
1.09937080
1.29929540
0.99551135
1.19118580
1.15382690
1.07636700
1.11175210
1.06571280
1.07874610
1.22560660
1.09456560
1.15833860
1.17494930
1.08569160
1.00380650
1.09202110
0.91985963
1.01107630
1.01028420
1.25539660
1.14491490
1.17190150
1.03087630
1.07468980
1.12291610
1.15036150
1.28366320
1.04831370
1.04106920
1.11607410
1.04463990
0.86135924
1.05372400
1.19347970
1.31297540
1.25718080
1.11368280
1.03928890
1.08321380
1.07160550
1.23714230
1.20189270
1.11284910
1.06976480
0.98594883
0.93383178
1.03226710
1.08413690
1.30333320
1.29013300
1.07104300
1.27193660
1.13342410
1.05642170
1.15537970
1.17356380
1.00145690
1.11789980
1.01092630
1.07404270
1.17991190
1.00045430
1.10382430
1.09472430
0.94814197
1.09752130
1.14418400
1.05761750
0.96561330
1.20868890
1.25485450
1.11490040
1.14800850
1.08862140
1.12150520
1.08143430
1.09729260
1.07691350
1.20550380
1.03584810
1.13826000
1.16454360
1.17143720
0.97366987
1.20719040
1.21584020
1.15601250
1.22652010
0.83157273
1.08057750
1.20079880
1.03109770
1.07475130
1.06072560
1.15855580
1.17244540
1.07248680
1.07309380
1.16529040
1.13576590
1.14203040
1.20948320
1.02994700
1.18413100
1.02666880
1.08631270
1.05067640
1.22320500
0.96802571
1.29561640
0.97299129
1.08033700
1.32680090
1.09136310
1.10572860
1.01774720
0.95764678
1.04200000
1.16555970
1.10890040
1.11792970
1.01496540
1.09271740
1.06575310
1.08709680
1.17279880
1.07445670
0.98093522
1.10452110
1.17085280
1.15447170
1.09786700
1.00867430
1.23476730
0.99464328
0.97009695
1.11879830
0.99724045
1.15490730
1.04691980
1.08555410
1.08814690
1.04668380
1.08760920
1.13047220
1.18177370
1.09119480
0.99280932
1.13231680
1.12782850
1.12809140
1.13692220
0.89995855
1.07277790
1.10500390
1.06776810
1.12920110
0.97630267
0.98978466
1.33734560
1.01047780
0.98823589
1.04146430
1.06321430
1.04390830
1.32734600
1.02085530
1.02483960
1.01833950
1.05795210
0.96724582
1.05001920
1.06992650
1.14919060
1.14336300
1.01737590
1.12532190
1.16095360
0.95702322
0.96683896
1.07643210
1.20417170
1.05983470
1.00885670
1.03683090
1.11490630
1.07699860
1.13151370
1.13347300
1.04110630
0.99639582
1.04949780
1.08793110
1.15864000
1.02669870
1.16446300
1.11155620
1.26974930
1.28461120
1.10616850
1.10266810
1.18368910
1.12485910
1.18134040
1.24406780
1.16778280
1.19454120
1.12488410
1.05500780
1.10652770
1.06262600
1.20933850
0.98811002
1.04246030
1.13892680
1.17311310
1.23364170
1.19096670
1.19945610
1.11486860
1.09685900
1.06137820
1.06970940
1.10040120
1.33383390
1.42893230
0.91589369
1.04453360
1.21061010
1.12427640
1.05217910
1.09184050
1.23554340
1.04916160
1.22306430
1.34732790
0.89824707
1.07072200
1.19516890
1.11499020
1.13121180
1.18967930
1.07596340
1.31085530
1.17177890
1.12057490
1.09598280
1.13467540
1.04350440
1.06609860
1.06768050
1.11703210
0.00050586
1.00325530
1.06576200
1.05346200
1.07676500
1.24260780
1.19734660
1.13424670
1.33095060
1.03322180
1.06353210
1.10032420
0.96758052
1.00238040
1.00128230
1.23021870
1.00464710
1.06402730
1.04132990
1.05818630
1.29077360
1.23042500
1.22788700
1.08378800
1.14223720
1.14133120
1.13978360
1.17844800
1.18726970
1.04707870
0.96906378
1.02343430
1.32234680
1.09987800
1.25151650
1.09609570
0.97655398
0.99819475
0.97360160
1.14727380
0.96741534
1.19668140
1.09238030
1.08400690
1.17806020
1.10725440
1.22135770
1.16426460
1.12009300
1.07437360
1.25572840
1.18069440
1.06967460
1.22842250
0.92087394
1.04979700
1.06703020
1.07126030
1.24971550
1.05518220
1.23702420
1.08333320
1.25232650
1.12276050
1.12994280
1.06941380
1.15045210
1.18078340
1.04101820
1.10520360
1.20966230
0.94036640
1.15937190
1.04069700
1.23875120
1.17110020
1.11119080
0.93097613
1.23152980
1.01558540
1.09111150
0.89619365
1.09933780
1.05028740
1.05782820
1.00709110
0.97092826
0.98406086
1.11235750
1.11158040
1.20309460
1.12733380
1.21960360
1.24978980
1.14557410
1.09321660
1.06139510
1.05119800
0.99570440
1.10037650
1.11825960
1.07981120
0.98868678
1.10395230
1.12054210
0.99936191
1.16651710
1.16770510
1.01618630
1.20132700
1.24762790
1.33636330
1.08557760
1.03501000
1.04289860
1.03612640
1.21869050
1.16155410
1.20413860
1.14572120
1.02367700
1.16874620
1.14203400
1.13399380
0.99040702
1.02086840
1.14083970
1.08768540
0.90612032
0.90862695
1.09215640
1.03491530
1.06397610
1.16981020
1.03347610
1.11933310
1.11817020
1.09640490
1.29482930
1.02417120
1.05817590
1.06242740
1.09583410
1.12580310
0.87953068
1.09864750
1.04700970
1.04703690
1.25792800
1.21309590
0.95226390
1.10357670
1.08703920
1.17553430
1.29841310
1.07689660
1.07825570
1.18306690
1.15179720
1.25818470
1.23034880
1.09694520
1.16791810
1.04116950
1.07934730
1.14161270
1.35560800
1.00263390
1.08302200
1.05166420
1.04651920
1.08767250
1.12893740
1.24594930
1.00671260
1.15864940
0.97966954
1.04669290
1.11025270
1.06048730
1.14793020
1.06036890
0.97334080
1.03505400
0.97734155
1.09479160
1.10090610
1.03192730
1.10594090
1.07772640
1.08751530
1.06130990
1.06666140
1.11142080
1.05606240
0.96901535
1.05191640
1.07197050
1.12379200
1.08535210
1.10237910
1.02431080
1.13039540
1.11798660
1.13457660
1.02706180
1.02932730
1.19090560
1.08179390
1.04689020
1.25294240
1.16601740
1.23252200
1.25420240
1.18506730
0.99384421
1.09147140
1.03055850
1.03825890
1.15345110
1.18893810
1.08430490
1.12928620
1.17765950
1.06889120
1.12361760
1.14584310
1.10214730
1.15399110
1.09217820
1.10316460
1.09603610
1.14564360
0.94200070
-0.00993152
1.10853050
1.20058490
1.06098650
1.04386360
1.16881900
1.18189530
1.12824730
1.02783380
0.95258223
1.16583750
1.14480530
1.12882610
1.19671000
1.04504550
1.31565160
1.04638320
0.97374461
0.98308404
1.09711090
1.13810400
0.95583899
0.98577941
1.14004020
0.96798038
1.08700780
1.14211230
1.08651130
1.12469980
1.05326580
1.24758230
1.03257750
1.22167290
1.01827140
1.03242080
0.91859154
1.02939560
1.01021520
1.13145730
0.94770646
0.95549288
1.04631830
1.08909090
1.05850000
1.03994310
1.01578150
1.09618380
1.00514110
1.17985050
1.06893930
1.22028070
1.18593930
1.11613360
1.04722400
1.07238640
1.12085030
1.27080610
1.23628320
1.00704940
1.03162020
1.17375640
1.19571560
1.02748180
1.18708640
1.13297620
1.21593110
1.11134140
1.22154050
1.05088870
1.12232050
1.13881760
1.10791160
1.10221570
1.10908630
1.18895910
1.14419910
1.08994090
1.03613110
0.99551692
0.96781638
1.12208070
1.21445840
0.90234620
1.13938930
1.12957630
1.21011530
1.09652470
1.16402150
1.01700850
1.01959090
0.93629104
1.13500930
1.06492140
1.16382710
1.08347930
1.04513270
1.14031190
1.16464170
0.99223473
1.20218610
1.02542470
1.18579650
0.97098753
1.18655850
1.00105910
1.22207880
1.10661030
1.16196810
1.09165770
1.13849350
1.14708190
1.05133670
1.16942520
0.95769432
1.03847670
1.14925060
1.19610000
1.10159000
1.07499220
1.11512840
1.08952090
1.27995760
1.35361370
1.10582160
1.11385990
1.11173380
1.11587700
1.08831450
1.01744810
1.19887160
1.10104190
1.16087810
1.17709510
1.08520200
1.12965850
1.12542440
1.10896290
0.99578900
0.96260113
1.12092460
1.19417230
0.98519401
1.04683690
1.02075920
1.11244320
1.10170710
1.11781980
1.14315240
1.04365820
0.98507257
1.07254810
1.12972010
1.15269760
1.09645610
1.09364660
1.18167420
1.15389630
1.09180120
1.11812870
1.17072630
1.07200090
1.12839830
0.99765452
1.01243490
1.11172850
1.01895480
1.11290190
1.02010290
1.24124450
1.10048550
1.03350110
1.00968340
1.13984010
1.17824650
1.10372740
1.09073760
1.01559890
1.05619980
1.04452860
1.07717170
1.02520950
0.91145384
1.01142260
1.22808770
1.24899820
1.00003880
0.97249874
1.24445390
1.10521230
0.97433472
1.09725140
1.05947460
0.86755024
1.08952390
1.16622940
1.14766350
1.01812150
1.03177470
1.03480980
1.13299370
1.26614060
1.29031450
0.94736454
1.28214300
1.18370100
1.07660360
1.13587450
1.09527830
1.11490160
1.12013350
0.96254958
1.13068090
1.15640690
1.11562280
1.11242300
1.01101890
1.01424970
1.05828680
1.16903230
1.15476820
1.00357860
1.03947870
1.08450000
1.10129240
1.05256190
1.05070540
1.10375000
1.22821140
1.08963810
1.12213620
1.21399000
1.12241910
0.92817633
1.07051310
0.98794346
0.83189553
1.04495540
1.04338020
1.15170250
1.31578420
1.04789220
1.12054320
1.14282720
1.25891070
1.34264840
1.03478260
0.92853113
1.05492820
1.08227060
1.09861750
1.05354010
1.13489070
1.09423120
1.15343010
1.32670800
1.10458310
1.22200020
1.07639870
1.06676330
0.98278775
1.15429550
1.27498590
1.07879850
1.11803340
1.17129490
1.10358130
0.98248696
1.03987380
0.98469255
1.15446680
1.06828610
0.98329291
0.98153547
1.06239630
1.09568970
1.12817170
1.05142660
1.16226340
0.99329618
1.10749630
1.08423760
1.04349030
1.16569340
1.13236330
1.10380990
1.18171830
1.13394740
1.11897420
1.24934390
1.06953830
1.10346450
1.18208880
1.22486650
0.95399321
1.16305960
1.04663600
1.23371680
1.14487940
1.08288610
1.08353750
1.05189990
1.05872470
1.11535860
1.00770760
0.97250708
1.15449040
1.16583150
1.06607000
1.28010250
0.98892990
1.07262570
1.09309800
1.10182790
1.01719000
1.12169180
1.22932100
1.11394520
1.09104810
1.15641450
1.01846970
1.04037170
1.08781470
1.14409670
1.06884970
1.05351020
1.17149920
1.20050200
1.09377900
1.14825880
1.11978820
1.13192240
1.20201090
1.16691860
1.03127700
1.05464780
0.92192739
1.06708740
1.13959120
1.22921830
1.01665750
1.02168040
1.19637250
1.17411960
1.15548290
1.10769970
1.24216120
1.27788230
1.29329240
1.20564710
1.13110640
0.97767797
1.23009440
1.29832670
1.07656880
1.29400000
1.02861110
0.99685498
1.17531070
1.17778710
1.18991980
1.01738500
0.96602176
1.11461230
1.20198380
1.23220440
1.08848990
1.05257100
1.15412120
1.12631510
1.06014430
1.12919880
1.05427820
1.18622600
1.08731390
1.16704670
1.07711720
1.03132130
1.19773580
1.03016040
1.04151980
1.10453510
1.00867030
1.12461280
1.02919650
1.07045090
1.02968890
1.14809660
1.26460030
1.26828510
0.96309062
1.05199910
1.03414110
1.09522350
1.02578450
1.05098990
1.03772180
1.12603030
0.95461326
1.16315390
1.03922420
1.07313410
1.08739950
1.27630740
0.99059271
1.07763100
0.96953868
1.15404650
1.17477840
1.17712590
1.17155120
1.22288940
1.14655000
1.02893610
1.06762460
0.95112782
1.15908210
0.98906422
1.07730900
1.09784260
1.15586610
1.20526890
0.78846267
1.05141340
1.01461340
1.11768290
1.07429920
0.89199369
1.09360170
0.95584528
1.21692860
1.22050470
1.34332400
0.99317087
0.96332825
1.01366970
1.10402240
0.94668595
1.04289090
1.11121220
0.95777344
1.03429880
1.23348150
0.95488003
0.94511291
1.09726290
1.11862180
1.16310830
1.21297870
1.10948670
1.22996490
1.07669870
1.06802530
1.23443180
1.17010830
1.03380840
1.09409860
1.18850450
1.11012180
1.07075210
1.01851350
1.15552430
0.94560242
1.02834620
1.12682710
1.09096480
0.96473660
0.96901008
1.15297970
1.21521980
1.08351370
1.17346820
0.97570883
0.93840144
1.12737100
1.01222600
1.34296270
1.27402620
0.92149063
1.12317490
1.01680220
1.15291340
1.00731050
1.04928360
1.05700730
1.14198370
1.21198920
1.11435770
0.96945495
1.01203610
1.08498440
0.96553438
1.03596380
0.96548837
1.03193940
1.23413790
1.31128640
1.26737240
1.05941100
1.05844330
0.98808138
1.14195460
1.23889260
1.05901100
1.03029870
1.02462720
1.06923830
0.96670762
1.18857370
1.17782220
1.01370630
0.99078685
1.11704180
1.03633470
1.08381420
1.13369020
0.93715221
1.08205180
1.15100520
1.22276830
1.05215860
0.99873213
1.01603570
1.26022860
0.92666014
1.22961140
1.04369590
1.06772900
1.07609600
1.19432060
1.19289480
1.27803710
0.99294614
0.98335769
1.18746290
1.16986020
1.04037860
1.07314920
1.01278140
1.23528220
1.10169120
1.08104720
1.29231260
0.98062310
1.01015080
0.96433660
1.14103010
1.11056910
1.08955320
1.15751490
1.01933930
1.14267900
1.29435180
1.05121260
1.03229750
1.27916540
1.39190620
1.10054350
1.11546320
1.21138410
1.18087310
1.07019080
1.16671440
1.20991500
1.09070010
1.23437070
1.13307540
1.18016490
1.08617910
1.11186550
1.21302650
1.12891060
1.21337430
1.09760210
1.03013460
1.25902750
1.17995390
1.19537550
1.12243280
1.17397360
1.05622620
1.25344780
1.05669340
1.24817960
1.16347930
1.17200920
1.05998990
1.14906410
1.17103810
1.24130490
1.16679790
0.99275667
1.13267210
1.12699720
1.02430280
1.09157120
1.16594130
1.24046440
0.99319162
1.24819170
1.11223790
0.90464400
1.00834100
1.10227290
1.12623960
1.01731260
1.14323410
1.14478480
1.07766330
1.13119020
1.15670770
1.00090680
0.92777036
1.03307910
1.12769040
1.08725160
0.96999845
0.91494610
1.25515130
1.04298760
1.21919210
1.05958360
1.15644660
1.14932060
1.15609190
1.07530730
1.01759620
1.01646550
1.27464320
1.23925220
1.00959680
1.07755620
1.26036940
1.18024830
1.03320700
0.94076830
1.28102540
1.08087290
1.17744580
1.02221680
1.04853890
1.04093760
1.22828840
1.21378330
1.06220000
1.05489370
0.93748616
0.97256601
1.06643770
1.14149020
1.19396150
1.23325890
1.24662880
1.00704500
1.04182400
1.02508210
1.11332140
1.07309380
1.21870220
1.09342340
1.35364120
1.00531710
1.05302960
0.97438430
1.09144980
1.08410570
1.03402850
1.24674170
1.24069170
1.13899360
1.02638300
1.15288960
1.04092700
1.14772930
1.13462670
1.25940150
0.95869246
1.07965370
1.03291560
1.05731270
1.13232370
1.14189430
0.97261675
1.09123810
0.95143202
1.22196030
1.03894770
1.03667910
1.00856200
1.08603820
0.96485635
1.08453450
1.03502930
1.14995210
1.01416680
1.22361000
0.95314527
1.01636020
1.07293610
1.07428660
1.11682360
1.01282590
1.05655410
1.01945580
1.05885180
1.02993480
1.06583860
1.08584120
1.16871010
1.14688050
1.28037310
1.29531420
1.02708990
0.99840052
1.02703090
1.04693470
1.07274360
1.16938460
1.06109080
1.17954840
1.31794260
0.98355831
1.18439660
1.02504030
1.05450760
1.15539360
1.23278530
1.17595530
0.95727047
0.99356973
1.12351180
1.28463820
1.11340800
1.21597060
1.32252030
1.08616320
0.94764883
1.16821830
1.00633880
1.08870460
1.13888160
1.18106910
1.19328210
1.05843640
1.13609170
1.26929800
1.11852390
0.88340542
0.91037888
1.06172490
1.07193430
0.87235844
1.17520650
0.93721367
1.00868240
1.08845450
1.03899410
1.14173940
0.98856203
0.99674831
1.34159500
1.22136910
1.27837130
1.08380470
0.84122667
1.02262750
1.10665730
0.97345232
0.92650733
1.05702580
1.02537880
1.19765680
0.96749703
1.43440930
1.08978250
1.16362920
1.05375280
1.26205860
1.25198720
1.02665020
0.89358271
1.21569580
1.14187270
1.16092690
1.03666250
1.09196610
1.07086200
1.15789110
1.08680320
1.06100370
0.98527741
1.15739160
0.90033281
1.11129260
1.04411020
1.10748610
1.11196640
1.08035740
1.14396150
1.16751440
1.15669830
1.18494100
1.03119120
1.04474620
1.16481050
1.13793770
1.12294610
1.06797060
1.11952440
1.10831500
1.06306510
1.19499190
1.12648140
0.94640512
1.04957800
1.17186800
1.22659140
1.11843320
1.17975680
1.10930310
1.11104750
1.31542670
1.02020530
1.01998100
1.17898610
1.26070010
1.12910040
1.38694010
1.11958200
1.00422940
1.02726590
1.02509930
1.17777710
1.04758640
1.02489610
1.15860610
1.14394030
1.20452040
1.21534330
1.17337570
1.12178700
1.10739310
1.11574360
0.94771235
1.10925140
1.15230880
1.16013130
0.94684078
1.02813170
1.19762860
1.08145700
1.05332770
1.08681190
1.18515890
1.10654130
1.22919650
1.08915210
1.12933920
1.03651590
1.01409130
1.04688880
1.23958730
1.06870450
1.10339800
1.18858790
1.14023670
1.12947860
1.09243150
1.01368130
1.14290430
1.06718580
1.06614210
0.95726827
1.10615120
1.10002480
1.20823070
1.27005180
1.05235130
1.01765420
1.08328080
1.12847070
1.26003660
0.91758014
0.92427057
1.06445740
1.22143000
1.13610680
1.14590040
1.06943550
1.13551920
1.18167570
1.20113650
1.09307210
1.20671920
0.98336825
1.05318070
1.13282510
1.07919680
1.10736420
1.05419940
1.05697650
1.16859350
1.13025210
1.16392120
1.19457650
1.11102650
1.11927130
1.08129000
1.10186680
1.10425810
1.26715050
1.07579920
1.09386640
1.13940650
1.03214460
1.13680080
1.12891960
1.07582910
1.17581890
1.16653050
1.06116930
1.14366670
1.14675700
1.10060210
1.22420540
1.07601190
1.20824580
1.11910770
1.08841590
1.17888840
1.12780170
1.07374710
1.05468640
0.91988021
1.00342050
1.06896180
0.94706623
1.13706220
1.17058590
0.95721418
1.16632560
1.13759690
1.01876750
1.11159930
1.13797200
1.04772880
1.14213920
1.03137200
1.09722230
1.06625720
1.01426700
1.23444520
1.21376940
0.98044584
1.04685990
1.01422530
1.19883710
1.23880210
1.11308660
1.17940010
0.93642159
1.21290250
1.21729190
1.10457010
1.13041880
1.15840420
1.21285560
0.98819427
1.01765680
1.09241490
1.13175920
1.04628010
0.97935689
1.19755550
0.96119796
1.08985310
1.15079090
1.30078820
1.03283780
1.02369000
1.11675090
1.12546170
1.27385180
0.99784609
0.95694033
0.92689138
1.18508780
0.97507357
0.90938649
1.06240660
1.14494900
1.19204590
1.02037160
1.11361820
1.16520330
1.22330590
0.86264631
0.92663307
1.20241960
1.25070550
1.01961970
1.19372150
1.19708300
1.26918250
1.24730430
1.08524550
1.08541390
1.04907490
1.03061480
1.06256540
1.20231630
1.16112110
1.16571800
1.05191410
1.17762340
1.10520640
1.16135820
0.97160440
1.16368110
1.00918070
1.28922590
1.04994410
1.18618410
1.10552720
1.09015260
1.14481870
1.13137280
0.85694246
1.04373660
1.04472580
1.15611480
1.13234240
1.17107650
0.99560114
1.10922120
1.13822330
1.06439550
0.94418628
1.06565370
0.98961856
0.93924465
0.94293056
1.13137940
1.12451890
0.91734058
1.23007670
1.25249480
1.07260490
1.29565520
0.98581685
1.10781740
1.07393420
1.18891170
1.17992450
1.03274120
1.14129680
1.09040760
1.10690430
1.02579310
1.28784100
0.88795423
1.14462160
1.00617920
1.26102950
1.11437620
1.01645310
1.19256540
1.05189600
1.09023470
1.13552750
1.03943510
1.23382280
1.10835340
1.06106690
1.03420940
0.99873089
0.99938454
0.92682297
1.07292750
1.06519240
1.00779480
0.86303518
1.12103580
1.11353890
1.01669380
1.09777890
1.00052600
0.95645346
1.13550150
1.02736380
1.11689670
1.09162240
0.93725833
1.33742860
0.98449331
1.17356590
1.16793540
0.98200892
1.11397790
1.10096720
1.11048510
1.43312740
0.97321315
1.13927130
0.86237826
1.21534050
1.15702810
1.20012290
1.09685220
1.06651400
1.17400460
1.13533330
1.07243690
1.27056880
1.16731090
1.12971490
1.22568780
1.02530010
1.26396740
1.07814680
1.08130660
1.30843980
1.02567010
1.12001090
1.18784570
1.02524610
1.14304690
1.10340360
1.09936140
0.95773096
1.02805290
1.04062580
0.96826776
1.01626670
1.10975300
1.00320160
1.11167940
1.08029960
1.04152450
1.11671400
1.12337100
1.24912230
1.17104870
1.23531950
1.03249740
1.02496550
1.06564170
1.13215370
1.17924070
1.12582950
1.22304350
1.21749840
1.12407840
1.01153080
1.18350650
0.98070130
1.13182460
1.11063150
0.89273113
0.92878616
1.10523580
0.93455231
1.03843090
0.99561497
1.02467620
1.08076120
1.05505170
1.11684120
1.13933220
1.15112650
1.08852230
1.13404750
1.11212070
1.08717030
1.12058220
1.11991870
0.87567857
1.00834620
1.12773450
1.08383750
0.90883303
1.02511000
1.03255480
1.00108340
1.07245020
1.10813050
1.13330300
1.20236340
1.03371760
1.23840920
1.18169070
1.15252690
1.03020900
1.13643280
1.15719390
1.06220870
1.08480090
1.15131920
0.99698260
1.04555330
1.16597960
0.99298701
1.06872550
1.01372430
1.24081040
1.02495480
1.13698680
1.15340790
1.16303340
1.26969330
1.09302230
1.11886100
0.94578489
0.99771713
1.10058040
0.97557416
1.01206960
1.03451150
1.27104150
1.07987650
1.14868620
1.11805830
0.95359788
1.05194230
1.00331620
0.97004215
1.12302040
1.07323450
1.03512730
1.13854940
1.13430350
1.07261150
1.10858120
0.98161257
1.00412220
1.01948450
1.14420290
1.15360620
1.15290980
1.10259480
0.99562370
0.98582890
1.06546550
1.04433290
1.07439830
1.08135900
1.17734540
0.95090319
1.08566170
1.10616530
1.02249590
0.99349458
1.07798900
1.01255770
1.12518820
1.18124760
1.06520660
1.20342230
1.22346090
0.89879973
0.99808941
1.01479000
1.07502160
1.15805290
1.00603750
1.24045460
1.14393680
1.11518550
1.01366170
1.05196710
0.99341140
1.22431730
0.96426965
1.05181550
1.06047000
1.11498780
1.24016290
0.97626735
1.03150400
0.92757950
1.12952500
1.18305460
1.09360440
1.09047360
1.12393300
1.15768990
1.06500700
1.02176090
1.11214640
1.16266870
1.12610650
1.08219760
1.16845420
1.19239350
0.96226034
0.98159530
1.02879650
1.04135000
1.23726260
1.25450240
1.06695420
1.13921980
1.17387590
1.05191160
1.03487040
1.00516970
1.01941640
1.13571880
1.13732600
0.93341288
1.04504880
1.04661660
1.13180860
1.04109620
1.14035430
1.00536950
1.08432350
0.97132235
1.05361100
1.00625210
1.07318820
1.01315630
1.00528800
1.07098190
1.06030230
1.10817360
1.17005270
0.92918951
1.22581320
1.13524490
1.09673700
0.99599802
1.03048610
1.11249870
1.05635560
1.20146870
0.99858529
1.17520820
1.04148910
1.10659110
1.12591770
1.05405580
1.03384790
1.13100160
1.12286380
0.93663296
1.22846570
0.97418998
1.05907050
1.07137270
1.11027010
1.10238070
1.07415240
1.00009020
1.19900140
1.12176780
0.98201351
1.02456080
1.07043140
1.01708300
1.01412950
1.14471750
1.14433930
1.17239070
1.06240040
1.03732830
1.16432480
1.13730910
1.26880480
0.99914185
1.06747850
1.12376190
1.15970470
1.25487950
1.10127440
1.05652750
1.02359530
0.94395204
1.21126700
1.04287050
1.10030850
1.08052610
1.01409600
1.14733080
1.00145610
1.19020200
1.01701330
1.12164450
1.03001080
1.10016670
1.23999870
1.23264400
1.06047530
0.96472390
1.25073000
0.93147629
1.06695620
1.05113670
1.06276870
1.31784660
1.08400840
1.08135120
1.13183080
1.17137130
1.13959100
1.02512020
1.10101900
1.06408870
1.14107760
1.20472330
1.26881830
1.17975560
1.17460820
0.88764217
1.18615870
1.03866990
1.17718090
1.04099880
1.11988850
1.08455240
1.26547110
1.07907680
1.16006150
1.14766610
1.13072720
1.04805490
1.14829230
1.08752110
1.10738880
1.12714590
1.15568220
1.20584050
1.01452990
0.97183236
1.05952990
1.01665950
1.05884220
1.13919500
1.07142150
1.08293590
1.11389930
1.25564280
1.23404140
1.27000080
0.96687520
1.03968220
0.96536029
1.04153520
1.09932040
1.23742650
1.19919190
1.17201160
1.14298450
0.99605919
1.03786850
1.01336720
1.16589050
0.93027178
0.98263235
1.04733550
1.22944740
0.88696962
1.11564300
1.20631170
1.16070400
1.01447860
1.09893650
1.08818780
1.09090830
1.09577040
1.20750770
1.04268410
1.20713540
1.21001020
1.01877170
1.10507240
1.15855370
1.24115750
1.07241340
1.04879110
1.09735650
1.15265660
1.10942510
1.06718570
1.22520850
1.15541760
1.07077890
0.90765556
1.08729430
1.04184060
0.87565301
1.10066630
1.20592670
1.09849800
1.04086090
1.09729440
1.16984900
0.97775354
1.02642850
1.14984180
0.93101938
1.02826400
1.03418100
1.20376140
1.04159690
0.99921331
1.03155000
1.07122350
1.17690790
1.17990000
1.09252390
1.10663310
1.09480440
1.15365910
1.26309130
0.90856144
1.12907660
1.15622830
0.95004978
1.03971520
1.04518950
1.06735780
1.27049000
1.06564440
1.03556100
1.10326210
1.07216180
1.11685810
1.30138840
0.80078192
1.03658280
1.06493680
1.00179320
1.13723300
1.31783720
1.02336080
1.16595360
1.13627260
1.34333090
1.15014160
1.17153750
1.20336490
1.14268760
1.13736460
1.25650260
1.16912850
1.07913590
1.14132090
1.00149110
0.91585050
1.03997960
0.97697935
1.11033830
1.31833400
1.32883230
1.12762840
1.08771370
1.14293950
1.13662940
1.19049270
0.97470394
1.06257270
1.16354760
1.01603060
1.05635950
1.17728970
1.04253780
1.06136370
1.17214580
1.04428000
0.91516919
1.06984470
1.02436640
1.15526030
1.10435500
1.02586810
1.13681400
1.09642900
1.11955490
0.84973829
0.85232491
1.21544090
1.12692070
1.11004290
0.99496588
0.99802287
0.94669228
0.99726793
0.98879761
1.11607370
1.38630930
0.85366094
0.92744017
1.00303610
1.06349440
1.17639160
1.10487060
0.91212487
1.07687760
0.99426060
1.10178010
1.32208830
1.26275320
0.96290201
1.05758830
1.09268990
1.05294250
1.09574170
1.31989790
1.35350890
0.92009117
1.14720970
1.16770210
1.06408170
1.17233720
1.25900240
0.89854094
1.05065890
1.13849200
1.01485010
1.09355090
1.25852430
1.14718490
1.04452470
1.10797940
1.05288360
1.08538310
0.94983509
1.07372290
1.03281320
1.17440370
1.15540040
1.21142520
1.23340920
1.00910900
1.12663790
1.11230780
1.12006030
1.14916830
1.22231340
1.21873760
1.11587060
1.21339870
1.05983730
1.06413880
1.30961200
0.95753249
1.10589850
0.96157592
1.15414930
1.01364870
1.04319820
0.98895068
1.08681760
1.04728460
1.10727930
1.09078730
1.10296450
1.21597500
1.21867980
1.12802830
1.14165020
1.08808500
1.11857590
1.13152980
0.93402763
0.88751928
1.05377540
1.15171510
1.07736090
0.99084400
1.10553400
1.04569290
1.01428120
1.06764260
1.16589270
1.14951880
1.13413600
0.91434003
1.03467130
0.95391823
1.11886880
1.04520130
1.20804050
1.14984230
1.04686180
1.04960510
1.07014440
1.20791340
1.20130450
0.92917202
0.97538629
0.98231120
1.10198220
1.11211380
1.21584230
1.11990820
1.18325050
0.90479664
1.09140650
1.05919390
0.89114248
1.00041970
1.07202580
1.20863340
1.32565930
1.05350480
1.02682660
0.92410683
1.05043610
1.04574870
1.18058190
1.06553520
1.04076370
1.06132170
0.90748394
1.03971400
1.02522740
1.07262150
1.12866060
1.04915180
1.05015240
1.08999130
1.19077270
1.32062040
1.02838250
0.98930174
1.01678910
1.13793430
1.38745350
1.14004450
1.09173020
1.08831690
1.01192430
1.28065420
1.10203250
1.08849410
1.02113350
0.81046557
1.01999300
1.05328600
1.13410400
1.09072770
1.11875090
1.03053780
1.15283380
1.18671030
1.17125980
1.16195460
1.08506560
1.22423180
1.08690570
1.00901890
1.15841000
1.18759910
1.00339230
0.98492109
1.11265220
0.96966619
0.96497474
1.09813670
1.18006510
0.91696289
0.90672693
0.96613161
1.03543090
0.87866340
0.87970469
1.10126840
1.01649990
1.08949270
1.04648020
1.12456510
1.04872730
1.22655300
1.05063030
1.26515960
1.23306250
1.06548940
1.11796000
1.04302050
1.04244270
1.15371550
1.11067460
1.14511900
1.22885510
1.10365920
1.31820790
1.17938670
1.09577700
1.25295210
1.16838270
1.18409120
1.07903710
1.14115530
1.10310020
1.22681330
1.13640170
1.13317680
1.09905980
1.07028140
1.05970000
1.09181800
1.19729170
1.13091950
1.09907270
1.33043550
1.07945060
1.11336050
1.14852660
1.17886390
1.06737500
1.20264740
1.06350700
1.24024330
1.07348240
1.02761080
0.98791889
1.13540310
1.13094520
1.09912340
1.22764590
1.21657560
0.92532806
0.88330887
1.10023240
1.11552160
1.03723500
0.97497979
1.14603130
1.04097310
1.03584710
1.16197560
1.18786100
1.19120330
1.18892380
1.04898720
1.38666290
0.95288531
1.02944760
1.06395660
1.02912640
1.13763800
1.29808040
1.06447160
1.16772010
1.23888610
1.34392400
0.90627501
0.90162858
0.99911320
1.15601390
1.08048950
1.19533920
1.10914180
1.13690230
1.05520020
0.93209311
1.00566640
1.16508640
0.92237562
1.05359920
1.12299310
0.93600452
1.20987040
1.16193210
1.19194780
1.15007730
1.05164130
1.07429800
1.18824560
1.13262010
1.06820940
1.05343530
1.09312810
1.13636810
1.22445780
1.02134770
1.04593950
1.13421260
0.93627075
1.01544350
1.16084440
1.03646370
1.11654060
1.07823890
1.24688730
1.30924520
1.20728080
0.90918283
1.06744940
1.10151590
1.07241830
1.34586490
0.94697382
1.02103190
0.88192553
1.04657680
1.13072170
1.07117310
1.05762750
0.97777586
1.01920830
1.10068070
1.13830030
1.00180690
1.08500710
1.16737160
1.02603800
1.13643730
1.05190710
1.18017310
1.22727050
0.96154827
0.96350578
1.10877510
1.11242830
0.98304449
1.13501030
1.07528970
1.14884280
1.10254220
0.89214399
1.16862180
1.23944540
1.07870260
1.16252250
1.10476410
1.08932200
1.06230680
1.17246040
1.14298990
1.23536630
1.23675630
1.00251530
1.12812320
1.05743190
0.93104342
1.19253490
1.02395350
0.96869850
1.08375780
1.08325910
1.11292410
1.06686040
1.14934830
1.23206100
1.02095070
1.12279990
1.04002820
1.18696270
1.26076520
1.31606630
0.97113257
1.05751080
1.00584190
1.07825440
1.12036830
1.27855760
1.19112270
1.22808860
1.11792570
0.91255579
1.11370780
1.14876220
1.08909780
0.99878278
1.11524160
1.02609690
1.11636020
1.16205010
1.21043420
1.14468280
1.11639970
1.10528840
1.06354660
1.06710800
1.16492270
1.03394230
1.14494440
1.10301630
0.96668252
0.95613624
1.22790760
1.02342470
1.03119350
1.11335530
1.09693020
1.16098610
1.12336220
1.12782640
1.16014620
1.22221950
0.96588528
0.86772853
0.92013055
1.00250850
0.85519335
1.01088610
1.02899410
1.06602990
1.16916020
1.19922480
1.05230860
1.25443420
0.94775895
1.05838870
0.98247706
1.10526370
1.33724660
1.13477520
1.05472170
1.19488220
1.08799610
1.31784480
0.95997194
1.05456040
1.19270040
1.05309270
0.87962553
1.10316570
1.10523340
1.20567040
0.99373193
1.31572640
0.96963010
0.94382038
1.01169860
1.04088730
1.04488570
1.22933180
1.20219130
1.17467540
0.93154724
1.07335590
1.26224780
1.12544540
1.02348180
1.19285390
1.18057310
1.16882690
0.96955369
0.91592512
1.05946020
0.92512249
1.02460540
1.14575350
1.05314920
1.09958170
1.10715870
1.20843330
1.14637330
1.16682010
0.95103533
1.05002490
0.98481824
1.19725700
1.22486430
0.99042606
1.10173340
1.20066870
1.23866390
1.17310100
1.05991250
1.16021400
1.18617300
1.13253510
1.08357300
0.92714836
1.16060060
1.20308270
1.18389930
1.06692010
0.98713158
1.12803270
1.06820660
1.33761690
1.32943180
1.32996060
0.93721185
1.00543760
0.98462055
1.04967440
1.06876190
0.95675396
1.01721480
1.25542130
1.15022990
1.35677680
1.01988210
1.01375590
1.05298730
1.08496010
0.96138780
1.21021280
1.02414770
1.05076150
0.87914628
1.04977140
1.00314560
1.01357760
1.29887500
1.08063160
1.12022890
1.11851970
0.92692532
0.91099096
1.09823600
1.18686230
1.27510540
1.13201460
1.12371240
1.02913740
1.01659610
1.14035480
1.14116100
1.10321540
1.06959580
1.21289910
0.99476196
1.16613430
1.14645580
1.18067220
1.21441740
1.17388300
1.21771960
1.06906510
1.07555810
0.97280273
1.04006520
1.13987370
1.01919220
1.26630800
1.17581100
1.08688800
1.05412400
1.18699320
1.12557340
0.94376266
1.10087800
1.19230450
1.20006230
1.05934930
1.15788540
1.04561390
1.13680050
1.00494640
1.11090470
1.04143780
1.10858040
1.05213800
1.00357650
1.10018900
1.06311020
1.13082950
1.01169090
0.99983517
1.11234950
1.05265330
1.08325660
0.99277790
1.23018880
1.14292430
1.26717290
0.81975260
0.97479420
1.15539000
1.10257020
1.11176570
1.21177750
1.08510050
1.02037390
1.14227360
1.14997050
1.20802140
1.13212510
1.07234650
1.17153270
1.23029730
1.39281710
1.02214190
1.05564550
1.13634220
1.18964740
1.15896010
0.96729823
1.05553250
1.03393620
1.06759580
1.16796840
1.09276980
1.13752060
1.28925990
1.07755530
1.06497940
1.14046850
1.08536080
1.15754140
1.15534100
1.11661170
1.11013290
1.05844290
1.11643250
1.03221490
1.09872700
1.06274280
1.26943050
1.06278640
1.12364210
1.20983220
1.14183320
1.07760510
1.01066610
0.95122354
1.09633410
1.18370040
1.25916730
1.23464430
1.14537090
1.09282930
1.13425490
1.10838940
1.00632040
1.09416510
1.25063640
1.12675150
1.13526860
1.35462490
1.04312420
1.04637990
0.98529792
1.07421750
1.17435630
1.16626450
1.17588270
1.20812990
1.15598960
1.06992100
0.96860288
0.95594981
1.02144390
1.16849410
1.00290940
1.07511220
1.12669000
1.10095080
1.15184950
1.04667210
1.11764250
1.20267370
1.28418390
1.05585230
1.17590480
1.14386880
1.16388240
1.06054250
1.04773530
1.16002300
1.29114520
1.37510720
1.03818230
1.05614270
1.02204720
1.15028610
1.27236440
1.02732640
1.05402920
1.17781480
1.28377000
1.01094320
1.04430410
1.10821840
1.10814620
1.09196770
1.21560130
1.24516140
1.10559370
1.08637440
1.16529230
1.01232050
0.99892983
0.98273511
0.98404948
1.17196930
1.15479710
1.00915220
1.08816390
1.04358470
1.18091870
1.11082510
1.12222140
1.09865260
1.01334840
1.28088440
1.04138120
1.15898650
1.17283490
1.06540330
0.97883987
1.14120910
1.15421920
1.04326360
1.14868590
0.99014591
1.04700260
1.05354630
1.12081810
1.13689010
1.11334150
1.04861260
1.14748330
1.08874310
1.24191030
1.03932510
1.14802350
1.12819190
0.95594901
1.10619960
1.06946950
1.06204220
1.20169340
1.22660230
1.04193720
1.08192230
1.23010110
1.26542310
0.99693651
1.14091980
0.97893458
1.12964820
1.24613030
1.31005300
1.10016110
0.98111209
0.98691583
1.23485000
1.13786550
1.15497510
1.14006570
1.15508580
0.95987362
1.01742420
1.27772010
1.03335660
1.05577580
0.98965566
1.09007970
1.04629740
1.24160020
0.99835813
1.13985190
0.97388096
1.00874880
1.16810500
0.96831600
1.14173610
0.97164452
0.96973825
1.01769940
1.01371200
0.98795285
1.06017650
1.09540090
1.06397930
0.99255303
1.10645400
1.04576330
0.99024868
1.10925260
1.12700130
1.02531450
1.05643940
1.19391270
1.23466080
1.23821830
1.09143240
1.07217190
1.14253490
1.13401200
1.21158470
1.02178390
1.06595570
1.07745040
1.24110610
1.18550630
1.09999480
1.15845250
0.99281366
1.17107120
1.07313920
1.21037900
1.19503460
0.96096085
1.05530890
0.99426513
1.04378420
0.96382301
1.02984770
1.19947310
1.23808280
1.05239700
1.10687300
0.94117002
0.98739962
1.05169780
1.07775590
1.15958160
1.16599920
0.93164872
1.05724240
1.01037630
1.02481040
0.94692545
1.02165350
1.05231610
1.18576800
1.06800410
0.98792719
1.00321310
1.06532690
1.10308920
1.14971110
1.03190060
1.06759180
1.06125940
1.06940950
1.10186670
1.21017920
1.02683220
1.04794880
1.11055280
1.04671440
1.00027440
1.16087110
1.04159200
1.21281050
1.26130750
1.15150650
1.23103260
1.18966180
1.16203660
1.22567620
1.15713510
1.02531620
1.11672380
1.21092820
1.09912690
1.01013920
1.06353500
1.11569120
1.06377560
1.07879150
1.31556740
0.93701067
1.22902730
1.15881910
1.12831640
1.05603660
1.19599020
1.12802670
1.06620610
1.02025600
1.20479190
1.15122820
1.08867730
1.14194850
1.07828540
1.17163070
1.14260570
0.96378794
1.13244460
0.98447803
1.21437930
1.14629740
1.19691620
1.11441780
1.05157540
1.11514320
1.16681030
1.18345490
1.16609050
1.23701980
0.99839784
1.09548350
1.10321830
1.14353550
1.02522070
1.13337220
1.27952820
1.08621460
1.03264980
1.17523270
1.04543990
1.24325890
1.05696610
1.22844460
1.03088720
1.06885000
1.11191430
1.06754210
1.32290750
1.13253420
1.11494680
1.05518270
1.15401970
1.01660720
1.04003270
1.11014020
1.17757970
1.01257720
1.03999270
1.08406720
1.00664880
1.16616470
1.08947920
1.03998570
1.05753380
1.20006070
0.98293678
1.09745890
1.15568050
1.10629080
1.00128640
1.19459240
1.17970550
1.14739190
1.14102470
1.12148620
1.20305050
1.22725170
1.11023270
1.16469330
1.15862760
1.18783050
1.02251530
1.05288620
1.20353520
1.32514030
1.03785470
1.31739480
1.03689810
1.18662990
0.99982467
1.09448550
1.01440300
1.13011320
1.18540920
1.09725640
1.13919180
1.04593520
0.99593734
1.21612400
1.03796910
1.04938290
1.02952170
1.09665820
1.22294870
1.15711260
1.04495600
1.22371960
1.07050340
1.09390170
0.97937709
1.06314020
1.08589060
1.13773770
1.14905000
1.03270020
1.14532020
1.09615440
1.05468720
1.06269140
0.98957004
1.06636710
1.36388000
1.15139130
0.95442394
1.04851980
1.12151650
1.24782930
1.15244900
1.12517560
1.06006530
1.04859760
1.15417860
1.11759060
1.15518480
1.29768620
1.02086310
0.96554549
0.94334301
0.91152279
0.96009985
1.31591980
1.08979340
1.01692850
1.22611490
0.92185888
1.03653920
0.95235702
0.96053451
0.97531915
0.97320564
0.90564728
1.07488010
1.03947210
1.12684830
1.17665530
1.12289040
1.16282600
1.19411660
1.02958170
1.28744710
1.07336940
1.10204200
1.08005980
1.11708220
1.20738330
1.21384860
1.23454890
1.07848090
0.91512355
1.06260590
1.13085630
1.03094040
1.15458760
1.12824620
1.30311030
0.87262694
0.93953457
1.08565520
0.99743551
1.00839760
1.13257010
1.34065550
0.99861779
1.07332710
1.07683040
1.02433510
1.01077770
1.22014050
1.25170260
0.93649280
0.93325156
1.01678980
1.08171300
1.03044630
0.97594191
1.14500380
1.21607260
1.04998110
1.02104100
1.22647220
1.06474060
1.16038400
1.15791980
0.95058194
1.22675870
1.01179110
1.12968800
1.32491890
1.08595480
1.17047360
1.05386030
1.02463690
1.28599270
1.13686260
1.22471330
1.17701020
1.19456790
1.18592840
1.02897880
0.85445214
1.07974120
1.02763710
0.97103010
1.08998270
1.10720400
1.01238580
0.94918112
1.04537350
1.09436170
0.96194720
1.16137800
1.17490020
1.12500440
1.11100130
1.01100530
1.06829900
1.24657450
1.07942750
1.19334110
1.13365400
1.06081640
1.13386350
1.00376340
0.94965970
1.00236440
1.04911110
0.99161681
1.04223190
1.07809360
1.02697240
1.04941570
0.94176936
1.08607870
1.00917790
0.96570846
1.14078380
0.97815085
1.06090990
1.06056840
1.21764960
0.95618010
1.11316080
1.03934010
1.14847850
0.98854076
1.06445540
1.13015310
1.20898820
1.02910710
0.94398115
1.05969710
1.16332160
1.01562610
1.11381750
1.10000790
1.20984790
1.04117560
0.96010956
1.03968690
0.97887966
1.02984030
1.17991640
0.89931588
1.03105670
1.20598980
1.17770380
1.10373000
1.15945710
1.10156920
1.25430100
1.13600770
1.13308420
1.15377260
1.09933500
1.06856000
1.02404850
1.08353370
1.17328390
1.25730530
1.14080710
0.94313683
1.19386710
1.14154170
0.97311051
1.17977570
0.96895174
1.21045140
1.14138300
1.14690210
-0.11384216
1.15475240
0.97782861
1.03071310
1.02975220
1.05758240
1.01915820
1.00717430
1.01526440
1.21048930
1.14108970
1.14611110
1.10240650
1.26515580
1.36526060
1.08623740
1.07864540
1.05109860
1.16857350
1.02255110
1.01282760
1.14236510
1.05843940
1.09984540
1.05967410
1.19379370
1.12616030
1.24665060
1.23143630
0.91841943
1.06279000
1.10823660
1.05332410
1.06723420
1.20191560
1.14398260
1.37633670
0.94500515
0.99254068
0.95947876
0.94315938
1.01737220
1.22724660
1.25500990
1.17393790
0.97382848
1.01640800
1.06053640
1.23481530
1.04493730
1.21587280
1.03620020
1.02397560
1.18788730
1.03685200
1.13724430
1.25438310
1.07090530
1.04475410
1.08841260
1.22994540
0.89424308
0.93463285
0.98809190
1.25766580
1.13653090
1.23994230
1.11235080
1.17992340
0.97621824
1.11313020
1.08197310
1.28236840
1.13061030
1.04856880
0.93619245
1.17356680
1.15256140
0.93792070
1.02986990
1.00201970
1.04489220
1.02693760
1.06485330
1.09123330
1.07082880
1.26416600
0.92412707
1.25743440
1.02537990
1.14123680
1.13730370
1.02725250
0.95515042
1.00634430
1.10240580
1.22288300
1.22611200
1.11886030
1.10963590
1.02990800
1.12324100
1.19769410
1.13931850
0.92026896
1.00663720
1.01037460
1.03068290
1.12915520
1.23994320
1.08220200
1.26228710
1.12628470
1.04511920
1.10595840
1.01606660
1.01602010
1.19752490
1.08021820
1.18152490
1.02406700
0.95581005
1.04769090
1.15215270
1.12681070
1.03345020
1.08656910
1.17170390
1.12507350
1.04007770
1.26501930
0.95510909
1.06420590
1.01585790
0.96768528
1.07670120
1.10737640
1.13187220
1.21467780
1.14723290
1.13922720
1.10356390
0.94738145
1.17292850
1.21710070
1.16278580
1.06877580
1.08686210
0.84937345
1.05538360
1.14852720
1.10043470
1.31308540
1.03390170
1.11011710
1.02596830
0.92448028
1.07883410
1.17443140
1.02231960
1.23742620
0.97233917
1.05167010
1.05507370
1.16747990
1.18218490
0.95112529
1.20620940
1.07013510
1.17305190
1.20848610
1.05967970
1.07786970
1.11306770
1.10216570
1.15789810
1.30787590
1.00275780
1.15732290
1.15434750
1.09720470
1.17848730
1.02617630
1.15773340
1.14368480
1.23782670
1.22355690
0.88993156
0.96840843
0.89499992
1.10441130
0.99407415
0.99489877
1.14352760
0.90451969
0.98564094
0.95126185
1.16097380
1.13985790
0.90869903
1.10854140
1.10909870
0.81771206
0.98668349
1.03740550
1.24452600
1.07151720
0.97684861
1.14484130
1.13594220
1.24626150
1.13155780
1.18863960
1.14059280
1.06370270
1.25949670
0.94269725
1.07710240
1.10034540
1.04500240
1.08173930
1.23243160
1.31714030
1.16628740
1.18040540
1.07031050
1.10483830
1.04442190
1.13442810
1.08465030
1.08030700
1.07810210
1.02076190
1.02010430
0.91872419
1.06102730
1.11814720
1.25689670
1.02846330
1.00642420
1.26439870
1.31654950
1.09063180
0.99939113
1.07731920
1.11489470
1.18034500
1.09551430
0.96056406
0.98766745
1.06666580
1.01538800
1.07422140
1.06723130
0.99922919
1.08538280
1.07564020
1.12245660
1.02733690
1.33155860
1.00783880
1.20347030
1.04125450
1.19364530
1.11976920
1.17454800
1.29229180
1.02024160
0.98126051
1.01572440
1.06451030
1.23987040
1.33704480
0.92167860
0.98473527
1.09035630
0.97407686
1.10429780
1.15346480
1.17744230
0.91371858
1.09294520
1.03159290
1.07266220
1.09829630
1.09335850
0.96934332
0.93812865
1.17034650
1.08967020
1.19958360
1.21754820
1.10073590
1.07974760
0.92854083
1.11775660
1.05549600
1.09124440
1.07784190
1.00368130
1.04563420
1.07737450
1.17775130
1.07521460
1.02424110
1.11082730
0.94956443
0.96690766
1.15452370
1.08426470
1.20542310
1.09379990
1.12504900
1.09521980
1.15825410
1.20189110
1.07750020
0.96683516
1.15925940
1.09571480
1.29416230
1.07465400
1.08992820
1.14875570
1.14712300
1.12470860
1.08628280
1.19539290
0.94702764
0.90703436
1.06003590
1.07726000
1.08352030
1.33507480
1.18486740
1.06265070
1.04097070
1.13337720
1.12503710
1.31620250
1.01321780
1.03504030
0.91677157
1.04427920
1.10414130
1.21055490
1.11694450
1.23509880
1.02765930
0.89548137
1.14170680
1.12610850
1.07872300
1.11772530
1.06925550
1.20538730
1.28482220
1.07066570
1.05029480
1.16380750
1.15954760
1.19886650
1.22272590
1.20929540
1.03379170
1.03857240
1.11098560
1.21026400
0.91301376
0.95205594
1.08211750
1.05800930
1.02371970
1.02943530
1.03593420
1.17726870
1.17255580
1.19337910
1.25202670
1.08608100
1.13237450
1.26313280
1.32137650
0.92855076
1.08637530
1.17267620
1.20160440
1.07656290
0.94292268
1.04175910
1.05549740
1.18040640
1.03084420
0.96028297
1.05833130
1.05654290
1.00344240
1.15208510
1.20162240
1.31372300
1.21797300
1.22691210
1.08065110
0.99181645
1.01712940
1.09847700
1.14229960
0.99944864
1.15449920
0.98209490
1.14956070
1.13408710
1.12737170
1.11469420
1.12826580
1.10984170
0.99813452
1.14776170
1.17906680
1.14373160
1.16657660
1.29267710
1.09826010
1.11260090
1.29116860
1.11992410
1.13642980
1.07005270
1.22640940
1.09708150
1.15365270
1.21433130
1.23371630
1.05541840
1.03078510
1.09355320
1.04104010
1.21798110
1.27091340
1.30049300
1.12943960
1.12078790
1.22320890
1.20746770
1.29239180
1.02538470
1.15435350
1.00173860
1.04591790
1.09425660
1.10213480
1.16970530
1.18650980
1.22971400
1.18941650
1.17219480
1.06610640
1.07540330
0.99743572
1.09469180
1.10007980
1.18672610
1.33615160
1.15598180
1.21142080
1.15766150
1.14530790
0.89501043
1.26863290
1.07315520
1.04573240
1.19324590
1.00777150
1.01453840
0.97518365
0.96065945
1.09888250
1.19879360
1.13197220
0.87140298
1.01695410
1.03253730
1.11722230
0.92889806
1.02005030
1.07013970
1.22710170
1.00487070
0.98536678
1.07817910
1.06888980
1.19018850
1.29872480
1.16429690
1.09831090
1.07685570
1.11121580
1.05799100
1.05701680
1.04137110
1.04312010
1.08659480
1.18540700
1.35695880
0.90199980
1.03880420
1.10114460
1.13884700
1.03162520
1.09116540
1.03907470
1.12441260
1.21537200
0.97086046
1.12720570
1.02519070
1.09428270
1.03875840
1.15071490
1.14449070
1.11301360
1.12566260
1.11938080
1.08073070
1.27501320
0.98885467
1.13437690
1.01637710
1.07399940
1.05882810
1.10435830
1.20030550
1.26874140
1.11216310
1.04104650
1.04634700
0.96927278
1.06554830
1.03839520
1.09298970
1.10518080
0.97645636
1.03811070
0.98580300
1.06555750
1.18255340
1.08800760
1.07154160
1.04837210
1.04016540
1.02261880
1.05544310
1.14393560
1.04240780
1.20701780
0.99568512
1.04303230
0.98457407
1.21427340
1.03463050
1.13113670
0.85531792
0.92593909
1.06573520
1.10335330
1.15240140
1.19672440
0.92288393
1.35170850
1.10879970
1.00110650
1.15190440
1.07367200
1.03363340
1.24560650
1.03776840
1.05664230
1.18406080
1.15783840
1.11701500
1.25106420
1.28515120
0.86784905
0.94162674
1.24647040
1.22124030
1.28199110
1.26663450
1.21602350
1.13519590
1.11006750
1.26152520
1.13529280
1.03614400
1.05869970
1.12938130
1.01602330
1.04219010
1.11521780
1.10649720
1.25035510
1.05992070
1.15787150
0.99233872
1.19977890
1.08119230
0.91534527
1.04893650
1.17160520
1.28032000
0.92596076
1.06516370
1.01141770
0.92143984
1.14566170
1.12661120
1.10111170
1.04156520
1.04156420
1.16825880
1.12005560
1.13794260
1.15296900
1.21127820
0.97320761
1.09523080
1.05950000
0.90687665
1.03982040
0.93699322
1.13425140
1.15871960
1.02203450
0.92545527
1.04037160
1.06336460
0.97777623
1.15523670
1.01012320
1.07595930
1.08340400
1.03186350
1.12906010
0.93380912
1.09809380
1.13464270
1.07700180
1.05667140
1.18094730
1.03276410
1.09750870
1.13081160
1.11351680
1.18750460
1.22621980
1.07468070
1.08223110
1.06110410
1.08775840
1.15166570
1.09534780
1.15079430
0.91050501
1.04240010
0.92726424
1.08406020
1.09684600
1.20043040
1.06112010
1.16050510
1.11135640
1.04666960
1.06687660
1.02359150
1.20212790
1.04394950
1.04492880
1.13966000
1.18814530
1.26023460
0.98769786
1.07086920
0.93934247
1.05929630
1.21809540
1.12805680
1.01835580
1.18066690
1.05645220
0.96734755
1.10140740
0.99054094
1.11393000
1.09970150
1.15936610
1.08502080
1.11612560
0.90559273
1.07045550
1.09127360
1.15273390
0.96335903
0.84031654
1.09921660
1.10451890
0.95723915
1.14737450
1.22575550
1.20929320
1.15837930
1.09911470
1.09056950
1.13154660
1.32266890
1.03877680
1.12903540
0.98486658
1.01879060
1.07653870
1.16882060
1.18341330
1.30367670
1.04339490
1.03080070
1.08639060
1.02654340
1.22832520
1.15660150
1.30078840
