0.87767692
1.04590760
0.91330550
0.85804520
0.92095551
0.97520962
1.12813260
1.23683600
1.30428520
1.25623780
1.06610810
1.05914900
1.01569870
1.00307460
1.00910670
1.00958390
0.97675310
1.13063210
1.13502310
1.16371900
1.20576330
1.23616140
0.90658584
0.96279310
0.94843679
1.22664140
1.17195290
1.18291640
1.45369550
1.04464360
0.94525922
1.07060140
1.07334220
1.03256200
0.98739528
1.00605300
0.93233958
1.04447720
0.96837146
0.86400759
1.03540870
1.01357440
0.93840891
1.01559340
1.26237540
1.10946170
1.00180410
1.14063510
1.11887470
0.93857688
0.98777665
1.01172900
1.20075560
0.76721144
1.11581500
1.07622430
1.36497710
0.93026403
1.06036970
1.18830300
1.17762170
1.18043050
1.05414780
1.07054260
1.07297730
1.17125020
1.26675320
1.28819850
0.97111234
0.96017402
1.05704060
1.00503930
1.18440890
1.16715790
1.10457080
1.07015260
1.00973310
0.96697187
0.94024295
1.00693630
1.25883260
1.04124960
1.20669130
1.15093500
1.07472110
1.22335240
1.19131940
1.34545440
1.07361860
1.12615720
1.02081940
1.25910040
1.24987250
1.01955600
1.13034290
1.08227720
1.25697990
1.23360990
1.01524190
1.14934870
1.24698910
1.15851650
1.15511620
0.88808227
0.97496417
1.03891910
1.14484230
1.03750270
0.81342347
1.13708550
1.07880040
1.07327620
1.15971550
1.17028450
0.96996565
1.01478410
0.98989157
0.87760072
1.10854400
0.99947267
1.10561220
1.29242830
1.25888120
1.20788890
1.12885670
1.10685710
0.99584113
1.00699580
1.02252120
0.00009528
1.03761090
0.97029481
1.09698690
1.07799350
1.02482330
0.99691814
1.01360270
1.11695220
0.84605927
1.30593070
1.08307560
1.12841630
0.83162726
1.22497050
1.24456040
1.13638940
1.00206090
1.22843970
1.18464140
0.96330861
0.84337865
0.86271477
0.95612836
1.09387440
1.15029260
1.14378350
1.16379590
1.07861280
1.02409100
1.10889410
1.13997670
1.26405800
1.26552550
0.92477625
1.27058540
1.20155830
1.32948790
1.28852980
1.23586040
1.00238570
1.01890670
0.88296202
1.10674030
0.85912864
1.15730930
1.22412910
1.29485710
1.26733190
1.01525360
0.98496520
1.02991470
0.94363827
1.11342840
1.17090180
1.23693890
0.94695608
1.02640740
1.16006970
1.22276650
1.50251000
1.06192550
1.03132860
1.10843760
1.23419100
0.95558928
1.00305890
1.06545330
1.05864870
0.96332975
1.06631910
1.09098780
1.06904780
1.04649580
1.13523040
1.28247460
1.26774600
1.19220040
1.25559830
1.18814550
1.24192190
1.21568090
0.88041743
1.25686750
1.36788640
1.26541240
1.11597140
1.01382710
1.06359990
1.17335290
1.19736360
1.22032580
0.91591239
0.95888346
1.00118620
1.02810460
1.06833820
1.09769870
1.29095070
0.98930702
1.13209520
1.23562910
0.97959093
1.01084320
1.14691110
1.23758770
0.88297972
0.94557728
1.16414680
1.30206400
1.20029530
1.31515940
1.02966480
1.49923870
1.37997040
1.41972480
1.39680910
1.42985470
1.56041770
1.05122940
1.15378880
1.18987520
1.22177970
1.07148280
1.10420120
1.03411130
1.17185270
1.12691850
1.24491620
1.00779670
1.12056340
0.88781953
0.85603296
1.09153250
1.20400950
1.15750630
1.31265710
0.98097013
1.09292750
1.08519740
0.94471188
1.29414160
1.28618040
1.27717010
1.23821980
1.24059180
1.35667600
0.97835842
1.00195470
0.92634234
1.22284230
1.16544510
1.35912780
1.28106140
1.42957990
0.96050866
0.96348034
1.23338860
1.11751940
1.21708410
1.07836880
1.02144670
1.18793570
1.04511210
1.24206750
0.92089915
1.19698450
0.76885032
1.22378750
1.19416320
1.25947240
1.25953210
0.99972138
1.14616760
1.20854370
1.15962900
1.10513410
0.88772254
1.23927050
1.15271120
1.32910720
1.28608840
1.13224240
1.21951750
1.13739700
1.33186100
1.12807920
1.14983950
1.17929890
1.16632220
1.22420810
1.08754690
1.22855770
1.02443030
0.95118404
0.98215101
1.05429920
0.91267294
0.98685705
1.18534560
1.25057360
1.13216550
0.97015394
1.07407420
1.14027050
1.23673240
1.30383920
0.84393945
1.28316450
1.31080360
1.39510720
1.56900020
1.65915180
0.87962756
1.21709770
1.12836140
1.49205100
1.57687760
1.36377010
1.57205040
0.77853326
1.37765080
1.23808260
1.30574130
1.44129050
1.49276800
1.16449610
1.21400650
1.36295940
1.17900040
1.34338360
1.42053020
0.87958270
1.03125260
1.16354810
0.89889709
0.85569874
1.03401040
1.32015700
1.25571080
1.00645790
0.87050059
1.41233590
1.32039490
1.30345510
1.13809990
1.27122770
1.18579230
1.41893540
1.10975410
1.25030300
1.31365410
1.24087990
0.91094907
1.28599610
1.48330930
1.46490430
1.34629100
0.86357550
1.18529880
1.27779680
1.27334710
0.91504761
1.05002830
1.10788530
0.96852523
1.00634460
1.40399430
1.47712740
1.21894560
1.44697680
1.41638000
0.88052631
0.98557531
1.42868090
1.34944590
1.44066360
1.37577370
1.34706580
1.22039160
1.16885340
1.12333000
1.21711810
1.40050500
1.00981520
1.04192330
1.08400290
1.15738960
1.05446410
1.09966400
1.26816500
1.19038790
1.09184240
1.24328920
1.36291050
1.10178160
1.08050340
1.00259070
1.00871470
1.27595280
1.37326090
1.20183920
1.26811180
1.22494720
1.42434400
1.22442460
0.98799224
1.08296800
1.18835620
1.15768960
1.26421920
1.22248770
1.20943440
0.93067157
0.96469199
1.24308060
0.96178338
1.31657300
1.28366590
1.45399230
0.77913208
1.05211080
1.09970260
1.18543640
1.05089750
1.21958950
1.35962680
1.29935140
1.30431820
1.31251040
1.09998770
1.14266200
1.19748200
1.17745090
1.20397480
1.14523630
1.31870260
0.83392882
0.94630265
1.01226580
1.10494990
0.91312221
1.01988690
1.06188730
0.98160074
1.15446090
1.40859970
1.39247870
0.99845004
0.99808005
0.86433013
0.97044202
0.99447275
1.10548960
1.16549050
1.04796030
1.16621250
1.01235470
1.38956360
0.97470562
1.28619120
1.06327290
0.96510848
1.33061000
1.37632190
1.32479670
1.09817300
1.17425910
1.29780800
1.04134040
1.15723130
1.36077800
0.93413232
1.14677950
1.01290060
0.96269402
1.21442090
1.09573690
1.30234960
1.02387640
1.29450790
1.15082590
1.14248660
0.91569630
1.08206280
0.87881873
1.12449990
1.09694630
0.97169562
1.01148230
1.01644510
1.03434370
1.13323540
0.96033887
1.02333150
1.00844560
0.97854631
1.00376040
1.29024250
1.17913010
1.16855880
1.20159590
1.06220120
1.09247040
1.16250800
1.11119060
1.18736570
0.80417178
1.03094430
1.20740660
1.41231170
1.23337570
1.41275990
0.89861217
1.05181690
1.02057940
1.23968920
1.43759610
1.30842130
1.25637820
1.11368180
1.22377080
1.35329280
1.26265450
1.31222630
1.35989620
1.27407070
0.95436604
1.23087470
1.42008240
1.33834310
1.29388820
1.19987310
1.21222270
1.20799400
1.26257380
1.07742940
1.27752800
1.32120030
1.24053900
1.42070530
1.41589310
1.24091690
1.44146940
1.36751320
1.44756040
1.44137970
0.91324112
1.14507400
1.24086130
1.06380790
1.12008800
1.16525890
1.14458020
1.08342090
1.27732700
1.24255020
1.11721180
1.01534080
0.96494544
1.08974520
0.96422507
1.41815300
1.21821910
1.32516790
1.49239920
1.39887810
1.24170340
0.99394346
1.04091780
1.11623580
0.97328465
1.09675920
0.86203968
0.91961522
1.33307360
1.13912590
1.31476690
1.25724960
1.08140740
1.27500720
1.16691180
1.29305510
1.06154290
0.98548701
1.23342400
1.03806210
1.12416070
1.17424940
1.11112920
1.15658430
1.14710380
1.34037200
1.30759710
1.29618110
1.02730950
1.18054180
1.34998130
1.36393790
1.09360910
1.21743090
1.20811270
1.13606700
0.96984051
1.09990730
1.00021860
0.99544649
1.06419170
1.34155980
1.15646760
1.38912500
1.41706940
1.46130450
1.21923430
0.96671673
1.12673160
1.10068100
1.29796660
1.38992080
1.40283250
1.35789510
1.05614360
0.87495419
1.13433360
1.11135990
1.27525870
1.11220560
1.24226490
1.03482640
1.15412300
1.01881960
0.99891002
0.98987433
1.12832730
0.95465828
1.04279900
1.24567340
1.35360680
1.26604200
1.49485590
1.55864440
1.05299890
1.10674880
1.09407520
1.08693770
1.17881850
1.10409690
0.89282733
1.09810630
1.07348370
1.17634950
1.07870490
1.18794690
0.95620527
1.09714000
1.02277640
1.04788240
1.19113760
1.18054390
1.17123300
1.35854810
1.13978490
1.14254500
1.18051690
1.11556090
1.29867140
1.26016300
1.34224130
1.44297820
1.29707520
1.35357630
1.33275830
1.30519010
1.28754410
1.38360770
0.86597472
1.04742510
0.96672917
1.19812370
1.08466210
1.21889640
1.30671260
1.42226820
1.33682150
0.92071168
1.40051580
1.26904430
1.48218920
1.32732180
0.88917000
1.03172390
1.16013350
1.14411100
1.08675470
1.14800040
1.14647660
0.99651330
0.90965972
1.04671090
1.06155370
1.31718590
1.04860720
1.22795110
0.90832450
1.28482100
1.35791150
0.92952298
1.08527640
1.06837470
0.96681833
0.93760923
1.09877890
1.20339850
1.34528810
1.45613800
1.22408700
1.40068020
1.06807490
1.08443420
0.91948723
0.93422348
1.03919950
1.05409710
1.08105690
1.01303140
1.24225510
1.24817160
1.09044170
1.11212100
1.17889400
1.17596330
1.39570120
1.23798350
1.28550630
0.89239016
1.07009770
1.24482650
1.36732940
1.36547600
1.24694260
1.31416380
1.08457510
1.14040370
0.85968016
1.00670290
1.25843030
1.23704940
1.21665990
1.01706330
1.00250120
1.10491640
1.13911400
1.28722830
1.30285370
1.08126750
0.93156847
1.06469850
1.05526750
1.10320770
1.11072480
1.33560110
1.28331390
1.20647390
1.29818260
1.19598300
1.08746690
1.16169740
1.10957710
1.10206460
0.85229389
1.06199850
1.00952330
1.13319370
1.24081840
1.05340450
1.09101390
1.13091500
1.12578630
1.17855050
1.10795020
1.17640780
0.93035980
1.04268340
1.33270840
1.25659110
1.38034740
1.19774850
0.83139598
1.00121150
0.95020672
1.07759390
1.16876270
1.21461050
1.24336720
1.30133830
1.35596180
1.13809530
1.37426770
0.98946692
1.10707340
1.26923330
1.21738790
1.23269960
1.15039330
1.12888020
1.23162410
1.21060150
1.25672830
1.32290430
0.96714297
0.85693125
1.27065210
0.96631998
1.28855590
1.35074890
1.19648630
1.14532880
1.09129460
1.09737780
1.03607940
1.09124880
1.14514620
0.97494938
1.21412610
0.95169497
1.04744840
1.21560660
1.02077950
0.86345896
0.97770589
1.07550260
1.16424100
1.29592600
1.25444450
1.37303050
0.98002380
0.99074287
1.14748500
1.19181060
1.29786330
1.32342970
0.95952152
1.06126020
0.97858277
1.05684430
1.17976880
1.08719460
1.11050290
1.08296270
1.22481370
1.05080430
1.09287840
0.96113538
1.09355680
1.09221380
1.11140080
1.18231040
1.18000840
1.20886960
1.18187350
0.93039795
1.04468990
1.49901650
1.36462840
1.53292610
1.37171350
1.09594930
1.21600150
1.21877160
1.04295400
1.11560730
1.11062310
1.14585320
1.00321450
1.21635580
1.14774170
0.99421322
0.96044221
0.92116857
0.80869419
0.99546884
0.89177300
1.16399280
1.27750120
1.09762830
0.86277366
1.07738620
1.03397560
0.95667136
1.09437570
1.06278900
1.11099360
0.99059045
1.06087620
1.01691610
1.25186630
1.13262360
1.33929850
1.18555000
0.84489768
1.08462520
1.08303960
1.19105120
1.17147540
1.07226740
1.01472840
1.00491360
1.17070420
1.12991420
1.15090950
0.73165663
0.89828800
1.07679870
1.08475560
1.10500460
1.00701890
1.10852100
1.18790700
1.23698680
0.86947363
1.06381120
1.11418160
0.97990769
1.04181990
1.07654330
1.14636490
1.25090670
0.93692940
1.03095510
1.10034370
1.13296260
0.93319917
0.98383243
1.04632450
1.15656670
1.33710370
0.89807967
1.21831370
1.27079750
1.27404990
1.21336410
0.89461347
1.14528690
1.05827140
1.19708000
1.10923350
1.33421960
1.28088770
1.00079650
1.04587480
1.12488360
0.99172465
1.06396010
1.01826160
0.94226917
0.93149490
0.91811620
0.98780641
1.18049180
1.04643130
1.14341420
0.99287707
1.23877180
0.96725434
1.30685940
0.93178296
1.12221470
1.06794430
1.08402160
0.88434819
0.97945427
1.04011080
0.96950951
1.07094050
1.20624960
1.40143540
1.22323270
1.17249970
1.09929490
1.22746960
1.29750000
1.06593440
1.35492130
1.16302210
0.99838137
1.11464840
1.16687470
1.12982390
0.89902413
1.08834760
1.03612980
0.94353333
0.98635496
1.06418920
1.13348940
1.06029620
1.11236560
1.18779450
1.05096390
0.93905166
1.13130740
1.09233160
1.10805700
1.09360100
1.08830920
1.11865560
0.99574801
1.15714790
1.19231950
1.28942280
1.37356520
0.97692367
1.22201040
1.25643720
1.41919220
1.25315610
1.00595610
1.04559320
1.12711220
0.99725570
0.91005126
0.91417922
1.00529710
1.03948900
1.11802150
1.09095080
1.12800760
1.27503510
0.93410543
1.16710850
1.19542990
1.36607560
1.40010840
1.29113660
1.11960360
1.16289130
1.21708130
1.27126040
1.14180910
1.11591140
1.19597200
1.25317930
1.19796400
1.17546220
1.15768490
1.13658270
1.22290390
1.02646860
1.21960650
1.14092950
1.09980110
1.00212420
0.98938969
0.98205447
1.01000530
1.18461460
1.35844590
1.10753430
1.12462580
0.97837028
1.07646900
0.94991749
1.23930350
1.25809460
1.22901660
1.25960040
1.29191890
1.50493540
1.05540160
1.22862700
1.05436570
1.32473430
0.99216530
1.09102160
1.16497420
1.24165200
1.24930800
0.79845520
1.34673120
1.31181260
1.40101100
1.36335230
1.50102260
1.17079850
1.00152760
1.11280520
0.94597348
1.07038210
1.06278460
1.16172250
1.15627440
1.07951480
1.20997940
1.13420620
1.25436060
1.18844250
0.91083180
0.91127318
1.18291630
1.16798690
1.39568830
1.19859780
1.13532240
1.34360240
0.95187546
1.27846270
1.29098330
1.36883620
1.35739160
1.23632050
1.12118680
1.34580010
1.29803250
1.22268210
1.28570020
1.29896050
1.50955420
0.97838865
1.25679800
1.31087790
1.22587130
1.22427930
1.33998860
1.22268690
1.30902850
1.39268640
1.47155170
1.25102360
1.33554050
1.35615270
0.69845891
1.20256510
1.24934260
1.31136870
1.42437190
1.15471410
1.17284350
1.41623800
1.47761040
0.86822468
0.92339065
1.05231840
0.92105220
0.96748419
0.96027397
1.26079250
1.37825260
1.48568960
0.72629014
1.12640250
1.13365680
1.15233180
0.95238459
1.04923070
1.18025050
0.96972823
1.14874140
1.11078540
1.09933400
1.27513840
1.13590250
1.01367860
1.36956340
1.19765900
1.45927930
1.22043990
0.88215389
1.08071700
1.08398300
0.94496603
0.99476417
0.96284635
0.91610991
1.28013870
1.14491860
1.31598460
1.45021860
1.39807280
0.88191182
1.39060580
1.47940300
1.39402100
1.31959980
1.10808620
1.08529600
1.10104440
1.13664780
1.52543550
1.36667000
1.51211620
0.80961783
1.17492420
1.15006040
1.39221540
1.49379710
1.66780510
1.66750830
1.52319530
0.91097552
1.09394790
1.18785520
1.08340610
1.34226390
0.86240196
0.98058243
0.92963037
1.29505930
1.20896820
1.22745240
1.35369960
1.31631670
1.22307720
1.16662870
1.46386440
1.11783500
1.05173560
0.97014925
0.98735287
0.93855219
1.05206500
1.06392110
1.01458200
1.04569480
1.26029540
1.23526250
1.00956770
1.35365230
1.23337040
1.25160010
1.08134330
1.06339610
1.24553880
1.21636330
1.28274270
1.11592870
0.92240576
1.02386790
1.10738450
1.21393820
1.12241870
1.20880120
1.05559550
1.16713000
1.14866150
1.20329020
1.25422460
1.28714320
1.41737440
1.31865110
1.23316200
1.39574230
0.98325949
1.01635150
1.25137850
1.28756220
1.32090660
1.27291670
1.01095240
1.16693990
1.33153960
1.29478830
1.21845370
1.15951250
1.31062790
1.11580690
1.08259980
1.22384230
1.40151380
1.37580600
1.17842960
1.23801850
1.25852260
1.23543380
1.24409710
1.36867390
1.30663970
1.23299460
1.27286030
0.99238405
1.16858550
1.17008610
1.24649680
1.18776480
1.08339750
1.16912620
0.99859686
1.09846780
1.13205750
1.04298470
0.91224677
0.96288325
1.28120370
1.28264250
1.30641950
1.32498390
1.11281030
1.11556530
1.06575520
1.18965090
1.26089370
0.81835683
1.05871950
1.23303920
1.24406910
1.35438690
1.09858540
1.07986150
1.25516050
1.15507880
1.05525700
1.21420280
1.03551410
1.12446650
1.19109770
1.08061180
1.18581410
1.11255340
1.19129160
1.06586590
1.16740500
1.06476430
1.18123310
0.77179713
1.31316450
1.25962920
1.34951710
1.37174540
1.17652030
1.30263010
1.27653610
1.48632720
1.49814290
0.96037498
1.01064590
1.30810540
1.28241960
1.15548390
1.24349900
1.30630330
1.08800440
1.09643750
1.25085630
1.21713960
1.43888230
1.31840970
1.46355580
1.42119610
0.85020279
1.18250830
1.18247010
1.23805540
1.15949410
0.75613555
1.10603250
1.37181070
1.29616970
1.24260010
1.22958370
0.93797700
1.21448280
1.10191620
0.94683541
1.25032800
1.37095160
1.31170680
1.42801590
0.91512801
1.27770840
1.25400350
1.17278410
1.31981070
1.45775600
1.00110460
1.11992760
0.81037299
1.09274640
1.02193840
1.07066310
1.08682550
1.27351620
1.30998280
1.23036490
1.07251700
0.87925858
1.13265800
1.38921360
1.14998580
1.47857280
1.40704770
1.05127600
1.06545460
1.03820670
1.10649490
0.91622620
1.01698970
1.20448670
1.20724520
1.33838650
1.24352620
1.47062690
1.10089230
1.15771260
1.32453400
1.37243280
1.11741850
1.24195000
1.23553420
1.27096190
0.99420886
1.14196960
1.26739280
1.00103730
0.95748964
1.04073380
0.83791383
1.14099450
1.14855820
1.33764080
1.55779440
1.33024240
1.51275700
0.94994792
1.16373650
1.03151920
1.42452030
1.38470520
1.54370250
1.37182170
1.50237760
1.58718670
1.13841470
1.24204540
1.07847830
1.15308220
1.10711040
1.28609850
1.06070430
0.80736659
1.11315590
1.27171160
1.20195190
1.43510890
1.50797760
0.91916786
0.89476421
0.89821660
1.27120470
1.33925770
1.39396050
0.84378585
1.36327120
1.46332170
1.47554660
1.47591360
1.46179440
0.85196457
1.02794200
1.18328840
1.30429730
1.41442690
1.46232400
1.46216310
1.07792940
1.21413790
1.22816970
1.25681220
1.24071420
1.12425370
1.26727570
0.93921501
1.18729970
1.22359410
1.07564780
1.19452770
1.08723070
1.09218090
1.32015820
1.15549930
1.19117510
1.16378840
1.18118360
1.07678810
0.99756411
1.14056440
1.19884460
1.16814090
1.04341590
1.26939130
1.00629720
1.40103050
1.33176210
1.18998710
1.30368330
1.16274010
1.36943440
1.22179910
1.25767780
1.26966690
1.03128340
1.13004150
0.77759311
0.96179939
1.07230970
0.99802350
1.09891190
1.19198920
1.13191050
1.17743780
1.20789670
1.28978670
1.19454920
0.88453987
1.32014190
1.11043030
1.20534060
1.40176290
0.85794361
0.99854648
1.02044820
1.13498930
1.16561690
0.93751590
1.03293680
0.97113973
1.15501630
1.09422260
1.05286420
1.10564750
1.18599600
1.09939870
1.17600600
1.30517300
0.92675481
0.98973560
1.05820200
1.03861630
1.37368510
1.36994890
1.23305030
0.98711679
1.27957750
1.14176920
1.16136060
1.10320170
1.21454710
1.01086530
1.19144260
1.34797360
1.04502080
1.08159050
1.10439360
1.20331590
1.21570940
1.06186160
1.11521470
1.14450340
1.09122750
1.07554810
1.11684240
1.11351410
1.01736380
1.21213700
1.18031350
1.17097410
1.33017040
1.08186810
1.17873870
1.05904990
1.22826240
1.42092650
0.85405184
1.02296840
1.04974030
1.14553950
1.13804450
1.13444090
1.14606200
1.14282070
1.08932930
1.21849090
1.10119910
1.18495550
1.13055940
1.03317590
1.21745690
0.85764020
1.11308430
1.02008140
1.15662310
1.09097690
1.09975810
1.00478060
1.00627640
1.17003020
1.16582680
0.98253026
1.23059390
0.92839771
1.02095160
1.10844990
1.08324490
1.08123860
1.08735090
1.11976650
0.86307941
1.07963020
0.97755280
1.23905650
1.24957710
1.20338860
1.15049180
1.16911410
0.82798182
0.83614562
0.87878240
0.88697866
1.15309480
1.07078120
1.26390010
1.09221480
1.24473420
1.16572780
1.20754190
0.98276285
1.26770450
1.05729420
1.15182960
1.39954830
1.00144530
1.27668540
1.25043050
1.29613440
1.08675290
0.98470780
0.95278659
1.21267740
0.97986283
1.17274680
1.16210180
1.23645090
1.06849870
1.13106440
1.28689840
1.21138500
1.10725810
1.14014200
1.26340420
0.84691189
1.10081630
1.09924110
0.77797528
0.98485557
1.11265880
1.09694380
1.33311990
1.32609140
1.16773770
1.02934160
1.23059370
1.32302270
0.89292854
0.88237749
1.09690560
1.15089630
1.25081170
1.20219970
1.00147550
0.83618783
0.98784378
1.06411150
0.95627055
1.15117660
0.95659157
1.14125340
0.98315259
1.06525810
1.06160370
1.09176820
1.40101740
1.05345710
1.18113620
1.33436940
1.18482830
1.30595840
1.25744690
1.35245460
1.22714420
1.34684740
1.21210540
1.32961080
1.26806340
0.83639472
1.27402200
1.24395510
1.13966040
1.11208580
1.24350560
1.41996510
0.96072322
1.07337640
1.07796700
1.13436200
1.06514200
1.35699890
0.90592068
1.00572470
0.89840439
1.02537710
1.22431750
0.74204801
0.89093875
0.83183565
1.17184240
1.03535990
1.26833300
0.98375097
1.09419840
1.21179610
1.28934420
1.18459660
1.39847400
1.23780350
1.49548330
0.94475068
1.08676630
1.04459300
1.09400950
1.34348130
1.31663730
1.26528100
1.32271800
0.89298816
0.92684285
1.03694560
1.19011260
1.17713590
1.30912610
0.99194652
1.06372070
1.23101020
1.19923600
1.32110330
0.97697298
0.95298473
1.03353540
1.06951760
1.06390330
1.20364800
0.89568174
0.99256228
1.08140370
1.21276400
1.27315830
1.15949930
1.19461360
0.84620670
1.16149230
0.99146916
1.27817110
1.26836480
0.95503834
1.11920610
0.94511245
1.05879420
0.96429854
0.92724662
0.96182494
0.94783889
0.73573153
1.23822190
1.30663610
1.27083130
1.08716180
1.23675290
0.89926233
0.91567764
1.19335290
1.11044170
0.89517571
0.87586429
0.83195351
1.08103810
1.09029610
1.11851580
1.12028660
1.17074690
1.41208790
1.07023420
1.18872020
0.94684150
0.95924637
1.00946640
1.05418260
1.19934650
1.06539560
1.22757050
1.08644820
0.97971970
0.89272391
1.09987980
1.31090890
1.08915520
1.23694060
1.06055330
1.21406980
1.25218130
1.34349870
0.88257059
0.95639625
0.85828548
0.99415724
1.19422340
1.18901930
1.27257090
1.28998140
1.47846110
1.12724550
1.12625020
1.24279770
1.24110330
0.86576069
0.89647309
1.13585460
1.10940140
1.26809840
1.34240210
1.19996890
1.16712130
1.21680950
1.10679710
1.02963330
1.08581360
0.94403180
1.19943380
1.11199410
1.32997350
1.43038540
1.20369980
0.85032665
1.10563580
1.19708340
0.96946207
1.11328960
1.15806060
0.83120289
0.85927745
1.14061490
1.17053020
1.32909350
1.34962500
1.14314530
1.05174870
1.35932710
1.11626610
1.03831650
1.07146150
1.06917090
1.16098960
1.07163540
1.27792820
1.10143620
0.99739427
1.02978980
1.10472800
1.10828980
1.22625900
1.11116100
1.09431100
1.20145170
1.04717790
1.02833300
0.84563945
0.86951632
0.93088783
0.97159526
0.88773615
0.97754788
0.96908295
1.06535920
0.97307056
1.04748400
1.12422740
1.02564310
1.10403830
0.99241046
1.01782580
1.16791140
1.22765810
1.12614050
1.16500920
1.16963070
1.11054320
1.12616860
1.18995580
1.10477850
1.21433390
1.18667160
1.34113780
1.12365590
1.15817080
0.92026948
0.96139777
1.09815490
1.17761830
1.11771060
1.06650090
1.08438810
1.22075380
1.17364030
1.16881150
1.33243520
1.54070220
1.21622000
1.14235120
1.31348490
0.86972040
1.07104130
1.24187100
1.17199530
1.26281070
1.00821690
0.85739163
0.91251023
1.01211480
1.08539850
0.83633246
0.80459090
1.08323510
0.98091715
1.04318070
0.91419590
1.19728070
0.79793504
1.01972970
0.96772479
1.04607500
0.82197186
1.11273170
1.01970080
1.12471480
1.28154470
0.78143184
1.10435800
1.05712040
1.02270590
0.94560650
1.05122040
0.90250067
1.16199150
1.06432910
0.98916731
1.16562410
1.26010600
1.00306970
1.14623300
1.08490610
1.19256940
1.09056540
0.98747225
1.06608770
1.14714780
0.89710464
1.11908340
0.95710999
0.96461649
1.11111180
0.83781301
1.02727110
1.14824610
1.17325630
1.21654750
1.19309850
1.28079830
1.03640310
0.99007383
0.95385022
0.95191734
1.10889780
1.06537570
1.17346390
1.20023260
1.25106240
1.27078870
0.95541570
0.97925217
1.07348560
1.17004710
1.39221200
1.35077810
1.20413060
1.25754620
1.27731060
1.03306460
1.28281740
1.23877490
0.99453957
0.94182557
1.21124840
1.09890530
1.36341200
1.08027640
0.96852341
1.15646380
0.78624045
1.09750270
1.12310470
1.10805560
1.17902500
1.26560590
1.21110070
1.09532260
1.27508630
1.36273870
1.03130160
1.03330210
1.19046530
1.40134100
1.11802670
1.35883680
1.35068370
1.14321320
1.20814070
1.20376810
1.12015460
0.91292045
1.13198280
0.98939336
1.11770560
1.13496210
1.07651660
1.07744130
1.27045270
1.40525030
1.30653070
1.38654360
1.20626680
1.07515550
1.19361950
0.85014059
0.87489697
1.09071250
1.05858240
1.24489330
1.05271680
1.08670470
0.99062747
1.32920970
0.99736266
1.03175030
1.02925510
0.98026274
1.05046660
1.04872540
1.23737310
1.16755620
1.33754330
1.26138080
1.16751940
1.03849620
1.19904570
1.22318350
1.28174030
1.25142280
1.20552450
1.13399470
1.10293670
1.22124990
1.14392680
1.33842590
1.30610590
1.35401750
1.44079100
0.81213888
1.03370330
1.01082820
0.97319181
1.30861820
1.21706850
1.21105580
1.08390740
1.26714120
0.89242036
1.03354800
