0.87169562
0.89652474
0.94773269
0.89509546
0.88924026
1.00570750
1.04043110
1.04524110
0.91629824
0.95477699
0.81291888
0.84770542
0.84816424
0.83213994
0.83665391
0.90313066
0.93054584
0.89788778
0.97707082
0.88166777
0.86435758
0.77479310
0.84373424
0.92732654
0.91147198
0.93795485
0.99038151
0.86212871
0.91139181
0.92552740
0.98579795
0.81976823
0.88614791
0.84706848
0.88082875
0.95421745
0.87915242
0.93267461
0.98162062
0.90209048
0.96568615
1.04891170
0.80065722
0.91300316
0.91726159
0.92829828
0.93968483
0.99998459
0.99422557
0.98788207
0.74673042
0.75898123
0.78528102
0.78084917
0.71777251
0.78521062
0.81201502
0.83824511
0.80076093
0.87371171
0.83929541
0.82670096
0.86322426
0.89564442
0.90060410
0.88318490
0.86633792
0.91800078
0.93222671
0.93553538
0.99837229
1.00576930
0.80717418
0.82244109
0.86501737
0.84611852
0.89776129
0.89814710
0.86858531
0.91848514
0.91741071
0.93819780
0.88567720
0.83587676
0.90011550
0.91068625
0.94091760
0.95790787
0.99824729
0.98643469
0.96033645
0.88518168
1.05064010
0.86119648
0.85809636
0.80345262
0.90131686
0.96134534
0.87635577
0.96131544
0.92921765
0.93257806
0.89006392
0.95051696
0.80754927
0.74784647
0.89198185
0.93445423
0.86288753
0.93002785
0.92867273
0.89483097
0.98445233
0.96583300
0.82675387
0.78014317
0.77283868
0.82736575
0.83633170
0.92828049
0.96417188
0.92460010
0.89798061
0.87222008
0.95829526
0.89183774
0.83139439
0.82463132
0.92663132
0.81554060
0.86824905
0.88905771
0.81806235
0.94462066
0.88963505
0.94162489
0.94860731
0.87421796
0.89208931
0.89396752
0.95634326
0.99083654
0.94615611
0.95379054
1.06395010
0.98837121
0.84075814
0.78941784
0.94655849
0.96289272
0.95108094
0.99712695
0.94490209
1.01016730
1.04960850
0.98942375
0.86735939
0.87947715
0.88798618
0.92656097
1.02757330
0.96627540
1.01697360
0.99682728
0.98505496
1.08480970
0.80279924
0.87807545
0.90152076
0.92679722
0.90018454
0.85736795
0.96136170
1.06246400
0.99055456
0.79962225
0.80495060
0.81549282
0.82754617
0.77996828
0.86417324
0.84036900
0.84326777
1.00740020
1.04100500
0.85937751
0.78927311
0.87408687
0.92916440
0.85165710
0.87520097
0.98764381
0.91589523
0.94414097
0.85638344
0.94169784
0.97314054
0.96295095
0.99568569
0.96941139
1.06088690
1.04317130
0.96569444
0.96664155
0.83966269
0.84744497
0.83584320
0.81184062
0.89424788
0.91384528
0.98253077
0.89884495
0.95393884
0.94487318
0.75447273
0.82725005
0.86203263
0.84667362
0.76148370
0.82570472
0.88246888
0.95808779
0.85638107
0.88592341
0.92841454
0.88514031
0.87438954
0.84486457
0.89757034
0.89312383
0.88904482
0.93002115
0.95101817
0.92020282
0.78103953
0.78870004
0.81330917
0.84260555
0.80405642
0.88069222
0.87877776
0.88586280
0.87152864
0.88516189
0.87716986
0.89253036
0.77743555
0.77378314
0.78346941
0.80419795
0.80578161
0.79166173
0.85702641
0.82983546
0.89737190
0.86829842
0.90394116
0.89390381
0.73101920
0.77856370
0.78182197
0.82935162
0.80051097
0.77480848
0.87338484
0.88361856
0.84423649
0.80780567
0.92403514
0.93441580
0.75898043
0.79818757
0.78660122
0.84274789
0.81593331
0.87813028
0.88179382
0.86146996
0.92740208
0.85225868
0.87333962
0.79138238
0.78256748
0.78772393
0.82500726
0.84899758
0.80029256
0.85262717
0.89447672
0.97026199
0.97976108
0.80838915
0.80450812
0.79548234
0.85165028
0.92677723
0.86994068
0.82128866
0.83510244
0.88741381
0.83155831
0.88166992
0.80111951
0.78004111
0.81858877
0.85930380
0.94514874
0.90456529
0.82901155
0.89128217
0.93270727
0.97427274
0.82490574
0.74830837
0.77323309
0.81029953
0.78212582
0.89662001
0.86986728
0.88241928
0.80609196
0.90540089
0.82726605
0.87381599
0.78854398
0.78419491
0.80906933
0.81407865
0.77065186
0.82281368
0.82905520
0.79275911
0.79778744
0.82585486
0.82010337
0.85144696
0.77405951
0.84559493
0.78716355
0.79825295
0.83766917
0.91277901
0.89754549
0.90200320
0.96532587
0.91165790
0.94947903
0.80857304
0.85834543
0.82575146
0.90566077
0.87046486
0.89765527
0.94062794
0.92098673
0.92586256
0.94380516
0.93725690
0.76427500
0.92057719
0.86134531
0.82589175
0.91875899
0.92512115
0.92356907
0.87272220
0.92972685
0.82468109
0.95721370
0.82734348
0.89661611
0.95167039
0.89391455
0.87213410
0.96084349
0.98766750
0.85385216
0.86563018
0.94544538
0.82356984
0.80531148
0.87088638
0.89035208
0.97535009
0.87853914
0.93047304
0.93363623
0.91655288
0.96764821
1.02232100
0.75494741
0.79546625
0.82110495
0.87821176
0.87549800
0.91223247
0.96213595
0.92489281
1.08334370
0.83616100
0.83503892
0.82138702
0.91730482
0.90744782
0.90149792
0.92618520
0.96386260
0.92662573
0.93892940
0.95986528
0.88916580
0.85162478
0.86607585
0.90948564
0.93395162
0.87916937
0.95217073
1.01569050
0.98522309
0.84780731
0.87821036
0.87231816
0.87735381
0.95423630
0.90586263
0.88745360
1.00841490
0.89646559
0.99210715
0.81852412
0.78419876
0.82985062
0.83535588
0.83860002
0.86355099
0.87472625
0.83505351
0.76945850
0.94454830
0.93712302
0.90771507
0.88036019
0.87852524
0.89025705
0.89143446
0.94829881
0.88587515
0.99186637
0.95943613
0.90289196
1.02327680
0.79041252
0.75741058
0.90459583
1.00898300
0.85466801
0.93852449
0.86720388
0.89896434
1.00742750
0.76478172
0.81651781
0.81888478
0.84171245
0.86951956
0.85775072
0.93975877
0.92806893
0.93948278
0.93045957
0.96005732
0.75492436
0.79026254
0.81298500
0.79088758
0.78826266
0.81456786
0.81639400
0.84119150
0.85553533
0.83051224
0.78610817
0.83005292
0.87556427
0.82414821
0.87395908
0.88682631
0.85868895
0.84985304
0.77576375
0.91198715
0.92962687
0.91389256
0.80774264
0.81557501
0.84724900
0.82645110
0.84759437
0.84589837
0.90908418
0.82441968
0.85004756
0.86675410
0.86433606
0.86341857
0.73685159
0.77498440
0.79145657
0.84108672
0.84936707
0.81505095
0.86386707
0.81508088
0.86430672
0.91262790
0.89827569
0.93617181
0.81113268
0.77959422
0.84140286
0.85381909
0.82251650
0.83856947
0.85761332
0.90183895
0.87548560
0.88922149
0.97090233
0.95436540
0.77658504
0.77933252
0.79804139
0.78536922
0.82027814
0.87931500
0.87638044
0.93893946
0.92895124
0.90155661
0.92678867
0.83133038
0.83208824
0.92614670
0.92730071
0.83374567
0.90673171
0.89259463
0.90234236
0.94806605
1.01085980
0.79754693
0.74758369
0.77542018
0.87835705
0.77984605
0.89691110
0.86946949
0.81561588
0.81202339
0.89150121
0.88385858
0.95411195
0.73082507
0.84060545
0.82945846
0.86193995
0.89504085
0.90651271
0.95188532
0.89699890
0.94200116
0.94863684
0.78586534
0.84008329
0.86634823
0.89096016
0.87489818
0.90855480
0.89821083
0.94039020
0.92332637
0.99563863
0.85263269
0.82742980
0.86586752
0.91290698
0.92821624
0.86483679
0.94267633
0.95726352
0.95852744
0.94174593
1.00664180
0.82328269
0.82571326
0.79384828
0.82237111
0.85866729
0.84479986
0.85410173
0.89398313
0.81126559
0.85927996
0.86706684
0.86248402
0.77588539
0.80662972
0.87658109
0.96486096
0.82727550
0.94728883
0.95114440
1.03768790
0.90221928
0.95184754
0.88176268
0.92714340
0.90557005
0.88309136
0.96608287
0.96571634
0.98006527
0.97595026
1.03906720
0.92997272
0.93910570
0.88896581
0.90756212
1.00525500
0.91878929
0.94986923
0.92570019
0.76607725
0.76813207
0.86227155
0.89016660
0.87842218
0.92106335
0.93832600
1.06981700
1.02477440
0.96647560
0.81644507
0.83708217
0.87147732
0.92452240
0.92221913
0.93132827
0.93960208
0.93203891
1.13214670
0.84691880
0.81581577
0.88238901
0.87356055
0.87828278
0.94081040
0.89383385
0.91551707
0.88711906
0.94090802
0.94390872
0.99712121
0.92515504
0.96523035
0.88079120
0.94241466
0.96739007
0.95254149
0.87985885
0.97490886
0.95271746
1.01265860
0.89471914
0.81433534
0.90914782
0.88306408
0.89870870
0.84543524
0.93987848
0.99943770
0.99623105
0.80452210
0.79625223
0.79315516
0.78574726
0.79202521
0.85929714
0.82570654
0.83968992
0.82778189
0.85591160
0.86047019
0.85008894
0.83013281
0.86137924
0.82748283
0.88944117
0.94373280
0.89925688
0.87872278
0.91473752
0.95238318
0.94396946
0.96086526
0.90526558
0.91467948
0.89764278
0.97718002
0.96759618
0.93072015
0.98732750
0.96928867
1.04674060
0.81176259
0.81165920
0.76143506
0.78124965
0.83504599
0.87376614
0.91780348
0.97726122
0.89041936
0.84439834
0.87720042
0.80002749
0.87126976
0.83484174
0.92845207
0.95087991
0.87409706
0.90610774
0.89185663
0.93766364
0.92093493
1.00893950
0.74574207
0.83897879
0.85957764
0.83794069
0.88261716
0.87847595
0.88095447
0.89431117
0.94025472
0.90643286
0.85087781
0.79946796
0.79088781
0.83846198
0.94898706
0.86592751
0.93804467
0.93430997
0.93545052
0.98978824
0.92940615
0.86174755
0.86014911
0.79426020
0.79948034
0.83986325
0.87723405
0.94529012
0.92880737
1.04284820
0.78591663
0.84905143
0.84833294
0.84620104
0.86643921
0.94445870
0.95497084
0.88019994
0.92839270
0.90225319
0.85467496
0.86570185
0.81212586
0.93727796
0.86851180
0.83151361
0.96512359
0.95308901
0.89930225
0.96859144
0.88848279
0.87567209
0.86027280
0.81758475
0.77875009
0.94145451
0.82852825
1.00209630
0.93760128
1.05366960
0.97089075
0.88004643
0.88974084
0.82945761
0.92059175
0.83041512
0.93924752
0.93266685
0.93988913
0.97797752
0.97104076
0.92336695
0.90008169
0.90700546
0.85728635
0.95238268
0.92332029
0.97541878
0.96825216
1.00884030
0.91207776
0.78516637
0.83808046
0.89271019
0.87210900
0.82455340
1.00845900
1.01075120
1.10343070
1.09946620
0.85382783
0.88712638
0.91951641
0.95345629
0.80527590
1.01631710
0.99737389
1.09618010
1.02391260
0.83448478
0.86448062
0.91095119
0.90431904
0.97195221
0.97167357
0.98094134
1.01799510
1.01491540
1.00477590
0.82164208
0.89788310
0.87406251
0.83694743
0.93683342
0.89490928
0.89263987
0.96982715
0.91153353
0.99676868
0.86613847
0.80623132
0.83370591
0.91739232
0.95255733
0.87434479
0.91447112
1.03805430
0.96995333
0.83286089
0.82071691
0.88453678
0.92900766
0.87082476
0.92644864
0.87850303
1.02376930
0.88280483
0.81630977
0.81860296
0.82578278
0.84036818
0.81162806
0.90360152
0.89935061
0.84806377
0.89931031
0.88454489
0.99703326
0.77218994
0.84458074
0.80306727
0.88575071
0.84139140
0.91254702
0.92225444
0.89494309
0.93584025
1.01177580
0.83385725
0.82937204
0.83233102
0.81464732
0.76258336
0.85751375
0.82381010
0.90557427
0.87225240
0.83577006
0.91955974
0.95337890
0.85189587
0.86259263
0.85741999
0.89075853
0.88607695
0.88074229
0.94806713
0.87708068
0.97109957
0.97085759
0.89686970
0.75176478
0.86036132
0.88625413
0.92228714
0.79132756
0.87000744
0.93396449
0.88467501
1.00879720
0.84405052
0.79732998
0.92363922
0.88302517
0.86948073
0.95705317
0.87861411
0.93040282
0.89787913
0.88634819
0.95598517
0.92418859
0.96021400
0.91110523
0.96597468
1.02408340
1.02554440
1.00268110
0.99681544
1.16940220
0.76932715
0.89713035
0.97019006
0.98847953
0.97888448
0.90300915
0.90258730
1.00994960
1.05309440
0.81175337
0.81313833
0.85391021
0.86367124
0.82751262
0.87119981
0.88393563
0.96120326
0.91990403
0.96252430
1.01101810
0.85533444
0.79870319
0.79754647
0.85738599
0.85089827
0.89645420
0.85904178
0.87330511
0.91873372
0.90290545
0.99186766
0.84888843
0.86618111
0.89994612
0.91236926
0.94096554
0.92541641
0.96193488
0.93228001
0.90774790
0.95647044
0.92462928
0.77233952
0.83729293
0.87073268
0.90313114
0.86415388
0.93132625
0.88637161
0.94369073
0.94225189
0.98560917
0.78295584
0.83169705
0.85565171
0.86804489
0.80703380
0.88013167
0.79785348
0.81341764
0.82391834
0.86262354
0.87355309
0.90077000
0.83169215
0.85517879
0.84792218
0.82446857
1.01438110
0.90823579
0.99375588
0.88852915
0.99827192
1.01196370
0.74154154
0.84828807
0.90314651
0.93429432
0.98408936
0.96916527
0.91370322
0.94476597
1.01000770
0.94957206
0.75901964
0.85504126
0.86989006
0.87325071
0.88786609
0.94261235
0.92538628
0.88457681
0.93160528
0.90318879
1.02585940
0.92031118
0.87003302
0.98129332
0.96394696
1.00834590
0.95002328
1.00690900
1.05484490
0.85746842
0.91365699
0.96088618
0.91173479
0.95523258
0.92484560
0.88396576
0.94891629
0.97866019
0.95391554
0.91662649
0.79767305
0.95095839
0.94684623
1.01271350
0.94161336
1.03693590
1.03319050
1.03934560
1.00450630
0.94418234
1.03318490
0.97051393
1.07821800
0.98104619
1.08161850
1.08450510
1.08904240
0.89974396
0.95275714
0.94805892
0.90111006
0.96576628
0.88206828
1.01663890
0.96527626
0.91561698
1.02843120
1.08486020
0.86253079
0.94742725
0.94342463
0.93597289
0.96416337
1.02907160
0.99804326
0.98150153
0.97466809
1.04888800
0.81084215
0.87846289
0.87621358
0.85173863
0.88894890
0.89322833
0.90834056
0.99566595
0.94622029
0.97278052
0.95982086
0.87283784
0.86801929
0.94019225
0.88235022
0.96359793
0.92356885
0.96803112
1.04939760
1.03397930
0.86500207
0.90882100
0.88421891
0.84800531
0.94451922
0.96706628
1.03820620
0.98861812
1.02852260
0.83141355
0.80821840
0.80267571
0.83413789
0.89008970
0.95111195
1.01872890
0.93368261
0.88457270
0.97917829
1.01274370
0.85825173
0.91701277
0.95048916
1.00071870
0.93435385
0.94036540
0.99066823
1.02942840
1.13514050
0.83752915
0.89981145
0.85820602
0.84750097
0.92076324
0.93084473
0.94894008
0.94910503
0.99628946
1.03152190
0.94345836
0.80866694
0.85148153
0.98229130
0.92017289
0.87852195
0.94578948
1.05040000
1.03959330
0.86939784
0.83786519
0.92415341
0.92005294
0.91690459
0.97451651
0.89281502
0.90989182
0.88239628
0.94191560
1.03327300
0.79845820
0.84998319
0.87980676
0.93395030
0.85727957
0.90967474
1.00580070
1.00356800
1.05904800
0.76676551
0.87873999
0.81075340
0.89981270
0.87537880
0.79844484
0.95074113
0.90531861
0.88246824
0.95602372
0.93285795
0.98105606
0.81533542
0.92006315
0.91247663
0.95846284
0.96673890
0.94676460
0.90975903
1.02481600
0.97448378
1.01743380
0.79894398
0.80070444
0.89410563
0.93979190
0.93983456
0.97740774
1.02317820
1.03003100
1.00533340
1.06572820
0.83626587
0.88356182
0.89611217
0.85109837
0.90073998
0.86448941
0.92270161
1.04959360
0.97207802
0.84083837
0.86724103
0.81405564
0.85608627
0.91467268
0.93925566
0.88372785
0.92390956
0.96645409
0.95304622
0.98919911
0.99861372
0.84959392
0.92180737
0.94514379
0.88829957
0.92991549
1.00149080
1.01881310
1.02212140
1.03313090
0.91350113
0.89724877
1.00888490
0.91305517
0.95271506
0.92802763
1.03844480
0.96747323
0.66978340
0.88112991
0.91369981
0.90901814
0.91254684
0.94618722
0.92411744
0.90336946
1.03485840
0.84834468
0.86295627
0.85710722
0.89126462
0.88663697
0.94018322
0.89295654
0.98343254
1.01664300
0.97560999
1.06433520
0.81492334
0.87842078
0.97388444
0.92094665
0.95483394
1.08809760
1.01740960
1.10371730
0.86323570
0.82334605
0.85757450
0.89152447
0.95947396
0.95745935
0.91741868
0.96399990
1.04175430
1.01483640
0.82733132
0.88747939
0.90285206
0.99262697
1.00866250
0.98254772
0.97612232
1.20545050
1.19707550
0.92120270
0.99205366
0.99592173
0.97117733
0.90172738
1.02273140
0.95225249
1.07516150
0.96239581
1.12535140
0.80160173
0.77788489
0.90102513
0.88267308
0.92276320
0.94311568
0.91761016
0.91667823
0.96880591
0.99465739
0.76341511
0.79808591
0.88301500
0.88296315
0.87328410
0.88549552
0.91178437
0.93948018
1.11618830
0.86934725
0.90772206
0.91978154
0.86441410
0.94628909
0.99739009
1.00123980
0.96486545
1.04191470
0.83208079
0.91381695
0.88377951
0.89362019
0.92863251
0.92338097
0.95184670
0.98702403
0.96389223
0.90926050
1.05193450
0.80960862
0.89343281
0.87800555
0.90831302
0.97341248
0.93144533
1.00685660
0.94697109
1.06483930
0.90799063
0.98201752
0.98752472
1.01424130
0.97777264
0.97396399
0.98931291
0.99941248
1.03401120
1.04356360
0.79761622
0.86481049
0.87828263
1.02909110
1.04376470
0.96101878
0.97206350
1.16343960
0.84905163
0.80067831
0.95489218
0.90601909
0.96942362
0.84831958
0.87379600
0.78510335
0.91018662
0.81189427
0.90561879
0.89946987
0.84184339
0.89687187
0.82995556
1.02095270
1.15643500
0.95969076
0.99268849
1.03403810
1.05090470
1.07745530
1.07084040
1.04426060
1.02563420
0.87871344
0.91951298
0.98511077
0.97169149
1.00140330
0.85778043
0.96888927
0.98527630
1.03457630
0.91169311
0.73055041
0.78471526
0.92503072
1.01147300
1.03610520
0.94261455
1.04096270
0.97826823
0.89028573
0.86965190
0.87176835
0.85230649
0.97293771
0.93282920
0.94963686
0.90179768
0.89433277
1.02245790
0.89653633
0.96072410
0.98772478
0.95033565
1.00248100
1.01768600
0.98023938
1.05229570
1.11501220
0.94016427
0.92797964
0.92864332
0.99145203
0.85721792
0.92685957
0.93124582
1.02205090
1.05634610
0.80091228
0.78558390
0.88676024
0.81755935
0.82182455
0.93460305
0.90260425
0.84194366
0.85108653
0.91961921
0.94669279
0.95371990
0.93056899
0.89745761
0.93564446
0.94678129
1.01697330
0.92940175
1.04319960
1.02327650
1.03859910
0.87232872
0.88147652
0.91693174
1.03321570
0.96221117
1.00345810
1.01398360
1.02984020
1.04656170
0.92538007
0.80049130
0.94924075
0.95676051
0.99384760
0.99340358
1.08903050
0.99823391
0.79195621
0.82449176
0.85567767
0.89945077
0.85860135
0.93414871
0.95166375
0.85027871
0.82102187
0.91226102
0.94814705
0.84316177
0.93103580
0.93855883
0.93552706
1.01737590
0.89837189
1.11286540
1.05497970
1.06144670
0.98911273
0.96036503
0.93822156
0.93447431
0.99682492
1.08739470
0.95320112
1.05762380
0.80344357
0.86506787
0.87410786
0.94195386
0.94861325
1.00208890
1.06551020
1.03970010
1.07763380
0.89211354
0.93186601
0.97451727
0.92020420
0.98693955
1.01079760
1.02149490
1.00967670
0.92609285
0.91044080
0.94134850
0.99499573
0.87976555
0.89896636
0.97719255
1.01475530
0.99790883
1.02716580
1.02113910
0.86806346
0.86085076
0.92211364
0.90806840
0.92977263
0.93640544
0.95378564
0.91059135
1.01692860
1.00341190
0.88303833
0.90977207
0.90828248
0.94888801
0.97890795
0.97961625
1.02601450
1.01781370
0.93595699
0.97239456
0.89514240
0.87250549
0.94128396
0.95562969
0.86451560
0.87312501
0.93589485
0.96662886
0.98095159
0.97510909
0.99139304
0.76848309
0.95336603
0.89780689
0.93822784
1.02191140
0.95700261
0.99285123
1.08134790
0.87294539
0.93679974
0.89703179
0.91533697
0.93037541
0.94604707
0.86486109
0.82837210
0.94277735
0.90020534
1.01291520
0.83743880
0.87274693
0.89215829
0.89815243
0.97773851
0.98736740
0.96907335
0.88516625
1.07959740
0.84723258
0.80465799
0.91241855
0.96566295
0.95325800
1.04554520
1.01998210
0.95681157
1.00730590
1.06403200
0.71060771
0.91938103
0.87310791
0.95428797
0.97731500
0.99498600
1.09457510
1.15585760
0.87266847
1.00085170
1.01882420
0.94653791
0.98825559
1.18242160
1.07647640
1.09687410
0.92570209
0.85538749
0.88626595
1.00234440
0.99988448
0.97244171
1.05854030
1.03959540
1.13644440
0.87081993
0.94121479
0.89718750
1.10132510
1.05485100
1.05765820
1.06384380
1.03755160
0.84306051
0.89534164
0.88818758
0.92689063
0.91503929
0.97911326
0.91577627
0.87474444
0.92468828
0.99447285
1.07911920
0.86395863
0.90846772
0.90216975
0.97782730
0.95641953
0.97572789
0.95366869
1.00004680
1.03895980
1.06658570
0.84840773
0.91997785
0.88647463
0.87654935
0.97389276
0.91908804
0.91309053
0.97592002
0.92775818
0.97167517
0.98651652
0.81153895
0.86143253
0.87992062
0.87235046
0.86886100
0.86938164
0.85602305
0.89045815
0.85622596
0.97442521
0.99166829
1.03400870
0.82279071
0.91723970
0.91246764
0.89702164
0.96523348
0.99115875
1.00092830
0.98802794
1.04713730
0.92709028
0.85495869
0.95077176
0.82676018
0.98444822
0.99017222
1.01084470
0.96181548
1.10360470
1.02832920
0.85317619
0.95229898
0.95256770
0.95259992
0.93507121
0.99137214
0.87909187
1.02800510
1.08831030
0.98422951
0.89405628
0.87202468
1.04099440
0.96016935
0.97833995
1.04292030
1.00256940
0.97747085
1.17103000
0.91664456
0.92624936
0.89294227
0.86219309
0.94758199
0.80789302
0.96171086
0.96701498
1.01589860
0.95891775
1.02784430
0.79767495
0.91815013
0.82474005
0.94017199
0.85678279
1.02915360
0.97458806
0.96290341
0.89438628
0.97328103
0.95365313
0.88437803
0.93038943
0.99163448
1.02667500
1.08619260
1.00247100
1.05808210
0.85226272
0.92601697
0.99116212
0.92131104
0.96203883
1.01108470
0.91883547
0.95859311
0.95720607
0.90308330
0.91739559
0.97846247
1.00128030
1.00789030
0.99763493
0.97814579
1.02593840
0.74280054
0.91915683
0.91764904
0.97878183
0.94621887
0.94376536
1.10439910
0.79418865
0.91410700
0.91002355
0.87858272
0.94358839
0.93273261
1.07995240
0.99541254
1.06431590
0.87723963
1.00397320
0.92122409
0.98155359
0.93334798
1.05165770
1.11427670
1.03541830
1.07767540
0.83208268
0.83413138
0.84496988
0.85727089
0.87553119
0.97019449
0.80854561
0.97606631
0.97500579
1.00060700
1.04257150
0.83850788
0.90819659
0.98550881
0.93590519
0.92585821
1.03813980
1.02885290
0.96423894
1.08055980
1.01027270
0.89590810
0.94658348
0.99657619
0.99119768
1.04035630
0.96824285
1.00396600
1.01421600
1.07835020
1.08842810
0.86887704
0.83712688
0.90599575
0.95981862
0.94669577
0.97586442
1.10985740
1.11535510
1.03806270
0.82606288
0.77680349
0.96388648
0.84070828
0.98987667
0.96458307
0.86221357
0.86604925
1.00711160
1.02345300
0.83930977
0.90160090
0.98673254
0.94925433
1.02099470
0.91538371
1.08742100
1.06188800
1.07891180
0.88748135
0.82842383
0.86015769
0.94215583
0.90857184
0.86007491
0.81251124
0.91889853
1.05474420
0.92330486
0.97544349
1.09090760
0.76759297
0.93151200
0.97307913
0.84899873
1.06720520
1.00129700
1.10433740
1.24447950
0.81078023
0.82212910
0.85408672
0.77618525
0.83960075
0.88775963
0.82997517
0.84315540
0.87665413
0.81599122
0.85794090
0.95284684
0.90889955
0.89336964
0.94142937
0.94718076
0.95063168
0.95613840
1.18242780
0.99322745
1.12944310
0.88552323
0.87868025
0.86147281
0.88264915
0.88589266
0.79687229
0.95214170
0.93313502
1.03131010
1.00959800
1.08470140
1.06980920
0.84523577
0.85850698
0.89398459
0.88863335
0.95224506
0.88545572
0.92182586
1.05326000
0.91350118
0.99441830
0.96396094
0.90593182
0.89055743
0.86226475
0.80450223
0.89275903
0.82023288
0.91524515
0.83245063
0.96306007
0.95683015
0.95680189
0.78487498
0.91429441
0.90627321
0.81145698
0.93586096
0.98004878
0.94983841
1.12625620
0.92443201
0.95286664
0.94969456
0.86498094
0.90694130
0.98012054
0.91931213
0.92514351
1.00086040
1.02330210
0.96956487
0.83297101
0.93055812
0.98120553
1.02395630
0.93578173
1.04969920
0.96790926
0.90494215
0.94384752
0.89443442
0.84172346
0.86767649
0.98721502
0.89462401
0.97684264
0.96738184
0.82982594
0.89046990
0.93571664
0.99429979
0.88479266
0.90678491
0.98852165
0.95871687
1.02086050
1.04188070
0.98224243
0.99957142
1.08664120
1.11882470
0.86448722
0.93165404
0.92517207
0.94022941
0.90467904
0.94303853
1.01716360
1.04041560
1.02559450
1.02872530
0.96708199
0.90696732
0.93025081
1.00361150
1.05286220
1.08858320
1.10397810
0.92524509
0.82590323
0.99908160
0.98486624
0.95999223
0.93031439
0.97779449
1.01712360
0.98682295
1.10239030
0.88162119
0.86709836
0.95129821
1.05619810
1.06593660
1.02692200
1.03995900
0.78166244
0.83528913
0.86550736
0.87430122
0.88363566
0.99548714
1.00651130
1.01047180
0.98429277
0.98699291
0.84037059
0.85162151
0.93240064
0.94542385
0.96521797
0.98889832
1.01418390
1.04936330
1.09064080
0.93215232
0.98253100
0.94406615
0.87595577
1.00480540
0.98597568
0.96998711
0.98032126
0.96381132
1.00684150
0.83832550
0.82568013
0.98286231
0.97953002
1.04654620
1.06922780
1.00411020
1.06133610
0.97551158
0.79954904
0.85581159
0.87979277
0.93229845
1.01888050
0.97354322
0.96382593
0.94331776
1.11641840
0.82475612
0.81519015
0.86149901
0.96250971
0.94696624
0.97732846
1.02797870
1.01697740
1.11640010
-0.10798269
0.94357158
0.95416858
0.95974184
0.92396466
0.93173928
0.98681830
1.02419920
1.14292110
0.81656954
0.86168233
0.97659418
0.84810598
0.92982083
1.03030670
0.87213351
1.07576050
0.92447524
0.97292978
1.09619120
0.96345816
1.01098690
1.01069670
0.97946881
1.12632720
0.83303946
0.79744652
0.97736864
0.91642639
0.90483797
0.95521557
1.03834470
1.03256690
1.07260840
0.87814179
1.04872630
0.96782352
0.97171730
0.98227865
0.95975158
0.98836203
0.97770885
0.95357752
0.91720869
1.05185500
0.83344791
0.86963833
1.07555200
0.98027709
0.96143059
0.99461069
0.82852226
0.86879949
0.77608180
0.93999168
0.96358419
0.95315019
0.97625266
1.02547590
0.79548444
0.84952570
0.89635130
0.84718857
0.96976061
0.89152977
0.97250029
0.97252714
0.96121890
0.99339964
1.02287500
0.84345801
0.79738381
0.93117001
0.92926059
1.01378950
1.03144050
0.96908509
1.05354430
0.94503526
0.93021143
0.83792036
0.97753519
1.01341450
0.98623235
1.05835920
0.96991840
1.02104360
0.88865510
0.89117348
0.81928148
0.78952913
0.92405107
0.93285057
1.01482450
1.01416110
0.88660492
0.90008462
0.91038586
0.98167708
0.80918465
0.86955159
0.86609960
0.92673833
0.91704506
0.96320493
0.99441380
1.00524140
0.85036136
0.94645874
0.91267013
0.93218800
1.03585480
1.02513760
1.04295020
0.89352054
0.93538866
0.99223177
0.86751934
0.98731324
1.01208070
0.95191767
0.91608325
0.99838556
1.00961370
0.87306156
0.93564183
0.94560840
0.98988837
0.90350060
0.84352691
0.92351774
0.95659751
0.82233219
0.97184967
0.84220189
0.95911036
0.90051260
0.88792545
0.88209756
0.96338180
0.92750898
0.95682430
1.01840860
1.06042560
0.98634058
0.81945584
0.83448507
0.90259377
1.02091260
1.00564220
0.94699754
0.94569980
0.99199690
0.97569210
0.75117625
0.91939576
1.04887320
0.94808592
0.88246143
0.86506474
0.88558657
0.92927282
1.02541870
0.89041250
0.95535147
0.85836122
0.94134127
0.91828243
0.98852539
0.99186749
0.98101137
0.92608141
1.08213430
0.88254207
0.93108443
0.93667932
0.92674722
0.90718925
0.99644590
1.09389710
0.91356324
0.99462609
1.03385200
0.84986637
0.77536308
0.96741758
0.89872818
1.00598860
0.88608710
0.98078342
0.97093968
1.03861290
0.86214830
1.00854390
0.92342102
1.05621690
0.96399870
1.02997620
0.98135687
1.06211430
1.05468940
0.82920235
0.84893810
0.94402745
0.84866555
0.89205976
0.99870487
0.94612205
1.02940550
0.98171703
0.82405617
0.90407051
0.97747096
0.93272592
0.94580826
0.92791935
0.97312292
1.01664580
0.95990226
1.00462140
0.87001014
0.85887623
0.93225025
0.88695668
0.91860025
0.94884232
0.99782053
0.94819630
1.09583090
0.91924133
0.94554279
0.96536599
0.87306464
0.94221767
0.97724121
0.98377968
1.06301610
1.09195860
0.88338985
0.89758601
0.94844108
0.99175463
0.99446423
1.00112110
0.98590403
1.02379620
1.12653240
0.86563592
0.82714709
0.96060435
1.00252360
0.90005073
0.92744530
0.86810038
0.93016140
0.97941377
0.88475848
1.03804720
0.95110771
0.91238297
0.91440907
0.97198322
0.89622446
0.91403544
0.96696875
0.99451606
0.96424772
1.03368280
1.08299390
0.85272064
0.99353087
0.90428259
0.95838503
0.92523185
1.01099550
1.02416820
1.03064760
0.93089049
1.00086870
0.89697424
0.94415697
0.88043936
0.94539863
0.93744289
1.08386480
1.00409300
1.01503110
1.09173900
0.89422965
0.89440439
0.93273570
0.93769050
0.96628120
0.99100291
0.94410903
0.95595852
0.97688969
0.95905813
1.05124600
0.97170216
0.93663457
0.95041085
0.99483240
0.92123795
1.00766040
1.02881140
0.95382843
1.04373630
0.89021615
0.96857383
0.95012699
1.01631180
1.04013730
0.87989083
0.97665151
0.94595229
1.00827910
1.08093790
0.94879882
0.86066846
0.96594344
0.99924379
0.98379204
1.02694910
1.00797720
0.97719892
0.99919812
0.94487718
0.86364212
0.94032616
0.99978457
0.94642096
0.93752930
1.00901010
0.96860337
1.10163270
1.04918060
1.09784800
0.92866264
0.98146506
0.95895344
1.00509390
0.94234235
0.98325268
0.95235979
0.98357023
1.01593840
1.05844920
0.85067767
0.90046959
0.96985219
0.97328647
0.91233971
0.94273044
0.96758697
0.96929215
0.96337004
0.90016133
0.88242202
0.84739330
0.88332997
0.82496505
0.92297078
0.89754803
0.99613307
1.01131680
1.05556940
1.03122210
0.86733172
0.88986048
0.90014811
0.89259188
1.00074600
0.97063681
1.04507440
0.96389018
1.07800150
1.12850960
0.91558248
0.93498546
0.85020211
0.99479539
0.91021055
0.91346643
0.96275938
1.05326880
1.02476830
0.88539322
0.94033164
0.96607504
0.96392228
1.03959790
1.01151310
0.96200072
1.06906060
1.08395130
0.88260834
0.96291205
0.97823527
0.91825642
1.05098230
1.07584580
1.11551450
1.03486960
0.89354313
0.91275170
0.84740781
0.88760924
0.89593504
0.91098613
0.91684095
0.91202202
0.85176558
0.92787898
0.80161326
0.77584638
0.91861287
0.90237994
0.99538475
1.12039540
1.12001580
1.14467710
0.86980199
0.84313561
0.92152781
0.94909715
1.01270220
0.99057720
1.00597700
0.96796428
1.00861660
1.07825570
0.93915562
1.04009670
0.99075045
0.99547564
0.96903602
1.10653800
1.05407160
1.03165300
0.87478042
0.99690265
0.98285114
1.03920440
1.02988420
1.02139540
1.10367720
1.15273700
0.83669262
0.97441400
0.99683083
0.93602642
1.09385000
1.05804980
1.00710090
1.09719450
0.86570159
0.94602484
0.96914763
0.95361064
0.98173467
1.00995070
0.97853954
0.97376238
0.99214356
0.90858722
0.95968642
0.87419697
0.88872496
1.01156590
0.93617270
1.06757240
1.09323860
1.10427080
1.10830970
0.80474235
0.92876379
1.01842220
1.04691760
1.00566940
0.97222055
1.05847430
0.99208321
1.08786720
0.83705022
0.91444597
0.89118686
0.90865940
0.89393500
0.99175798
1.06972530
1.04518050
1.08913650
0.80432313
0.90977020
0.83723585
0.75801130
0.86151098
0.86878084
0.90509667
0.94553054
0.96448161
0.94872108
0.98461842
0.98863144
0.81956701
0.90384203
1.03955900
0.98204061
1.02998970
0.90468927
1.12061580
1.08964240
0.80292362
0.83574617
0.99318631
1.07731290
1.11661250
1.01222360
1.12387450
0.84119164
0.94107560
0.96259471
0.98135502
0.95697943
1.12070790
0.91554715
1.06903730
1.03245540
0.86847550
0.97416534
0.96215355
1.05410610
1.03595300
0.94475873
0.93987419
0.99515988
1.07119960
0.87710559
0.89917943
0.89966921
1.00859780
0.99735393
0.92167051
0.98735711
1.09978980
0.90894813
1.02153200
0.92693357
1.00466180
0.87133669
0.88630224
0.97762556
0.85855793
1.01444610
0.81305922
0.84520704
0.91299116
0.91033904
0.94057071
0.86816943
0.97817102
0.93223404
0.86569843
1.01590260
0.95148766
0.76779320
0.76853328
0.93726873
0.84926026
0.92020567
0.83495621
0.81344221
0.84073782
0.89340103
0.91379981
1.01728350
0.82039970
0.94028201
0.84641909
0.93199399
0.99512301
0.95383998
1.01865370
0.75452235
0.96129526
0.96219572
0.95691430
0.94728631
1.01984420
1.01589070
1.07543800
0.90980694
0.96718082
0.94888771
1.02666060
1.06800360
1.03327490
1.07411460
1.04299140
0.96772757
1.19202960
0.88333105
0.87723646
0.93719909
0.95546136
0.96483339
0.97515571
1.04736160
0.99260190
1.06599390
1.10127870
0.85690307
0.95789195
0.91690243
0.96071558
0.94174740
1.07008490
1.04277720
0.99206399
0.86660579
0.87857315
0.93187325
0.93863686
1.04601390
1.06116260
1.00883280
1.18566900
0.78608439
0.92493784
0.97054287
0.87484860
0.97450598
0.99407266
0.97812198
1.00345930
0.96779369
0.98069808
1.04753240
0.91851617
0.98040160
0.90661748
0.95459705
1.04318070
0.95974665
1.08382650
1.19351480
0.84018879
1.00623040
0.93643420
1.05780900
1.06494740
1.06265070
1.07785420
1.10264770
1.09408100
0.94296317
1.00891070
1.01449390
0.95737982
1.10074410
1.03955430
0.94884679
0.98018884
0.90339613
0.97389612
0.99570126
1.04709630
1.10361010
1.04922980
1.11481160
1.27454860
0.72849073
0.97255573
1.07434370
1.04437940
1.00817000
1.10818980
1.08752090
1.15044390
0.87244716
0.91296515
0.94981761
0.92662349
0.92325093
0.96701546
0.95554255
0.98525333
1.01465350
1.00603320
0.98489904
0.95265973
0.90852452
1.01479020
0.99475479
1.04279110
1.03635670
1.03568490
1.10725590
0.80980278
0.91468728
0.95518937
0.94704913
1.00836200
1.07702160
1.11051400
0.93216474
0.82199289
0.84534192
0.98961855
1.01598110
1.11058830
1.01907300
1.11832590
1.06305620
0.86827235
0.96503277
1.00655550
1.08324250
1.12050970
1.09814010
1.15605880
0.94642749
0.90135006
1.03947220
0.99577333
0.95042600
1.08548380
1.01890270
1.05628990
0.92109984
0.79360595
0.92627292
0.89823024
0.90717238
0.98457711
1.02379100
1.06194520
1.07777810
0.84731198
0.74005884
0.94755743
0.85529295
0.87828086
0.90497460
0.99216346
0.92773408
1.12183560
0.93436245
0.95896494
1.07198970
0.81562245
0.90902572
0.96383146
1.01807980
0.97251057
1.10831240
0.81714379
0.91553893
0.92249778
0.91200722
0.94767155
0.99382200
0.98925880
1.09207710
1.04816540
0.97305637
0.78851292
0.79431484
0.78762493
0.81571218
0.90233991
0.86053101
1.00362870
0.69445221
0.79316067
0.88483021
0.91387456
0.94086338
0.87971375
1.03570040
1.00698710
0.99594853
0.90598874
0.91067746
0.84868796
0.88520560
0.99298059
0.92637029
0.96771346
1.07098560
0.99392404
0.81583319
0.84635934
0.77644106
0.82109486
0.94436711
0.88498285
0.96026119
0.94114297
0.89385259
0.88602842
1.03860380
1.08986100
0.82638479
0.90472230
0.86252241
0.87599898
0.90488534
0.91703805
0.89759811
0.92879892
0.90190317
1.02607410
0.92072417
0.78134315
0.91965673
0.91723148
0.92826814
0.89659845
0.98469167
0.95455573
1.03084010
0.97386962
0.88239030
0.87789545
0.89323311
0.96472078
0.82423716
0.93605037
0.98666255
0.97319027
0.97269742
1.10210040
0.85163398
0.88384441
0.87193146
0.81585793
0.90446443
0.92322082
0.94937104
1.01530440
0.99252470
0.95685794
0.82084273
0.86634400
0.91627036
0.84963449
0.81905272
0.94122539
1.09267650
0.96716409
1.09471790
0.95988485
0.91025005
0.91108573
0.94011922
0.97289932
1.07029270
0.96485249
1.05358260
0.74614733
0.73376190
0.87234745
0.89465803
0.91717057
0.82766381
0.91076273
0.94942360
0.91485421
0.94649572
1.00497310
0.89430854
0.84907842
0.82908264
1.03286200
1.01736740
1.06015040
1.14949590
1.15169400
0.89921227
0.98634269
0.93673963
0.99396902
0.95477660
0.96894167
0.97336766
1.03545340
0.95404896
0.88639678
1.00543040
0.94902022
0.97734926
1.02720020
1.02712400
1.09288720
0.82638900
0.85751433
0.86695515
0.89028082
0.91906738
0.83690733
0.84135974
0.88254482
0.90898310
0.90539112
1.00242590
0.92904923
0.94001519
0.97713039
0.95392806
0.97689113
1.01431230
1.04046350
1.03132810
1.03607760
0.94747246
1.03649110
0.91030253
1.02459010
0.97847570
0.95582336
1.06586690
0.97977419
0.99359086
1.06714580
1.00107620
0.83796463
0.93331330
0.96557076
0.94389198
0.98266518
1.08182650
0.94145950
1.06245710
0.91552720
0.80868287
0.82716844
0.88401330
0.83843408
0.99166484
0.94666585
0.81338516
0.89426978
0.92712648
0.91822472
0.94959461
0.93577521
0.90257886
1.07063720
0.95811043
0.96675008
0.96811254
0.94876919
0.90425537
0.88485073
0.93603121
0.81997841
0.97794002
0.91763391
0.86554416
0.94450080
0.92724758
1.06356540
1.15708910
0.88993090
0.89625547
0.88340834
0.96450388
0.93926328
0.99799803
1.05396430
0.95902453
1.14605260
0.78357553
0.79912966
0.89848056
0.87098817
0.90778656
0.91829786
1.04446020
1.01420500
0.99337865
0.87116027
0.84870799
0.87185027
0.93844046
0.90886951
1.01480250
1.02233490
1.02836580
1.03677510
0.81187287
0.83047147
0.85191600
0.88185854
0.89397368
0.88819859
0.97153060
0.95311174
1.14280180
0.83230658
0.96369617
0.95054080
0.98890627
0.95664514
1.03420360
0.95614778
0.95708903
0.75259452
0.82155960
0.89072597
0.88280501
0.91335158
0.96033970
0.92485282
0.89289217
1.02924370
1.01250730
0.93156228
0.91098783
0.93196846
0.92209312
0.84545559
0.92895783
0.92300651
0.92473282
1.00187100
1.04985140
0.84947800
0.89151901
0.82792677
0.96586635
0.88187234
0.97449579
0.95146048
0.92298229
0.98100419
0.99355498
0.86853585
0.80187121
0.95547319
0.91870992
0.99493772
0.99862566
1.05794420
0.85899802
0.73827498
0.86667700
0.81513370
0.78366228
0.99893195
0.87405864
0.94741868
0.94165820
0.87702800
0.85781861
0.91703502
0.92084998
0.98554431
0.94284848
0.94358349
0.96934662
0.92618847
0.99024029
1.03179960
0.92152398
0.95994121
0.95779037
0.89449664
0.97155873
1.04590360
0.95958419
1.04272340
0.96958795
0.95356009
0.88560383
0.92311226
0.98109759
0.97059840
0.98349635
1.03603590
1.04383980
1.01987410
1.09323960
0.87202453
0.92857436
0.96523759
0.87095736
1.09579820
1.03872510
1.00253110
1.04591440
1.00265620
0.80627356
0.81749582
0.97911977
0.96383429
0.96758553
1.03795030
0.99928868
0.99944493
1.03002410
1.01569900
1.01608570
1.01820030
1.01623680
0.99551894
1.01622350
1.03574960
1.02840990
0.81496631
0.91633037
0.90957165
0.92597042
0.96429832
1.06149470
1.00697770
1.09727030
0.88116608
0.92356761
0.89321578
0.89755231
1.06324520
0.98565825
1.03709590
1.00935650
1.04533450
0.85016032
0.87317212
0.79051501
0.88974569
0.92322819
0.86316436
0.92105968
0.87283686
0.88259162
0.86263160
0.88636817
0.94095757
0.78217167
0.84816157
0.87068199
0.89016095
1.03216580
0.88712381
0.94088682
0.97783039
0.99015881
0.98100143
1.03433720
0.75760153
0.86887909
0.94142633
0.95166097
0.89648591
0.95824448
0.88716139
1.22505000
0.86378697
0.89942714
0.88943982
0.93019286
0.91971564
0.93122045
0.96818453
1.02597740
1.05841420
0.99562232
0.80468730
0.97353706
0.93002649
0.84096776
0.93243613
0.98590545
0.98083279
1.03314630
0.90469629
0.84229939
0.96029764
1.00274480
0.92558396
0.98028571
1.02096010
0.95302253
0.98437326
1.03061210
0.87441546
0.96770087
0.98838494
0.98422656
1.00172190
1.05186010
1.03878410
1.10043600
0.83781427
0.93616665
1.01650030
1.00173260
1.02588940
1.06385810
1.10773250
0.77289763
0.81124388
0.83109800
0.97022118
0.98966088
0.99686066
1.04209750
0.98478351
0.90349568
0.93460529
0.94475952
0.95318582
0.93646192
0.98554044
0.98237817
0.96562441
1.05318730
1.02195090
1.01172660
0.86396326
0.87167837
0.87666173
0.96954185
0.94398091
0.91738623
1.01266110
1.00852320
0.89473865
0.93647643
0.92160532
0.98945943
0.92706735
0.96014638
0.88825949
0.94724779
0.96486419
0.84500512
0.89126934
0.89968612
0.97454464
0.93667106
1.00045940
1.01018680
1.10415290
0.87362180
0.91735365
0.94197050
0.97720884
0.94358588
0.94985408
0.94336227
1.04238160
0.95385851
0.90021210
1.02306660
0.89368872
0.88775066
0.91433438
0.94284878
1.01275460
0.94641230
0.99903580
1.07815570
0.91374129
0.85893646
0.90712532
0.95385337
0.93172785
0.90275904
0.95047608
0.96595856
1.01662900
0.77614873
0.80176926
0.86987666
0.88303305
0.86623750
0.87116663
0.97998629
0.96348534
0.94030730
0.94264524
0.87788203
0.94993141
0.86696201
0.94914943
0.94014750
0.90762348
0.91856366
1.00924090
0.96497188
0.92945049
0.96660862
0.99300845
0.84195987
0.97772489
0.92766571
0.95918457
0.98321474
1.00363230
1.08041840
0.99508686
1.07561390
0.97874843
0.88110545
0.95525198
0.93899772
1.03274330
0.98870951
1.02024600
0.97457568
0.89584972
0.86664204
0.98285581
0.90745754
0.94694925
0.91372182
0.97890391
0.93118605
0.98593710
1.02345910
0.95270005
0.95141538
0.90819491
0.93625044
0.98483327
0.97757106
0.98193695
1.01237870
1.06140350
0.94113005
0.86907184
0.88834050
0.99168702
0.91813327
0.97362255
0.93013286
1.01404580
1.10859040
0.80482295
0.99924670
0.92590382
0.92807043
0.89343472
0.93243855
0.98322581
1.00666720
1.07959790
0.83268275
0.84897218
0.87249434
0.85010947
0.89363424
0.77763963
0.87974292
0.91610079
0.89339731
0.91651392
0.93077144
0.90593392
0.86178959
0.88929052
0.83214480
0.90175715
0.93606120
0.89040769
1.02745090
1.00900830
0.91438666
1.10146930
0.83318897
0.90562716
0.92727211
0.95387569
1.14594290
1.09129450
1.30596380
0.95884198
0.90491741
0.93247340
0.89438624
0.91094891
0.90402558
0.88157533
1.00054490
0.89691735
0.84213318
0.80144460
0.95510486
0.94393436
0.96389495
1.09112090
1.02852950
1.01980930
1.01637170
0.82640198
0.86377711
0.91727807
0.83761162
0.91245413
0.83131366
0.88520525
0.94802183
1.11597540
1.06563900
0.84778487
0.83808312
0.83391076
0.99275887
0.98285398
1.02214220
0.98041093
1.01613480
1.02906520
0.87747066
0.84150093
0.86389616
0.89956897
0.88788040
0.91589540
0.96370371
0.87601176
0.93959512
0.91779653
0.79485916
0.84575047
0.86344450
0.89539896
0.87183829
0.83351902
0.94236385
0.88281175
0.93904561
0.93637438
0.83081523
1.00537840
0.94014560
0.97379708
1.13902950
0.98107247
1.02275100
1.05673230
0.87569042
0.89328171
0.87886566
0.95145010
0.98218052
0.92343336
0.92235561
0.85591614
0.91094309
0.95300495
0.71774345
0.85490433
0.94759361
0.93323727
0.95865838
0.92877518
0.99302253
1.07891040
0.81437800
0.87829846
0.87663893
0.88555313
0.86222121
0.91085747
0.94591661
0.93511488
1.01931420
1.00958030
0.89239355
0.86984257
0.85973819
0.79454545
0.83789257
0.81917339
0.90330217
0.85139060
0.84183653
0.89946220
0.81885360
0.86733351
0.73174685
0.95758359
0.90319923
0.88830817
0.92393028
0.86802263
0.88960463
1.03981420
0.81276536
0.81298911
0.89669041
0.88297804
0.84314096
0.98499905
0.92699402
0.90790799
1.01427610
0.80639717
0.90110378
0.87136651
0.91349039
0.83142581
0.96147129
0.80217185
0.90322051
0.93796021
0.95331195
0.80426211
0.86938077
0.96469770
0.92923357
0.95344720
0.98670445
1.00378130
1.01986250
1.06370410
1.04569900
0.82431780
0.92461102
0.96001176
0.96876490
1.02270160
0.93360110
1.00404380
0.94828899
0.99912003
0.89861358
0.89539914
0.90525099
0.91200619
0.98858650
0.95364488
0.97093131
1.04850790
1.06988820
0.87235205
0.82890302
0.91256719
0.92397018
0.93780113
0.99073521
0.93887907
0.96986198
0.94450614
1.06431890
0.87567129
0.99726608
0.85306562
1.03687320
0.95079531
0.94180171
0.94353809
1.04977980
0.80101340
0.90026603
0.94412036
0.94482132
0.90531858
0.98953679
0.88705834
0.99092405
1.00820380
0.81140665
0.95448633
0.95772860
0.87490411
0.86026758
0.94768277
0.87524581
0.93007237
0.95245133
1.00917530
0.85111062
0.77780478
0.84410448
0.88281603
0.85476630
0.88754900
0.88185156
0.84306530
0.87905869
0.86582370
0.89873307
0.90825807
0.91888964
0.90103189
0.95197231
0.94484574
0.93228613
0.94042193
0.97319536
1.09131470
0.97854016
1.07938410
0.86257178
0.93608724
0.85195046
0.94719945
0.96537210
0.87757615
0.94982938
0.93628128
1.01548200
0.86796282
0.86890855
0.80232904
0.86663581
0.84839000
0.95884697
0.90087816
0.86885921
0.80817194
1.02647830
0.94875819
0.79820956
0.80666009
0.90257933
0.87298857
0.87991674
0.95599915
0.88494945
0.97489705
0.96655761
0.90706108
1.06143950
0.83087717
0.84148445
0.85642267
0.86111964
0.90545913
0.94788224
0.97484862
0.96391368
0.93336672
0.95301537
0.96833491
0.87870463
0.85292245
0.95147109
0.81535424
0.86129268
0.85927616
0.81180738
0.88547805
0.87235500
0.92590768
0.91338424
0.74903671
0.81608615
0.84835482
0.80101206
0.83395277
0.92606333
0.98739879
0.91990420
0.83998080
0.94752613
0.89659131
0.79152975
0.69676299
0.84934393
0.77587962
0.82710693
0.85196996
0.88295336
0.84416774
0.88962964
0.88655672
0.94192351
0.79695730
0.85023696
0.88807131
0.83427712
0.88407702
0.89645376
0.76729796
0.97893255
1.02763470
0.85383658
0.83155460
0.86006225
0.86883504
0.89636955
0.88814306
0.95539237
0.95014641
0.88913349
0.87911485
0.87830478
0.78986934
0.76863924
0.85483676
0.81367962
0.95612217
0.84982766
0.78126926
0.82827744
0.89672700
0.87016899
0.83504806
0.75225623
0.82899170
0.79528108
0.85403148
0.82865385
0.94544982
0.91904909
0.85701409
0.86482786
0.87260454
0.82547590
0.83037712
0.84034934
0.94767425
0.91025462
0.90284535
0.84958607
0.95219052
0.87959713
0.98554467
0.92146267
0.95671607
0.72037675
0.85120961
0.87842885
0.91579183
0.91169346
0.95225327
0.83415860
0.93073137
0.94884744
0.86275364
0.88498032
0.88529747
0.89056116
0.88269434
0.85992447
0.90841701
0.83767650
0.85379146
0.88399422
0.98281592
0.79808975
0.84714980
0.84185635
0.79629618
0.90470830
0.83350428
0.84043841
0.88419978
0.85956446
0.88385668
0.90170311
0.87797277
0.94190211
0.86580393
0.79958087
0.96786691
0.91817671
0.91946849
0.87299922
1.01329400
0.88697585
0.93871451
0.86896724
0.89949519
0.84893826
0.93168425
0.97122893
0.97221060
1.00130240
1.08846920
0.90602407
0.91636274
0.95938158
0.93158321
0.92293628
0.94945009
0.93923455
0.97492229
0.96827887
1.06021550
0.87720076
0.87549081
0.90268342
0.93195547
0.95008337
0.93428846
1.02372570
0.97975840
0.91078375
0.94588983
0.92033196
0.94950619
0.94188810
0.99655119
0.92931165
1.02159370
0.97380701
1.01384390
1.01851820
0.86246197
0.91667057
0.83338819
0.80262655
0.76535970
0.88924814
0.94148455
0.97224534
0.89517704
0.95997818
0.85090785
0.87209981
0.87835999
0.98580989
0.86617492
0.92626691
0.93801588
0.95996251
0.87749951
0.93994065
0.83862207
0.88895971
0.89739070
0.87146045
0.95800609
0.90657317
0.95613629
0.95928058
0.97165994
0.88694831
1.00338620
0.81256631
0.83748590
0.77926348
0.82917289
0.84044998
0.83241409
0.84004121
0.86958829
0.85965106
0.84857346
0.85286385
0.94246700
0.78923507
0.85138515
0.85081282
0.91181706
0.96147453
0.95842930
0.90871336
1.02451330
0.99315198
0.98300286
0.77246303
0.79324820
0.85818964
0.80720952
0.82930369
0.93998227
0.81662192
0.90315226
0.88573550
0.92023655
0.87698614
0.78829555
0.81426494
0.85266468
0.80388932
0.83035462
0.84995128
0.87717863
0.96428584
0.86590268
0.90568839
0.85938525
0.83119601
0.83754342
0.83313535
0.80301441
0.98583377
0.91820678
0.91340899
1.03251280
0.77027009
0.82114972
0.93059606
0.84838775
0.83788013
0.87360047
0.91050222
0.95371080
0.91398875
0.88677752
1.00579130
0.75299003
0.76436123
0.78415183
0.80498440
0.81335885
0.85098649
0.86461611
0.87412700
0.99929074
0.98978341
0.84973449
-0.05189851
0.79438255
0.86652508
0.89174207
0.92191140
0.92363302
0.94437755
0.93731575
1.01919120
0.80696003
0.80711135
0.89266502
0.88852163
0.96631118
0.91452872
1.05323300
1.09888000
0.83960042
0.85517787
0.81890991
0.82160316
0.86996127
0.85468154
0.78681503
0.88133842
0.89535382
0.86284101
0.82324400
0.94343805
0.76822466
0.74071261
0.78665868
0.83125408
0.89167477
0.89369985
0.84546893
0.87549766
0.83894355
0.83913953
0.74246076
0.76316659
0.87241038
0.85760289
0.81239403
0.87374871
0.85004433
0.83194204
0.89544664
0.97723521
0.91041291
0.84546050
0.83885191
0.87691257
0.92877846
0.90186290
0.94239332
0.80965981
0.90429416
0.95787759
0.95799873
0.93033767
0.91940504
0.81923219
0.83369813
0.81243493
0.89444821
0.86067210
0.92168425
0.92971820
0.88008347
0.85882012
0.90877408
0.83365710
0.87766606
0.84434711
0.85370684
0.84636662
0.98906483
0.82551483
0.91910959
0.89392137
0.85138770
1.07428010
0.76895319
0.81904489
0.80371652
0.82164063
0.82585585
0.84958322
0.91816314
1.01067290
0.91682870
1.00107760
0.85705813
0.90999754
0.91812900
0.89146663
0.88883636
0.90777152
0.93322758
0.86455947
0.93286578
0.92577994
1.02697510
0.85244954
0.89847767
0.95221438
0.88350413
0.97245837
1.01427110
0.96482243
1.03868400
0.81919378
0.80442723
0.89858222
0.94749323
0.84656000
0.92141157
0.91271667
0.98740158
0.92324529
1.00308740
1.02253070
0.78081066
0.81437923
0.85636785
0.90874283
0.94077953
0.90873921
0.93376040
0.91094364
1.00713100
0.78150676
0.97117609
0.90754048
0.96089320
0.97484488
0.91045102
1.04483520
1.03212000
1.02440560
0.79146624
0.83236460
0.79494282
0.83432150
0.88245444
0.96952005
0.97107444
0.91473925
0.95934011
1.04369730
1.00074130
0.78743552
0.82265910
0.83709111
0.87724761
0.81396427
0.87066672
0.94428494
0.91930757
0.94550887
0.92399457
0.93530133
0.85893289
0.90413446
0.90032291
0.96984686
0.93448007
1.02462750
1.01657340
1.03149400
1.02909790
0.83801051
0.86516000
0.88499351
0.96040911
0.92575540
0.88250033
1.02631000
0.93903626
0.95147606
0.98034825
0.85499927
0.83304725
0.93741707
0.86211292
0.89083098
0.90881615
0.88094697
0.92413220
0.87310604
0.93543784
0.90815954
0.81751741
0.85206751
0.83610024
0.86117810
0.81519103
0.83161239
0.85080332
0.85220313
0.87286754
0.88028426
0.94444398
0.81638519
0.81852449
0.81732058
0.88305705
0.89276121
0.87560472
0.87685539
0.86406437
1.02515030
1.03590420
0.83663014
0.82789521
0.85795489
0.83196254
0.92683142
0.87430195
0.83639986
0.78866195
0.93795228
0.96817079
0.91872277
0.91812362
0.93486383
0.97370506
0.93285875
0.95178760
0.99874638
0.91273224
0.82296651
0.83563593
0.79847638
0.83558863
0.90102123
0.91036262
0.97542321
0.93785715
0.92357797
0.97940669
1.07147110
0.80870640
0.90025977
0.93282028
0.98348957
0.93348878
0.94545736
1.04386080
0.99475705
1.13154300
0.82055214
0.88007518
0.88531886
0.92518233
0.91084361
0.93751065
1.00395790
0.89111432
1.01633400
0.92778597
0.91124405
0.94453584
0.95890583
0.90420912
0.95291837
0.99517630
0.97898974
0.99462955
1.09026120
1.09518660
0.79581429
0.90699697
0.95750081
0.91996028
1.02556870
0.98601568
0.97818043
0.99450577
0.86273920
0.94143748
0.92764108
1.00215670
0.90854216
0.99968933
0.89705429
0.86688172
0.82080349
0.87393994
0.77979252
0.75806123
0.82698687
0.80934793
0.88933870
0.81210403
0.86125702
0.84148954
0.87779312
0.95228731
0.92154912
0.96200561
0.91300115
0.93568598
0.93273762
0.94488718
0.99125263
0.95115445
0.94752223
1.07355130
0.81744323
0.95916423
0.91420565
0.88721846
0.94967240
0.94188140
1.01503100
1.07066980
1.01567720
1.06654550
0.82401203
0.96373716
0.91506444
0.91642369
1.00391830
0.98295813
1.03265300
1.04712190
1.10236790
0.80074294
0.84133963
0.86358772
0.91031783
0.91260658
0.91317590
0.86855574
0.91673102
0.96489363
0.98120762
0.97339655
0.72945228
0.87279086
0.93430960
0.82943069
0.90626455
0.93908644
0.96542998
1.06946470
1.10554550
1.06807280
0.78317194
0.87288275
0.95657623
0.89662498
0.92606389
0.93724290
0.99264678
1.07304630
1.01921600
1.05692900
0.86995013
0.85163222
0.97157586
0.85660419
0.92959349
0.88915245
1.00303330
0.97985293
0.95551689
1.06418180
0.74189568
0.89000125
0.93248080
0.92945149
0.88212843
0.97110251
1.00085880
1.04452330
1.11547450
0.82391171
0.94390961
0.94297473
0.90873527
0.99887655
1.00748890
0.99834906
0.99833722
0.92844260
1.02940560
0.83062845
0.90632530
0.96310095
0.94359633
0.93439530
1.02746360
1.00872960
1.00984410
1.02832210
0.83130002
0.81702147
0.85408994
0.93211225
1.05866420
1.02337340
1.12401680
1.14297670
1.07617380
0.79546961
0.80790801
0.80691338
0.91628306
0.95647416
0.92430361
0.90986428
0.95089808
1.00882380
0.96475797
0.88807917
0.92613606
0.92785229
0.90773526
0.93412415
0.99219614
0.94388820
0.96958747
1.04039000
0.76115389
0.80497231
0.84221582
0.85284651
0.81557966
0.89642378
0.86273153
0.89271871
0.91597748
0.94085874
0.79833468
0.80040634
0.90018040
1.00254730
0.90144866
0.93855581
0.97794580
0.96596511
1.03725760
0.93161306
0.90147289
0.90274111
0.96669611
0.96581996
0.93971403
0.96368615
0.94894972
0.98805826
1.15053690
0.88407536
0.81740383
0.98566151
0.99676095
1.03098580
0.99285756
1.08048700
1.03941870
1.11256310
0.96477554
0.83833776
0.90177691
0.97493371
0.89385844
0.82920853
0.78379496
0.95026728
0.94054765
0.93282768
0.83683757
0.91144159
0.93930773
0.90696875
0.96773542
0.95097711
0.93667259
0.93954194
1.06740060
1.08978930
0.80328948
0.94245745
0.95708949
0.88545780
1.03675090
0.94793982
0.93432650
0.95338017
0.88247424
0.86973165
0.90169361
0.93550404
0.85334764
0.93382844
0.96731303
0.95888346
0.96297917
0.98164181
0.85556714
0.86334055
0.89049363
0.89925569
0.94685220
1.03641320
1.00645110
1.01781860
1.11843540
0.87656460
0.86023595
0.96791145
0.99938936
1.03141130
1.11074920
1.12006040
1.04931420
0.93074725
0.93398982
0.96137535
0.96919727
0.95840695
1.02024770
0.99502349
0.97401951
1.08831670
0.92869456
0.96200635
1.05338460
0.96668564
0.91967914
1.03390530
1.04174850
1.04146970
1.07049100
0.82516799
0.86123099
0.85121060
0.88762299
0.91020307
0.89755513
0.89648946
0.97844586
0.89815942
0.99850597
0.93645858
0.98754658
0.86471932
0.84472247
0.90589482
0.88829934
0.92658613
0.86454452
1.00383200
1.00096050
1.05560120
0.90984656
0.88462846
0.97628448
0.81241457
0.91948566
0.88782479
0.94440539
1.04566770
0.97833835
0.99892416
0.91270173
0.92540987
0.93334190
0.86046162
0.98102544
0.99077969
1.04025900
1.01243700
1.09836000
0.90956398
0.93175397
0.94836745
0.88863307
0.95649090
1.03471670
0.98031298
0.99712967
1.05523180
1.03009360
0.91014402
1.02176880
0.98576498
0.97803526
0.98240667
0.92613197
1.06470990
1.03984330
1.04611520
0.92477351
0.86722837
0.93442476
0.92803462
0.99398785
0.96836028
0.88091999
1.02055050
1.09023190
1.03084130
0.95683173
0.95429520
1.02355860
0.94948967
0.97217717
1.04382550
1.10532900
0.69927216
0.87086161
0.93960201
0.98137962
0.93096805
1.02827200
1.00716860
1.02404960
0.71763399
0.97207895
0.95699669
0.90213572
0.95811330
0.98675414
0.95373040
0.95923008
0.91685443
0.97841266
1.04184020
0.81552377
0.74894168
0.82505294
0.85664430
0.85378152
0.86120898
0.85481507
0.82528965
0.92721354
0.85523362
0.90035570
0.96972474
0.81925886
0.84118028
0.80498227
0.87586293
0.88040304
0.93700635
0.88169059
0.87864238
1.12259820
0.90034184
0.86767806
0.92741707
0.94940635
1.00787600
0.96381032
0.90562523
0.99450353
0.94354808
1.09680250
0.95909592
1.00815620
0.91154227
0.87942264
0.99721037
0.93085026
1.02398000
1.05058990
1.02482610
0.88890340
0.80536883
0.94976081
0.88114091
0.92475624
0.94546400
0.95049211
0.95159517
0.96227630
0.99262314
1.05423480
0.96213914
0.85460038
1.04329940
0.96244802
1.02413460
1.02446700
1.05223860
0.86966997
0.83795456
0.92486739
0.80810926
0.95962296
1.03524880
1.06940010
1.05187620
1.03199000
0.87560174
0.90001489
0.94064429
0.91907760
0.97357497
0.98505526
0.88666618
0.97356817
0.90982257
1.03711260
1.06721450
0.96278267
0.96960594
0.96691563
0.97113747
0.98281295
1.01183670
0.99909501
0.97708129
1.10679690
0.86415278
0.95093295
0.99005863
0.94122515
0.94627132
0.97783030
0.99133616
1.02959250
1.11186030
0.94473328
0.92832187
0.89444045
0.95442811
1.01570640
0.90435540
0.97744388
0.99017183
1.03885450
0.88118308
0.84104184
0.88396684
0.90657497
0.89622538
0.88426683
0.91061410
0.87027277
0.95523673
0.97855402
0.97064503
0.97525244
0.87922990
0.91424377
0.96925467
0.84052019
0.93714529
0.96122985
0.97520642
0.95367347
0.96558137
1.01159580
0.91753234
0.89716116
0.89508753
0.96586445
0.92819317
1.02028490
1.03766890
0.90482465
1.13163070
0.00000000
0.99772276
0.94049566
0.94186403
0.87708260
0.96133349
0.98082539
1.05968290
1.07966360
0.81906199
0.85600617
0.87915798
0.86584149
0.87889629
0.91057828
0.94654026
0.96583576
1.03297610
1.03323160
0.98669290
0.76093441
0.84581401
0.86215993
0.83942451
0.89188905
0.91354966
0.95169672
0.91765968
0.85765338
0.90515264
0.94931989
0.95768160
0.95279119
0.95124252
0.92989213
0.98309736
0.93843592
0.90499571
0.99802867
1.04757160
0.93588716
0.98696035
0.86815061
0.96843299
0.97921228
0.99762403
0.97267029
1.01369040
0.79223420
0.92641767
0.86500710
0.89399016
0.91340885
0.92489557
1.06220820
1.13819590
0.88664205
0.92509349
0.95454105
0.97247610
1.01561730
0.94775499
1.06209300
1.03516620
0.81626378
0.88516939
0.93301790
0.96179927
0.94040095
0.97428836
0.97289373
1.15127820
0.85692432
0.95320427
0.95138042
0.99138271
0.99855327
1.07304120
1.11904610
0.83659504
0.91152395
0.94797311
0.91471816
0.95856958
0.94452775
1.01639370
0.99189785
1.04230830
0.96672877
0.91454188
1.03047610
0.85845312
0.92426540
0.88663013
0.96028156
0.91709481
0.91746869
0.95543483
0.96873941
1.02935320
1.05054040
1.08830460
0.77343957
0.81693969
1.01083180
0.94696721
0.94538578
0.99387441
0.99463324
0.88507483
0.77110314
0.89614290
0.96226533
0.92185291
0.95013375
1.03137600
1.03684440
1.10733890
0.93814398
0.92147228
0.96516953
0.95481816
0.91711365
0.98338802
0.95582327
0.97878133
1.01076430
1.01815670
1.08574320
0.74935409
0.90237812
0.90265276
0.90833149
0.97614272
0.96015043
1.00887570
1.03256770
1.01843080
0.97299926
0.82635454
0.81383724
0.96669397
1.00617210
0.93437364
0.95174080
0.86862401
1.01475320
1.00470780
1.07174060
0.76488387
0.80694532
0.91039516
1.00302620
0.97472426
0.91014461
1.07452100
0.93980412
0.81145981
0.92325273
0.99648120
0.92730120
0.93981019
0.93180675
0.89994518
0.96668473
0.99338909
1.03072640
0.94329678
0.89665059
0.87431581
0.95360691
0.98670249
0.91871551
0.99020828
0.99179596
1.12000810
1.03780020
0.91579118
0.91044742
0.93585825
0.98739270
1.09241740
0.93876843
1.01865900
1.08329140
1.07036460
1.02190720
0.83209715
0.95188460
0.94534759
0.95515812
1.02438030
1.06222500
1.05979030
1.08277950
1.13874800
0.86500476
0.89932376
0.93798113
0.96226764
0.92233453
0.84060754
0.95249311
1.01080580
0.90258963
1.13542710
0.95693839
0.97512624
0.92390222
0.87257873
0.95831099
0.96632860
0.84446638
0.93755044
0.96224819
0.94075673
0.88606993
1.01101600
0.95904253
0.88687017
0.95801343
0.86682860
0.90144068
0.99879038
0.99778307
0.98671505
1.16147270
0.89158103
0.84192431
0.87976386
1.00383750
1.09056090
0.99887731
1.06029760
1.07877440
0.82807687
0.85886714
0.84607361
0.92450094
0.89894315
0.89779667
0.86473715
1.07789660
0.92330206
1.05118130
0.87072266
0.98592223
1.01287280
0.91475923
0.98778465
0.98200335
0.97979160
0.99904964
1.14456180
0.89878455
0.88098453
0.85884606
0.93020765
0.95178235
0.94754650
0.94339425
0.96235602
0.99155341
1.01627580
0.92801926
0.91456786
0.96541500
1.04208200
1.04993180
1.18536040
1.10946760
0.81962703
0.95451411
0.86182277
1.00096630
0.89503436
0.98250962
1.00817350
0.94307634
0.90505713
0.93137762
0.98723564
0.91678855
0.89797598
0.85322092
0.97830465
0.91680600
1.14950520
0.94987759
1.06858350
0.92952228
0.98986427
1.02138520
0.93889347
1.06327640
1.06753770
0.98947878
1.05316820
1.19334640
0.85716487
0.98819183
0.94054880
1.03050270
0.98713251
1.02489130
0.98890082
1.14184800
0.99599713
0.99554501
0.99767005
1.08268110
0.96448148
1.08606130
1.05428090
0.98561466
1.04220240
0.84530187
0.93479113
0.91587037
1.00079580
1.05208040
1.05788720
1.17219050
0.87939309
0.89083800
0.82348747
0.86159784
0.93362208
0.91532556
0.89311255
0.96323036
0.92446881
0.97316572
0.96502959
0.96093760
1.03626010
0.94135872
0.99016497
0.99250785
1.06545670
1.04821360
1.13037150
0.94330859
0.92194654
0.84204410
0.88776912
0.90562363
0.93845037
0.96555084
0.98124341
1.01042230
0.91943601
0.95246508
0.78671235
0.80764675
0.90762237
0.93463542
0.93665694
0.94005219
0.98647197
0.96083394
1.07454380
1.08810190
0.88264518
0.90924009
0.92230290
0.89801035
0.91613879
0.87343410
0.89881571
0.91710612
0.81120752
0.88594905
1.01177000
0.85884804
0.85248994
0.93413671
1.05224990
1.00562450
0.88079017
0.98053357
0.88606958
0.93056642
0.98677095
0.92950118
1.02367070
1.08243090
0.98871674
1.10479530
0.87511546
0.91693834
0.89376075
0.90759437
0.93746258
1.06692050
0.96222450
1.01360730
1.14660030
0.99442036
0.97982436
0.95025294
0.93523307
0.80219216
1.01500530
0.77109446
0.87854723
0.92758926
0.94852025
0.86655807
0.92882412
0.85201528
0.99833183
1.01391180
1.05478720
0.94788070
0.96829620
1.10015080
0.83612631
1.01630010
0.86589896
0.93812283
0.90588986
1.00223680
0.90077340
1.04888340
1.05214290
1.10468080
0.83442086
0.93861111
0.90496112
1.03188830
1.01560150
1.04027520
1.10162920
1.09873320
0.89848738
0.92674870
0.87483456
0.95816155
0.93103943
0.96266640
0.93083398
0.94842739
0.83695551
0.88412315
0.97407598
0.95269485
1.00414020
0.99239106
1.05562040
1.03754980
1.07691420
0.86024335
0.89166316
0.84015156
0.87972908
0.90034121
0.89936049
0.92247144
0.92484184
0.81871910
0.89477827
0.84136868
0.95120478
0.85529636
0.87525138
1.09075560
0.94896331
0.92089879
0.87661831
0.82779582
0.92569315
0.89589450
0.93631320
0.87743397
0.98295078
1.01982620
1.10050560
0.78605586
0.88833195
0.99872248
0.95242912
1.01266750
1.05790350
1.00822590
1.06945640
0.92614714
0.95603933
0.90606076
0.96840539
0.97993610
1.05289520
0.97576066
0.96099448
1.08050570
0.88982198
0.72733723
0.82324997
0.91572811
0.98408635
1.14881900
1.05635680
1.07718060
1.16197660
0.89220852
0.92812458
0.96069900
0.90355065
0.94333684
1.00153230
0.94407078
1.06412240
1.12438040
0.91239776
0.98755905
0.95433089
0.90945768
1.02919520
1.06940450
1.17382900
0.87859076
0.82055500
0.92944685
1.01592790
1.01997870
1.07999710
1.17070500
1.15178690
0.93890314
0.88676788
0.97082534
0.96542698
0.97506153
1.10346010
1.01361400
1.06055150
0.83700684
0.92025789
0.92431810
1.02404060
1.08541590
1.19646680
1.19022500
0.89375726
1.01473760
0.95165968
0.91467227
0.97145463
1.06547290
1.05849980
0.98284059
1.04080220
0.90794617
0.82655800
0.97984887
0.98096131
1.05896090
1.02392590
1.02042450
1.15424630
0.86957527
0.90645950
0.90029199
0.94850251
0.99269510
1.05603150
0.99884410
1.09673810
1.13788630
0.76798891
0.95756103
1.00013340
0.95368319
1.00481860
1.02860540
0.98627215
1.04895470
1.09806040
0.84718713
0.90567636
0.96362111
0.99626100
1.02952000
1.17115580
1.12148940
1.10629410
0.78408426
0.87869291
0.89641258
1.01658900
1.00871490
0.92838367
0.91520053
1.02134270
1.06473300
1.04398930
0.86279302
0.96649348
0.85131499
0.87825353
0.85210078
0.88626335
1.04519320
0.97664887
0.96353284
1.02574740
1.01785770
1.04017940
0.90378351
0.94238135
0.96069050
1.05131720
1.00138020
0.98505422
1.02350040
1.11320290
1.14019440
0.78140439
0.96430454
0.91594650
0.94948582
0.86745285
0.98301840
0.97229222
0.96880017
0.99172252
1.01298970
1.10812540
0.89532599
0.89055417
0.98249847
1.03006020
1.02175190
1.00641230
1.02833550
0.98605152
0.79058410
0.98650641
0.98308663
0.99688081
1.00059580
0.99653866
1.08130760
1.08874570
0.99601095
1.00489050
1.02257940
0.95187137
0.93108876
1.07050410
1.07154130
1.01513040
1.08061560
0.98976813
0.92780972
0.96276803
0.84611182
0.96053901
0.97303017
1.07115560
0.95475718
0.97679700
0.98139194
0.83525667
0.94481451
1.00325430
0.94912766
1.07129870
1.07924930
1.09966780
1.11697220
0.89053702
0.96072182
0.88075910
1.06570690
1.03949910
1.00626590
1.03303660
1.10520990
0.91156019
0.98610072
0.94835132
0.92782728
0.92597070
1.00673350
0.98193099
0.99125866
0.96389627
1.04806010
1.09724700
0.83080673
0.90469556
0.99554205
1.01906870
0.98140203
1.05505950
1.06076640
1.16105410
0.87611752
0.89609024
0.94014104
0.88188151
0.94416731
0.97021106
0.86623065
1.02283340
0.94401647
0.94393942
0.94434654
1.09014400
0.97313529
1.06175140
1.01920550
0.99247798
1.09997260
1.07732540
1.14066550
0.88944785
0.90720276
0.89426334
0.87987957
0.98066975
0.90037641
0.96420719
1.01620450
1.06721760
1.08127530
0.86795589
0.88638300
1.05068110
1.07488760
1.02495990
1.03219450
1.12014600
0.74701049
0.89152569
0.86989495
0.96853071
1.00469440
1.12005110
1.07148400
1.15706340
0.96772943
0.87463009
0.93596466
0.99756608
1.05774990
1.06495630
1.09910420
1.12286520
0.90403994
0.94182942
0.91608643
0.95782044
0.94191258
0.94076851
0.94861781
1.01693690
0.99650943
0.98078727
1.08336620
0.87625846
0.93954968
0.97220127
1.00165020
1.04939640
1.04661080
1.08905310
1.15352570
0.87674411
0.92135708
1.01073690
0.94701196
0.92133534
0.99863810
0.98194799
1.04240280
0.89953789
1.06265990
1.07071640
0.84351047
0.83028426
0.89083825
0.85874116
0.82441373
0.88147830
0.91726724
0.95901094
0.97466486
1.03363270
0.91156993
0.82147453
0.99469767
0.93008976
0.93981640
0.89932586
0.96151272
0.98582817
0.90768348
0.85778599
0.88546291
0.87567815
0.91971868
0.97750245
1.14038710
0.98295058
1.05004340
1.09904090
1.03473010
0.92894008
0.96296890
0.99889848
0.91309333
1.02938390
1.01639620
1.00102550
1.02010780
0.99324153
1.04842030
0.83050313
0.86013934
0.93128000
0.92878289
0.76379560
0.92332291
0.86687821
0.95568451
0.88786175
0.95225736
0.86622013
1.04767230
0.95712887
0.94896152
0.97120547
1.05936580
1.10894910
1.01644100
1.10017960
1.14419840
0.89119249
0.91248590
0.97632944
1.00786390
0.96200456
0.83873638
0.95513355
0.91821702
0.97969140
1.02027340
1.09921830
0.83426567
0.98139989
0.98542019
1.03167250
1.11058360
1.09984220
1.19611540
0.87768910
1.05229930
1.15159750
0.97490388
0.84235373
0.98801967
0.84438934
0.92972820
0.86795261
1.04077110
0.93525511
1.05689230
0.90730960
1.03189920
1.03988700
0.98574301
1.07208770
-0.03698827
1.12754420
0.90265358
0.83325203
0.87376852
0.94306511
0.93300438
1.02121450
0.90019668
0.98079966
1.10537870
1.09191590
0.88388699
0.96483354
0.85857408
0.96889972
0.97438111
1.06371270
0.95750646
1.17279960
0.93353784
0.89101472
0.93147305
0.92227879
0.92847564
1.08460030
0.99720854
1.02142570
0.97285217
1.08586030
1.09752890
0.94205642
1.02906910
1.02076750
0.97585385
1.05746820
1.03057690
1.07668860
0.97495582
0.90396933
0.89092125
0.93989376
0.88233773
0.92960835
0.94252106
0.90585476
0.90236772
0.96997615
0.99828828
0.88125602
0.97052407
0.95405890
0.96551750
1.05845750
1.06183780
0.99694167
1.11974400
1.11075150
0.99179955
1.00651800
1.11202580
1.06105270
1.06099120
1.00607520
1.01058010
1.05999170
1.00325350
1.09939940
0.85645970
0.98635579
0.93228691
0.99277061
1.13941100
0.99749753
1.08899960
0.86942224
0.89860005
0.90508340
0.99016606
0.95621378
0.96455789
1.07149640
1.08082760
0.96531844
0.97416243
0.94638355
0.96976889
1.03322890
1.01514820
1.01589810
1.00735540
0.80244080
0.97035950
1.02975800
0.95883361
1.07631280
1.03758540
1.07310270
1.00611430
1.17282640
0.90017423
0.94570148
0.93535451
1.01519830
0.97952747
1.04602830
0.97119046
1.05991280
1.08565920
0.87315922
0.94830616
0.96089165
0.99144253
0.94040184
1.00658520
0.96128968
0.91264364
0.93927293
1.02111480
1.03883410
0.01229092
0.84318484
0.87023929
0.87406622
0.99964681
0.97167074
0.94852934
0.84832820
1.03380420
0.87165845
0.97310642
1.02512790
1.06592290
1.08080340
1.11815830
0.86668143
0.92711343
0.84277470
1.13723760
1.04493120
1.13377440
0.82208934
0.93456175
1.00559930
1.07971960
1.02040170
0.99501420
1.03180230
1.19124600
1.00120040
1.01629830
0.96566718
0.98551357
1.00563470
1.00713500
1.07304010
0.96065782
1.13437160
0.83144808
0.86426446
0.94087922
0.89572075
0.93397812
0.95626735
0.91429854
0.87761824
0.95846034
0.87505217
1.06798200
0.81353745
0.87093941
0.93297088
1.03826780
1.15386310
1.06778470
1.13705580
0.89855360
0.92421663
0.97587608
1.00395460
0.98792783
0.97959137
1.04383130
1.03476890
0.97168463
1.08934680
0.84701471
0.92689799
0.94763614
0.94468681
0.97977426
0.95371049
1.04325220
1.09244470
0.93249687
0.96518201
0.94518940
0.94613454
0.94996661
0.98261577
0.94978724
0.93122174
0.94733194
0.99070913
0.93956842
0.90048521
0.98983183
1.00584880
0.97757909
1.02661440
1.02122170
1.05779340
0.99401788
0.99363406
1.01768760
1.02939920
1.01390030
1.05820380
0.99214356
1.01115790
1.11244460
1.08183550
0.86383416
0.87970482
0.99889723
0.92825537
0.96066003
1.08467370
1.05729640
0.81465034
0.79640922
0.79439025
0.78598440
0.80935785
0.93568113
0.94945692
0.90959412
0.81801221
0.99838913
0.99635036
0.80943830
0.93659196
0.89658916
1.04586610
1.03994620
0.96596416
1.11925960
1.05953500
0.81954773
0.86794954
0.91691798
0.98720111
0.92205765
0.94017407
0.97279694
0.97414850
1.07806960
1.03720330
0.83363218
0.79907507
0.87965996
0.94979295
0.97453069
0.99450113
0.92968639
0.94935003
0.95588706
1.00634380
0.74021151
0.91645342
1.00377410
0.86566407
0.90542009
1.01925760
1.10443570
1.11231880
1.03479660
0.87842693
0.91198302
1.01834020
0.95637890
0.94026495
1.00953870
1.00868270
1.08723380
1.04960450
0.80339740
0.93399618
0.95329281
0.96325731
1.05281260
1.15529630
1.17320440
0.81021321
0.91936172
1.00931400
1.09065870
1.07866310
0.93456260
1.05286930
1.12568910
0.79436810
0.00000000
0.02050512
1.02965220
0.00303474
1.13379130
1.05093370
1.05806920
0.89911447
1.01595320
1.02133500
1.00321060
1.02414500
0.96613734
0.97228721
0.92353606
0.94933834
0.93593235
0.96589037
1.01975440
0.99399911
1.04951150
1.14727670
1.02260870
0.96310617
0.96762529
0.93203321
1.00050320
0.94206143
1.03247260
0.98160090
1.00017500
0.95556607
1.12347460
0.93795220
0.95243161
0.93666036
0.99242106
0.96764938
0.94787674
0.99218658
1.08902970
1.01805250
1.07786910
0.80040042
0.89338723
0.94944492
1.11480280
1.03817390
1.07784920
1.09766350
1.05527400
0.91379730
0.96346529
1.01224860
0.96999608
0.97946911
0.94208446
0.98973744
1.00807880
0.95207616
1.07779450
0.99101855
0.98332588
0.99832309
1.01838270
0.99910506
0.96645928
1.10687380
1.11916830
1.18062600
0.93646026
0.90382866
0.92293139
0.87894512
1.00112710
0.97297083
1.01658900
0.99476269
0.99893703
1.00503560
1.00845310
0.84828977
0.93585416
1.02573320
0.96358451
1.07264560
1.01431080
1.05840500
1.05541830
0.85215600
0.92161185
0.88150240
0.93791953
1.02018550
0.96343656
0.93494535
0.95345042
1.03298360
1.02938180
1.05686260
0.87599056
0.88240907
0.93401555
0.95550951
0.97346334
1.00068470
0.99932474
1.11959200
0.95394509
0.96335691
1.00198900
0.97295846
1.08622920
1.02943460
0.97053020
0.89548604
1.01539820
1.03083280
0.92174238
0.94893852
1.00007580
0.92684652
0.97805209
0.85548103
0.95469811
1.02535220
1.02333770
0.96669615
0.95678789
0.96067864
1.00192750
0.95631103
1.01272880
1.05814060
1.03455570
1.07287150
1.08379710
0.89822234
0.95631623
0.75256520
0.86644332
0.94310651
0.91509796
0.99833856
1.25198220
0.95544321
0.89096005
0.93643651
0.96975085
0.88703909
0.98241975
0.91604083
1.05138420
0.94545015
1.04345250
0.89534518
0.88757002
0.99738712
0.87759055
1.02303760
1.06723690
1.19907810
1.02769260
0.92747553
1.02624740
0.93499491
0.99618014
1.06837200
0.95663989
1.07496740
1.07911950
1.05666820
0.93797302
1.00410950
0.96620768
1.02543320
0.87987826
0.98808656
0.96898675
0.96035555
0.89582605
1.00814200
0.92822962
0.91506294
0.87903370
0.94477431
1.02067640
0.93740766
1.01079000
1.01782180
1.01376610
1.06857700
0.74794467
0.87335417
0.95417703
0.95964299
1.00985880
1.02739190
0.99712726
1.08034170
1.01831940
0.89096245
0.85445410
0.95836159
0.96359029
0.99993008
0.96932521
1.00378100
1.03629100
0.95755231
1.11104460
0.81480483
0.86778462
0.93152248
0.91203697
1.05070620
0.97261097
0.91470122
1.08560500
0.96728896
0.93164075
0.92128824
0.95066707
0.93232867
0.91881893
0.93959620
0.90565391
0.99904987
1.13791560
0.85514351
0.90452099
1.00509290
0.87875853
1.00720070
0.94452806
1.03903690
1.02925890
1.02897190
0.93376284
0.83570836
0.88964578
0.96796447
0.92894217
0.97083603
0.83245105
0.95925645
0.97908658
1.14923820
0.92938298
0.89313978
0.99529274
0.99125886
0.96454703
0.98280659
0.92216290
1.17758740
0.79599321
1.00233920
1.06914670
0.95796722
1.09995790
1.06776340
0.98524413
0.91859614
0.91856213
0.95467330
0.90423138
0.93325742
0.87911317
0.96654892
1.03934920
0.96916623
0.94390362
1.05543480
0.94124368
0.90530059
0.95372248
1.00449680
1.03379700
0.93549400
1.07260010
1.02904850
1.08228220
0.85682283
0.91140071
0.79745214
0.99837610
1.06261370
0.97270208
1.06097540
1.15549090
0.83374891
0.86770929
0.98016298
0.96073228
0.98207262
1.05144330
0.94404034
0.98993345
1.00112630
1.03565040
0.91108375
0.95532664
0.92516972
0.87726642
0.91950265
0.91012658
1.02864230
0.99748640
0.92681383
0.92691517
0.93273108
0.98225917
0.80028206
0.92724489
0.89464890
0.97564559
0.94634954
0.94404423
1.07432060
0.99954090
1.03252630
0.88400791
0.92831500
0.88007373
0.92972206
0.95362322
1.09235850
0.97106113
0.97629434
0.97470508
0.96869180
0.94765459
0.94339149
0.99276268
1.02774460
1.03683270
1.06196830
1.07946400
1.08721510
1.11817120
0.90319732
0.84989198
1.01655990
0.88402560
0.95191723
0.92723156
0.89006803
1.15072710
0.94191594
0.87768893
0.92758251
1.05194590
0.98118112
0.95139897
0.96676431
1.00788630
0.96534648
0.99553404
1.05891870
0.80471452
0.91683772
0.84784897
0.98389092
1.01460390
0.96339078
0.98560506
1.01706360
0.78703247
0.95750590
1.05340140
0.98283954
1.01250620
0.92555946
1.01584990
1.05424380
1.13459400
0.89610668
0.88592855
0.98321444
1.00304890
1.07219830
1.01549580
1.01010740
1.08109000
0.89602279
0.92888840
0.85302049
0.92066993
0.90680864
0.97753707
0.89608837
0.87877545
0.93214002
1.00005990
0.98432536
0.79603441
0.78714283
0.94537317
0.75730378
0.91213304
1.02856660
1.02568240
1.08096860
1.05007900
1.02757980
1.00939110
0.98190039
0.91233490
0.94737507
1.03207420
0.99559987
0.94231486
0.92338203
-0.02442192
0.98524192
0.93247089
0.95746812
0.97490685
0.98440878
1.04315370
0.97812031
1.09693470
0.95161021
1.01422050
0.99019386
0.94989264
0.96866399
0.96021229
1.03283320
1.10788420
1.07919410
1.04815700
0.95885556
0.96458943
0.94354561
1.04674450
1.02163100
0.96500416
1.05968570
0.91018589
1.04947240
0.83015312
0.92391935
0.79209396
0.94383095
1.11062770
1.07412550
1.10522970
1.02123100
0.86625961
0.88278144
0.93358890
0.89775042
0.91223540
0.96994927
0.85164846
0.89661903
1.05676680
0.87401633
0.91468198
0.86092660
0.81428335
0.88549690
0.96159403
1.00224980
0.84582788
0.91231216
0.96220689
0.88324732
0.87364492
0.91817591
0.75581293
0.98426503
0.98362952
0.95172858
1.15889970
0.96310364
0.94339646
1.03781060
0.98892025
0.95404484
0.97734628
0.99487603
0.99516632
1.02979510
1.02063930
0.86832036
0.85144668
0.87429281
0.97846007
0.94839288
1.02005290
1.09552450
1.03796200
1.06944490
1.05696290
0.86822741
0.82471820
0.90285464
0.89958765
1.02643860
0.92450916
0.89552092
0.98615450
0.97950570
1.05718860
0.89079039
0.80620348
0.91474023
0.96088799
0.95246360
0.83174154
0.82201264
0.92277970
0.91807971
0.94201524
0.94328815
1.02067370
0.80654619
0.89130856
0.91301604
0.98535692
0.86585672
0.99745252
1.00924190
0.99542310
1.00775760
0.96348249
0.98269593
0.79794789
0.86200967
0.90058818
0.84851431
0.84375134
0.87954380
0.91987790
0.87326125
0.95968663
0.93271680
0.90208273
0.96147345
0.79351668
0.82422841
0.93636783
0.95723882
0.96350866
0.96714505
0.99979169
0.93594850
0.97782658
1.01928490
0.82998253
0.86066456
0.82766740
0.88276159
0.84868214
0.95890808
1.07975510
1.09422720
1.04758380
1.05461720
0.89961757
0.86388720
0.94369225
0.96806281
1.09584120
0.98096194
0.95761016
1.02746470
0.92384070
0.95570965
0.97422674
0.98875831
0.94002480
0.96376619
0.98040290
1.07118510
1.14205050
0.95924215
0.91569163
0.89104473
0.94051652
0.89550951
1.05680840
0.91119258
0.93956822
1.10487840
0.97757783
0.84326915
0.81641644
0.89664752
1.00498390
0.97361442
0.96072815
0.99354574
1.05399330
0.80636718
0.90835298
0.91599193
0.75345907
0.98669463
0.98073954
1.05048490
1.09570440
0.89980008
0.92974859
0.91444190
0.92277242
0.90718937
0.90586371
0.93802295
0.92696790
0.94422211
0.93844429
0.99782896
0.92693739
0.91804853
0.95181205
0.92240460
0.95039554
0.94639512
0.96966547
0.90146443
1.00300880
1.05002250
1.02338340
0.88565864
0.96095217
0.88286180
0.99863996
0.96267618
1.00741630
0.93928424
0.93567211
1.00188250
0.92412927
0.99516482
0.96274614
0.96835868
0.86952825
0.97674153
0.96645122
0.99410284
0.95773882
0.99867392
0.82364275
0.88066947
0.90831349
0.91367822
0.94216528
0.92463931
0.90545102
0.95957166
0.94357978
0.95267372
1.03500250
0.73807288
0.82301137
0.92163712
0.88184494
0.86233435
0.90586750
0.95210443
0.87187252
1.04619440
0.96022932
0.81239254
0.90998058
0.88216419
0.93919762
0.97022016
0.86623997
1.00100420
1.01244880
0.97768324
1.04012700
0.82871466
0.90764004
0.90450435
0.88507599
0.97510581
0.93906237
1.02586100
0.96974886
0.94288673
1.03116060
1.17351770
0.81714453
0.90149083
0.92164615
0.95796675
1.05502670
0.99563732
1.05004350
1.03662410
1.03854920
0.88101982
0.90725479
0.91271442
0.93874934
1.01570800
0.92701024
1.03547620
0.96142833
1.09338340
0.94252603
0.91197212
0.97634446
0.98711386
0.99317837
1.01971280
1.03267640
0.94180575
1.09553790
0.93383782
1.00350640
0.98574887
0.99153764
1.04760220
1.01714780
1.05068530
1.06747520
0.96876367
0.91624483
0.97505103
0.95003171
0.98873551
0.97692369
1.02311900
0.89756690
0.92378143
0.84487288
0.97714318
0.91199649
0.96244213
1.02929160
1.07497730
1.07543450
0.91795425
0.86228027
0.87616855
0.91373076
0.83873223
0.96995759
0.94204908
0.95675612
0.94301626
0.94347050
0.93828936
0.97353030
0.91058256
0.93664371
0.90901043
0.95445777
0.97498190
1.13303480
1.09352180
1.07428980
0.89846618
0.89777640
0.98039810
0.95026318
1.09522110
0.98266740
1.00196160
1.09527600
1.00014990
0.89372259
0.79749148
0.94345291
0.89150185
0.89562979
1.02974370
1.13989890
1.11207420
1.06970260
0.93668114
0.86957383
0.96514891
0.97905066
0.91676359
0.95984496
0.94119439
1.02408870
0.96935302
0.98024589
1.05785400
0.86385250
0.94582690
0.89034155
0.90000003
0.90907712
1.03063890
1.03405330
1.00866290
0.99964095
1.01221340
0.86727386
0.88230183
0.84983867
0.92683154
0.90048519
0.90966999
0.94930680
0.93981468
1.01744580
1.06969160
0.88329048
0.87625746
0.91375639
0.97482677
0.94754649
0.91816889
0.94452003
0.97047960
0.88868186
0.98183026
1.05281240
0.85493820
0.89715359
0.84191762
0.90161520
0.85903439
0.95242435
0.86985930
0.89861321
0.95240160
0.94867998
1.02461310
0.87877309
0.88396594
0.90806303
0.82117297
0.83416364
0.89706817
0.95385652
0.94131372
0.95431735
0.95539912
0.96556972
0.78586683
0.87998330
0.86418158
0.81467445
0.88402181
0.85633871
0.95093278
0.88020259
0.93768363
0.83981866
0.98659158
0.89994675
0.91101200
0.87088080
0.93663789
0.96792919
0.99169913
0.94032052
0.90288386
0.98012912
0.97721505
0.90113478
0.85993281
0.87723135
0.86992528
0.92533793
0.93646460
0.85069676
1.02998720
0.95293342
0.94991355
0.99784412
0.98775830
0.88631986
0.90316943
0.85923226
0.90034430
0.97900838
0.95556601
0.97635964
0.99998696
0.99793044
0.93775870
1.05880530
0.85441882
0.84298966
0.92128984
0.98561411
0.98909634
1.00508380
0.93998645
0.94592588
0.94088507
1.04913750
0.96667158
0.90176305
0.91870085
1.07301640
1.08923060
1.07707960
1.05140800
0.81200522
0.87194763
0.81519628
0.87649938
0.89457158
0.86271486
0.85206563
0.92286249
0.91631605
0.92712013
0.91038232
0.95853388
0.89376223
0.90920112
0.95598209
0.86450113
0.99214248
0.94232435
0.96178438
0.94557729
0.99841606
0.99516736
0.97930748
0.84878238
0.90792839
0.92720882
0.98067265
0.93145242
0.94229738
0.97996687
1.08914810
1.05546150
1.01276330
0.99111395
0.99274980
1.00693980
1.05245200
1.00665410
0.98504107
1.04696810
0.97704677
0.96482344
1.01223590
0.99176978
1.00870430
1.02453070
0.97264061
0.98422010
1.06777190
1.08423530
0.85815050
0.92054130
0.97138803
0.94278134
0.88555639
0.92930360
1.08980640
1.10622150
0.83119607
0.89402447
0.90287227
0.95097592
0.91265435
0.84704181
0.86976675
0.92262405
0.91320684
0.99429477
0.94932233
0.80001813
0.86273699
0.92348404
1.02138350
0.98003331
0.90182948
0.97042156
1.00501830
0.88996604
0.90736334
0.93455247
0.89392149
0.99800616
0.93802496
0.98226649
1.02919390
1.01586010
1.08742160
0.83410632
0.89096615
0.94406450
0.98587917
0.93291682
0.98125737
1.00097210
0.97499703
1.02725990
1.02257570
0.95177621
0.92926842
0.81862707
0.99342421
0.99120218
1.01658750
0.95436512
0.96439268
1.11206440
0.99405631
0.81497731
0.82893381
0.91109429
0.90636926
0.93972164
0.91125325
0.98632884
0.99529882
1.06526880
0.79237805
0.90022463
0.92967748
0.99226875
0.97124839
0.98279003
1.07102410
0.98977240
0.78309770
0.94105494
0.91681890
0.97023479
0.90171365
0.92801682
0.97812173
0.96943342
0.92001911
0.96816921
1.00953340
0.90862328
0.88391506
0.92076489
0.90261406
0.96506675
0.95940585
1.11467690
1.02011960
0.87374474
0.95595396
0.85013209
0.92470326
0.96745734
0.93823056
0.88370065
0.94898809
0.96623064
0.98704102
0.96255472
0.91203009
0.92836518
0.95892744
1.00367800
0.85732673
0.91308179
0.96888398
0.98841445
0.97897617
0.85443774
0.93343897
0.96421899
0.79390764
0.93862374
0.98516013
1.00903380
1.02000290
0.99010468
1.08083540
0.81815679
0.87208459
0.90966840
0.91150984
0.89649352
0.86391790
0.97437890
0.91320039
0.96434138
0.95466705
1.07434090
0.92581528
0.89901698
0.86020607
0.89127719
0.96805674
1.03950960
0.96445441
0.99031190
1.00796510
0.95074362
0.99965492
0.79977751
0.86701429
0.87220158
0.93872899
0.95084059
0.87638355
0.84020139
0.76992276
0.93665012
0.90448691
1.00005890
0.87911512
0.94503781
0.99391125
1.00387930
0.99049056
0.97121754
1.06633780
1.04910330
1.10846240
0.78948461
0.86381574
0.83557694
0.86814955
0.85247346
0.94619399
0.86289376
0.89830723
0.93793649
0.92405150
0.98440866
0.96828707
0.80904507
0.91674573
0.86425925
0.90626111
0.92482213
0.90349171
1.00599570
1.00159040
0.94964174
0.98652695
0.80588538
0.82974307
0.82241762
0.92612764
0.90240545
0.96018553
0.89687891
0.93536276
0.90583199
0.95783268
1.02812150
0.83482687
0.91478088
0.90057783
0.92926146
0.91852891
1.01814980
0.97896763
0.96170648
1.08894850
0.97374359
0.93585552
0.87704039
0.96987322
0.90818213
0.92759642
0.96545310
0.92261257
0.99090786
1.06228660
0.98750701
0.88481240
0.83452144
0.93677222
0.96261264
0.93349108
0.91442583
0.92191853
0.98957464
1.04593570
1.20928900
0.87816778
0.92151968
0.87014985
0.92283900
0.91743924
0.93025076
0.92699850
0.89574409
1.00181240
0.97783630
0.93568262
0.92373625
0.99749997
0.99922766
0.96035942
1.04471790
1.02623080
1.01584030
0.77419063
0.88575097
0.82515440
0.91294108
0.97303036
0.99063776
0.95588685
1.00919830
1.06229220
1.14088410
0.85465063
0.88685119
0.92810822
0.93200375
0.99853492
0.97334553
1.04053110
1.05703270
0.97379920
0.92520173
0.81263985
0.89160407
0.95272132
1.01153180
0.81535914
0.87005025
0.99454395
1.07817270
1.06384860
0.82431068
0.93619575
0.92429801
0.84965870
1.05112480
0.99853767
1.02416970
1.08236620
1.00249980
0.84453628
0.95936253
0.96180194
0.85506745
0.91948299
1.00582420
0.96761647
0.89147471
0.87949044
1.01077670
1.06616240
0.89244254
0.90548392
0.91047817
0.91520128
0.91336864
0.88347839
0.91925605
0.92109843
0.94785401
0.93443089
1.02898770
0.93355111
0.88465837
1.03795320
0.99904965
1.01955600
0.99367323
1.07276670
1.03939550
1.19453330
0.75324183
0.89524412
0.98276684
1.00558790
0.97427001
0.96678120
1.03617550
0.96735384
1.00615600
0.96929141
1.00050750
1.01292620
1.00875850
0.99256501
0.99480556
0.96730444
0.94969720
0.78669351
0.89270794
0.95052065
0.91097134
0.94075597
1.04520940
0.96708423
0.94731005
0.93565233
0.99075909
0.76121372
0.82835618
0.99928396
0.93377730
0.97692143
1.01785270
0.98833176
0.89797075
0.87240463
0.85360304
0.98296114
0.99102591
1.05897120
1.10138060
1.05529280
0.85181249
0.85565154
0.91470254
0.89568180
0.95997520
0.86388713
0.86533159
0.93787535
0.91632758
0.92038812
1.00349930
1.03695820
0.76945516
0.86137009
0.88298299
0.95075520
0.88040899
0.93006443
0.90449762
0.99108578
1.00314430
0.92219771
0.85415543
0.91549937
1.01475970
1.02854270
0.98352506
1.00148180
1.02652210
0.83781010
0.85225670
0.89701182
0.79795899
0.89869948
0.97671380
0.94803091
0.88151653
1.13817640
0.78753813
0.83409788
0.88149678
0.92828415
0.87415092
1.06837870
1.04275460
1.01739010
1.00761930
0.99818769
1.02613350
0.80730720
0.82604418
0.74187177
0.86015057
0.87976316
0.88901919
0.92460420
0.84564145
1.11161740
0.86286113
0.82854492
0.88723276
0.85841961
0.92622059
0.88304629
0.93389909
0.96686016
0.84138885
0.81556585
0.89603970
0.89436637
0.89582606
1.02111460
1.00103700
0.94513265
1.11402780
0.90073978
0.91590834
0.87753516
0.97137604
0.93882843
1.00170030
0.92757676
1.01088520
1.12062130
0.88363846
0.90935658
0.94887093
0.93102713
0.93233816
0.90690069
0.91389517
0.93695729
0.95903142
0.95560458
0.83720112
0.97765265
0.91279024
1.02958490
1.04079890
0.96536440
1.00453020
0.98951372
0.80326582
0.92608439
0.90692359
0.94288865
0.96184576
0.90017558
0.97261346
1.00378860
1.11508260
0.81180760
0.90376432
0.92980756
0.78101893
0.81744004
0.88741908
0.93869905
1.02304820
1.01208200
0.94182601
0.94894962
0.99217876
0.99374750
0.91945755
1.00408370
1.00554290
1.04166170
0.84881313
0.92846654
0.95945781
0.98699165
1.00680090
1.08658360
1.04647970
1.09356470
1.10286350
0.95086055
0.95177427
0.97860034
0.93397575
0.98522088
0.90741663
0.97175330
0.92327945
0.97696571
0.71866713
1.00902280
1.00039350
0.94992259
0.91892759
1.00104320
0.99042806
1.02999210
1.04213470
0.89945037
0.96275860
0.95043151
0.91143135
0.91130809
0.85174684
0.98160508
1.00618060
1.03030380
0.94535321
0.84317059
0.86479095
0.90920652
0.76592481
0.88923539
0.88202136
0.81197527
0.90269552
0.89474592
0.91273562
0.99322636
1.03191370
0.87595832
0.82513170
0.91556080
0.93016967
0.88673937
0.88089631
0.89748224
0.96564299
0.98706190
0.98451403
0.83385549
0.82748849
0.97530284
0.91850999
0.94917167
0.93643110
0.94901885
0.94634300
0.95604611
0.89738534
1.00236690
0.96030715
0.93708472
0.89067962
0.91069524
0.93963328
0.96404555
0.98405986
1.00192840
0.94956592
0.90070588
0.95384544
0.93895680
0.95167460
0.96485908
1.00969710
0.96529715
0.94849976
0.94768953
0.99851538
1.07906230
0.88531618
0.87620421
0.92987524
0.94003834
0.94195883
0.96376663
0.95929729
1.01129470
0.98972145
0.78332540
0.92095227
0.88978904
0.98222957
0.94575460
0.99967854
1.06959200
1.02301600
1.05259060
0.94000110
0.89729321
0.87274101
0.90381379
0.88377306
0.91033294
1.00501620
1.07097920
1.14896810
0.86491972
0.91914498
0.90305533
0.84961161
0.84979600
0.81846564
0.78927970
0.88576625
1.03587820
0.97224286
0.89858974
0.81184698
0.92047281
0.93080927
0.88044232
0.96598182
1.02599810
0.92426136
1.09568190
1.15627620
0.83905968
0.88934043
0.92964235
1.05430400
0.96155447
1.03391800
0.95300556
1.00091740
1.15680540
0.82088377
0.88354826
0.92318803
1.01684190
0.97751132
0.99101677
1.10142940
1.11005970
0.85882264
0.92727018
0.92552683
0.88984293
0.93738843
0.90759779
0.90274598
1.06350940
0.98151454
1.13515410
0.94666771
0.87260761
0.89507173
0.93539698
0.93310705
0.90991334
0.97264722
1.01258770
0.95376200
0.98069535
0.96679104
0.91461322
1.00148620
0.95069353
0.91332855
0.88666211
0.95608907
1.03544580
1.04914790
1.05154100
0.85986755
0.97175207
0.96673164
0.96569505
1.02054200
1.01649010
1.10158030
1.00531060
0.91631143
0.90962888
0.96876872
0.93566590
0.96454891
0.99651463
1.00687640
1.09721210
0.90102403
0.85443224
0.93173481
0.86621252
0.88214252
0.97716602
1.00411920
0.97193578
1.00123120
0.90941166
0.96046036
0.93332313
0.95852263
1.01314190
0.92810974
1.03354980
0.99753393
1.00259640
1.09281220
0.88623652
0.82146080
0.88991629
0.87599610
0.90497904
0.96646615
0.84915341
0.93719893
0.91466689
0.79050210
0.79207835
0.74934505
0.81546171
0.78151438
0.79294611
0.84763017
0.83066574
0.89526883
0.83335754
0.84812249
0.93754268
0.84445907
0.84808743
0.85822889
0.88367329
0.91651166
0.93667310
0.93520129
0.93225530
0.96318467
0.93135342
1.04915920
0.88902624
0.87641663
0.80984329
0.95289800
0.95730737
0.91922623
0.94126925
0.91625304
0.94054879
1.01006610
0.77628832
0.84110986
0.85404155
0.85050065
0.87736966
0.88438752
0.91397841
0.94233268
0.99840316
1.02752840
0.85774244
0.91656002
0.88724442
0.99166007
0.93529309
0.90667232
1.01658990
1.01655800
1.00237430
1.04398210
0.93487928
0.84665678
0.76939291
0.91128400
0.82909940
0.88622601
0.94744388
1.01125820
0.94627873
0.99471005
1.00797560
0.94483515
0.87696302
0.90042477
0.88415232
0.84097375
0.92066947
0.98455474
0.91807416
0.94369204
1.01306090
1.00649710
0.79689706
0.75082434
0.89810273
0.92422962
0.95935422
0.89774729
0.88843022
1.03307860
0.92790503
0.94786194
0.98867400
0.87431152
0.89013543
0.82981792
0.87378755
0.90778893
0.85147166
0.90933894
0.95605695
0.99968837
0.90404034
0.82478149
0.93494772
0.82717940
0.89592408
0.94263790
0.92489592
0.97816013
0.84917317
0.95575823
0.90150661
0.97416971
0.81410093
0.84221037
0.88598175
0.95788157
0.99009973
0.92392519
0.98295693
0.94705012
0.93503462
0.97497568
0.83547392
0.85841456
0.78932485
0.84843936
0.90294859
0.89642306
0.95549298
0.95797474
0.97076465
0.95044686
0.98269267
0.87836551
0.83835206
0.85270273
0.96556600
0.91527287
0.92432209
0.84465322
0.92130067
1.06026420
1.12190470
0.87098804
0.89002359
0.93803874
0.87270916
0.90775664
0.91081501
1.00817570
0.94161496
1.11205490
0.89425216
0.86216610
0.90419342
0.92612951
0.93328045
0.89590196
0.94074815
0.94785422
0.99412298
0.96508038
1.08335850
0.90839624
0.83440513
0.86112219
0.93732356
0.90829571
0.97240101
0.95322194
1.04660010
0.99760232
0.96792204
0.82225039
0.90962826
0.90524688
0.92413678
0.89367175
0.87394869
0.90584580
0.86444590
0.99483885
0.97081506
0.95064054
0.79315446
0.82087183
0.87929159
0.85245178
0.86151500
0.88249132
0.87974479
0.89533637
0.93434791
0.83124931
0.96694544
0.87614771
0.89090813
0.78989129
0.87923728
0.96802571
0.91920069
0.92677485
0.99270824
0.96485237
1.00537590
0.95078330
0.79023977
0.89687374
0.84589568
0.91160831
0.96494892
0.90900847
0.90958562
0.85133152
0.95666646
0.96264161
0.87235038
0.95938703
0.88969073
0.99939340
0.95555477
0.95365295
0.96231507
0.93024113
0.93052305
0.96472035
0.89845973
0.88140647
0.86735892
0.84714266
0.99738970
0.91908599
0.84470719
0.99030132
1.01182330
1.09366530
0.87762866
0.92313315
0.92163543
0.89381817
0.98266415
0.95454253
0.88730416
0.91158791
0.89587099
0.95219368
0.86818983
0.89801285
0.95226753
0.96984664
0.94858210
0.99062202
0.98182224
1.00103380
0.98695526
0.82747896
0.88651261
0.95922097
0.99447979
0.97417804
0.98321445
0.90686693
1.03727060
0.98834412
0.87845724
0.93306840
0.94985859
0.91339110
1.01438250
0.97112275
1.01810780
0.98929466
1.04578750
1.04649750
0.89675975
0.85811831
0.94655064
0.91065416
0.91804414
1.01868360
1.01417360
0.96601043
0.96237660
1.04360940
0.99327080
0.84865513
0.86026414
0.90471173
0.94458368
0.92080405
0.98157962
0.98833462
1.00235300
1.05258890
1.09398780
0.83803944
0.87662979
0.98128113
0.99180932
0.99466401
1.03614360
1.01923450
1.00249990
1.07027420
0.02207240
0.87613442
0.94181173
0.92741849
0.93736428
0.89040489
0.96981423
1.11274520
0.94174788
0.89073320
1.01864540
0.86260479
0.94989335
1.03285860
1.00397710
0.88222867
0.96000190
0.93809916
0.88486186
0.88488650
0.84192935
0.92740528
0.92830206
0.98213388
0.91772381
0.88503501
0.97258055
0.96535387
0.89746102
0.89848117
0.94774308
0.92176628
1.01577390
0.99776567
1.05912350
1.07976850
0.97800736
1.01355350
0.79206699
0.79401865
0.89335080
0.84176838
0.94548055
1.09639730
1.05115720
1.03769160
0.87644275
0.80349839
1.06380110
0.98706942
0.87472247
0.97475510
0.90668530
0.94462205
0.90095639
1.01815520
1.12484840
0.84482214
0.94921761
0.88732625
0.91557647
0.93907302
1.04190440
1.05988740
1.15693050
1.06180730
0.82993731
1.02671990
0.97776894
1.06387230
0.97600821
1.06912460
1.06189980
1.15244480
0.83433831
0.85972204
0.81970013
0.94748784
0.92136123
1.04583920
1.02348370
1.04776120
0.90234905
0.97104947
0.95026687
0.93886049
0.90303850
0.89503139
1.00430290
0.98288228
1.02433110
1.12782090
0.89341896
1.03199380
0.96350403
1.02523220
0.95460102
0.96189270
1.00637810
1.05036320
0.92679420
0.94041409
0.92709802
0.93150242
1.02548650
0.96341195
1.01770050
0.94107305
1.06992160
1.09172780
0.90870760
0.88515164
0.90642005
0.93944951
0.91860222
0.94536116
0.89385226
0.94619333
0.97184063
1.07999020
0.99629544
0.83423884
0.84882711
0.95763575
0.87206803
0.97881172
0.96798043
1.00732820
1.01868250
0.97244021
0.79282973
0.87822436
0.83473343
0.84160228
0.96949237
0.85365882
0.85593035
0.94821980
0.97769723
0.84358969
0.86174007
0.93540699
0.90947237
0.93680062
0.88790990
1.02794220
0.93721232
1.14267400
0.83612983
0.99056625
0.96576618
0.98673831
1.08632050
0.92711318
0.96176675
0.97746840
1.03588250
1.08852050
0.82853983
0.91692255
1.02372940
1.03011810
1.08913560
1.16009970
1.11568080
0.86126645
0.99752995
1.07589720
1.04323910
1.04196040
0.99795547
0.99234402
1.05452670
0.83748768
0.83728330
0.91826467
0.90185967
1.04363750
1.04678180
0.98785604
0.96632756
0.93331141
0.94820040
0.92028199
0.89688856
0.99238216
0.96186891
0.97625259
1.04870590
0.98971106
0.72441860
0.92355456
0.90245552
0.92817493
0.96004713
0.96493556
1.04796440
0.91753956
0.89809308
0.90515016
0.87328799
0.94135171
0.96000429
0.93806242
1.02422620
0.96922386
1.02492720
0.96458833
0.90264633
0.92679568
0.92581735
0.85088060
0.96734019
0.88891493
0.98701566
0.98213710
1.05804800
1.04408530
0.88478751
0.88941792
0.87645691
0.92933792
0.95246634
0.90647160
0.94064111
1.05062240
1.04670040
0.91176827
0.86707764
0.82689151
0.97323735
0.96042175
0.96791537
0.99561468
1.00879390
0.96177546
1.06212870
0.90636946
1.00624880
1.00554070
1.02937300
1.05650230
0.99653908
1.03236070
1.03676730
1.04030530
0.86837201
0.95212016
0.84536174
0.82311901
0.91674060
0.88706235
0.98038323
0.90162057
0.97992873
0.93206669
0.93475090
0.91469102
0.92352123
0.91968270
0.96708891
0.98111704
0.97438496
0.98257879
0.92746474
1.02697670
0.79349813
0.86233355
0.88431032
0.99471306
1.01355480
1.04300940
1.04198380
1.10644620
1.04542680
0.90608919
0.94747224
0.99447523
1.02316940
0.99099024
1.00326590
1.00802560
1.05930070
0.89228412
0.91611270
0.97108421
0.99342185
0.93151227
0.93463702
1.01040640
1.05582990
1.00583780
1.05564550
0.79587862
0.91862308
0.96990274
0.90655636
0.92643776
1.13285390
1.15363080
1.01143320
0.92462012
0.91452853
0.88505512
0.89649141
1.00771180
0.99497714
0.99724812
1.08474470
1.14839780
0.95164786
1.05399590
0.99838480
0.97785332
1.03725850
1.03096320
1.10568660
0.91487821
0.85021785
0.88826245
0.78407502
0.85059009
0.83375883
0.89998085
0.90190031
0.89767885
1.01413980
0.94427147
0.98963431
0.89922998
0.90453955
0.93034069
0.96514066
0.91414701
0.96380405
0.97395130
0.93153000
0.91503681
1.03166520
0.98625596
0.83811959
0.94731742
0.89994068
0.92084486
0.91407293
0.95579618
0.90292558
0.97518466
0.79715759
0.85970491
0.91096326
0.84249939
0.84504803
0.90450831
0.89580521
0.91260931
0.84311343
0.96494126
0.83766122
0.92319995
0.92471604
1.02940510
0.91701869
0.97568692
1.06578850
0.90297501
