1.06394120
1.06333050
1.02768100
1.07695130
1.11204260
1.04348940
1.08302520
1.07969840
1.06676720
1.02788840
1.05585630
1.01809650
1.10346250
1.04254850
1.07504800
1.06253460
1.02879480
1.01733350
1.17119760
1.14249030
1.14408390
0.99248505
0.98428241
1.06718940
1.13769580
1.11892180
1.09772220
1.09502210
1.22728080
1.06778560
1.04012350
1.05532480
1.15732830
1.12081570
1.11646430
1.10643780
1.10215880
1.08940700
1.00927370
1.06882940
1.06486780
1.09334290
1.04179930
1.12503610
1.06281370
1.01609390
1.06175170
0.99900405
1.03735460
1.16925450
1.10177550
1.08920930
1.08704840
1.04983930
1.11583100
1.02458670
1.03194240
1.00125530
0.97375717
1.06996220
1.13326730
1.12991670
1.07883770
1.07071240
1.06159620
1.10424750
0.95477144
1.08570190
0.98989177
1.06955860
1.03827890
1.01529850
1.15974230
1.01775650
1.11959810
0.99114309
1.05596670
1.01258380
1.07207240
1.10871480
0.99262644
1.05015270
1.03178750
1.12634110
1.04720470
1.07286810
1.03789200
1.15650970
1.12381580
1.08021540
1.08948290
1.06500320
1.15197090
1.17935770
1.05103020
1.12694090
0.99919377
1.05857920
1.12284810
0.98514299
1.09180900
0.98718428
0.99762492
1.09123600
1.05383630
1.08569020
1.04861590
1.04772760
1.12750890
1.10450530
1.01149220
1.06091530
1.12051870
1.13659700
1.02391880
1.10623470
1.05548600
1.07317150
1.06354710
1.06768580
1.03286490
1.04652070
1.05869590
1.03456020
1.15794320
1.06028120
1.05707350
1.05319660
1.11077970
1.00147390
1.08342790
1.05692300
1.02659030
1.08657760
1.08477650
1.09696310
1.04522110
1.10148100
1.12853350
1.08278070
1.03679750
1.04687130
1.09555890
1.08671190
1.11176200
1.08549330
1.02109420
1.05075870
1.06330390
1.08216640
1.01226330
1.05902590
1.18442180
1.00554160
1.04612450
1.05091020
1.00956380
1.05707190
1.08192530
1.06660990
1.05951130
1.04222140
1.09429360
1.13883100
0.95999998
1.10396130
1.04799230
1.07396580
1.03393760
1.03756600
1.04091990
1.04686280
1.07190240
1.07277150
1.04267320
1.13068300
1.07796550
1.06274770
1.08259530
1.05938170
1.02731560
1.11204700
1.15290710
1.16605570
0.96640107
1.03953060
1.03172770
1.04989250
1.07426420
0.97399686
1.08293430
1.07782780
1.02817110
1.08569390
1.04569970
1.09543180
1.09306620
1.14873220
1.08427280
1.03875310
1.11258520
1.09995530
1.02431780
1.08598530
0.99950019
1.03864070
1.03025640
1.07630090
1.07582640
1.08692180
1.01429710
1.07451780
0.99995254
1.00833690
1.04079510
1.02717440
1.00849810
0.99287651
0.96781006
1.06828790
1.04187730
1.08079130
1.15257980
1.07931560
1.04986660
1.05390680
1.09159070
1.03702200
1.11692810
1.01946420
1.00244270
1.06684670
1.06605590
1.00223100
1.01070540
1.07972730
1.03321400
1.12167660
0.97104704
1.06230080
0.99172932
1.10171820
1.06124350
1.05520620
1.07254100
1.10552820
1.05409910
1.08618280
1.07614800
1.12810900
1.03031140
1.03256470
1.02753390
0.99340284
1.06549910
1.07222380
1.08804860
1.08113840
1.07772890
1.11754710
1.03322330
1.07001650
1.08881830
1.15724530
1.06580900
1.10433910
1.07272630
1.09386280
1.06869460
1.04810280
1.08777320
1.09590060
1.05113280
1.07227530
1.08935910
1.09544590
1.08371470
1.02639080
0.99751844
1.02713700
1.01416800
1.00483830
0.97951187
0.99825672
1.01428220
1.02972490
1.03955590
1.06308100
1.05056620
1.10380130
1.05537970
0.96574808
1.01672500
1.09476390
1.03069450
1.09228260
1.12445480
1.11535320
1.12860370
1.06098730
1.06659300
1.11122010
1.15651410
1.10741230
1.01123810
1.01065340
1.01247050
1.08701660
1.07725870
1.09805130
1.04181370
1.08265280
1.04205980
1.04211850
1.05039710
1.11010600
1.07885950
1.07320860
1.05603590
1.03329980
1.01223000
1.06212110
1.10150090
0.98363110
1.13782650
1.05385540
1.10576400
1.02240550
1.03126560
1.09919120
1.03447740
1.05549630
1.04852520
1.04202110
1.02357160
1.06249520
1.14889870
1.00897880
1.07168010
1.08245000
1.06198440
1.10358640
1.02738900
1.02284120
1.11623230
1.06539140
1.10766230
1.03754540
1.06536000
1.07928530
1.10690160
1.11346270
1.09746220
1.05319810
1.00683320
1.00003220
1.07951640
1.08678840
1.02515850
1.07289050
1.04713200
1.04026460
1.04876510
1.10808630
1.04259490
1.05467330
1.07630900
1.11311990
1.05106700
1.04414950
1.03084000
0.97926555
1.13186480
0.98213453
1.06232760
1.02845700
1.05458520
1.13866460
1.08707910
1.12890200
1.07834070
1.05459010
1.04687790
1.07173570
1.05531240
1.05589170
1.09063760
1.04682620
0.95770702
1.09174010
1.06830170
1.00765610
1.09266390
1.04063220
1.03614970
1.08587010
1.04785930
1.02031470
1.12119110
1.06663640
1.09423470
1.05424480
1.04610080
0.99965464
1.04210820
1.13478010
1.01342640
1.02348770
1.12516240
1.06568030
1.06932440
1.10263920
1.13125010
0.99959800
1.15695570
1.07517520
1.12672240
1.08842200
1.05059060
1.03261060
1.05790650
0.95962852
1.02563410
1.07783640
1.01892460
1.03649690
0.97619955
1.01457480
1.03045030
1.04730970
0.98921559
1.04643400
0.98830184
1.03808360
1.11754740
1.08619040
1.01791610
1.05746760
1.01771220
1.06703340
1.09036960
1.05088050
1.09873570
1.12443290
1.06437140
1.06284000
1.10076130
1.11371430
1.09319850
1.03803370
1.11380330
1.01246470
1.02512370
1.12230710
1.03478250
1.14394010
1.09610060
1.10309180
1.03176330
1.09749200
1.11292280
0.99860707
1.05396970
1.04545110
1.02518850
1.06612190
0.99250807
1.00833270
1.08363310
0.99055624
1.01009080
0.99735564
1.06607260
0.99540724
1.06064110
0.97324167
1.15542480
1.00729110
0.99589062
1.06262120
1.02809430
1.01873560
1.13823470
1.02291720
1.07262310
1.07538340
1.02887270
1.04843670
1.01000730
1.11342440
1.05404250
1.05623920
1.05041590
1.14838150
1.07573190
1.00833470
1.09419570
1.06979680
1.10195710
1.02260350
1.08814920
1.04746260
1.18036050
1.11514390
0.99365590
1.10155790
1.09658890
1.07098730
1.04859950
1.05417770
1.04495310
1.09641600
1.03040220
1.12288380
1.05519930
1.02667650
1.03074470
1.09964590
1.02329190
1.03801530
1.10251870
1.08998970
1.11682460
0.98649233
1.06086720
1.02059960
1.04324240
1.05466300
0.97143816
1.05756520
1.01566790
1.10699910
1.07890200
1.09209580
1.04926940
0.96641532
1.02192060
1.02509530
1.06372810
1.10623950
1.02551810
1.11995040
1.07644040
1.10377470
1.14410330
1.11178090
1.00577090
1.11092010
1.05471010
1.09254510
1.03039390
1.05722330
1.02298420
1.04022460
0.93382126
1.01467330
1.03263660
1.06982340
0.89623617
0.97935065
1.03856470
1.07177590
1.08893980
1.00650030
1.04795590
0.92106495
1.07688900
1.12224990
1.04587210
1.09825270
1.02223770
1.03465140
1.10283220
1.11444470
1.09670720
1.02974340
1.02400020
1.09445700
1.13023100
1.11138550
1.04191180
1.04139560
1.02735010
0.99876585
1.03873260
1.07268270
1.14236860
1.03708780
1.01967540
0.96596369
1.07430810
1.10238510
1.00329720
1.06709360
1.01788190
0.98771074
0.98321479
1.09543590
1.14358670
1.07658710
1.10090130
1.11680100
1.12992470
0.99773081
1.02582270
1.02326400
1.02635240
1.06759570
1.13193790
1.10258200
1.08694890
1.09807330
1.00566850
1.05116490
1.09101020
1.11424310
1.09647150
1.10289910
1.06724360
0.97227930
1.02982040
1.13249710
1.08703790
1.08783310
1.15135000
1.02956050
1.06710750
1.16176170
1.08647020
1.09066030
1.06453850
1.05512090
1.08381900
1.08918640
1.07407130
1.06771720
1.11933890
1.14483080
1.06566080
1.05961250
1.01581880
1.08137650
1.02529220
1.08120820
1.10832600
1.02528340
1.10298150
1.02771580
1.12497390
1.07449580
1.01255100
1.10864480
1.00780030
1.05154170
1.09274310
1.12736260
1.11761020
1.04320220
1.05678260
1.08834390
1.07184500
1.11417740
1.23305390
1.04555840
1.06785080
1.06248900
1.05850770
1.10166990
1.01974540
1.08787950
1.04868900
0.98925294
1.01933590
1.09983100
1.06631150
1.06027480
1.04500320
1.05984830
1.09871390
0.97629835
0.98610737
1.03923270
1.12706220
0.99700514
1.05947850
1.06855200
1.05155110
1.09193920
-0.00935909
1.09635860
1.03753570
1.10771760
1.03654270
1.06357900
1.00082430
1.08442010
1.06195760
1.07352250
1.05569400
1.11338910
1.08120140
1.02484750
1.12254800
1.02208050
1.04794030
1.14053800
1.06901020
1.05757160
1.05581090
1.07305640
1.08955410
1.12473450
1.10897600
1.04801680
1.05180280
1.06329310
1.04089800
1.11713610
1.03395600
1.04014110
1.03819960
1.01036300
1.00480670
1.15842150
1.00385270
1.03307540
1.05488750
1.08665930
0.99503974
1.07562640
1.01391130
1.00006400
1.11638400
1.04869470
1.10888010
1.05992550
1.05273950
1.09009250
1.02893750
1.04368670
1.09972110
1.09069610
1.04850790
1.08996660
1.03419370
1.09564490
1.02789510
1.05621540
1.05767610
1.06708720
1.02864150
1.06569700
1.03193390
1.04581330
1.03346480
1.03483850
0.99823627
1.00173000
1.11006620
1.03011000
1.02966010
1.01386340
1.07160200
1.01900790
1.05766100
1.00246200
1.12034790
1.00646670
1.04187730
1.06873270
0.96688763
1.08776480
0.98201888
1.03386830
1.06806160
1.02939560
1.03656410
0.99211183
1.03761150
1.13623780
1.00522230
1.05334210
1.10575960
0.98381220
1.06814260
1.05137500
1.11373500
0.98509312
1.00390830
1.11295440
1.08741890
0.94417216
1.04178390
1.02963270
1.02252480
1.00385060
1.03358190
1.06401300
1.07079060
1.03780890
1.07863410
1.03065170
1.03780320
1.04677030
1.05029220
1.00475520
1.03598900
1.16201820
1.11378580
1.08962420
1.12874330
1.14460890
1.08503120
1.03593530
1.00709950
1.02031730
1.02711730
1.06225620
1.06589910
1.12988830
1.00376670
1.10666810
1.01692890
1.06197520
1.01536820
1.11212350
1.01144140
1.08089490
0.95673801
1.02722510
1.01908500
1.07420660
1.10830570
1.12665570
1.12571530
1.11838620
1.03409880
1.14281430
1.09382020
1.05121870
1.06507130
1.06764270
1.04620170
1.04211950
1.07588950
1.00955320
1.05685500
1.05906380
1.05299150
1.03010740
1.08952080
1.08988130
1.06003770
1.11806120
1.08263350
1.05766130
1.10116940
1.04239750
1.05140970
1.06031870
1.06988250
0.98749941
1.00507780
1.02967500
1.05902960
1.02652650
1.02834360
1.07996940
1.12249770
1.14713900
1.05464040
1.05939050
1.14670820
1.18773130
1.05298760
1.05224900
1.03327390
1.10136600
1.03458890
1.03082040
1.00006320
1.08143540
1.09959090
1.10364840
1.08409910
1.05031640
1.01227820
1.12970410
1.07123190
1.00701360
1.00514360
1.16726750
1.01315060
1.05611160
1.08529860
0.99818332
1.02166840
1.05527490
1.09497010
1.12605500
1.12304790
1.09501810
1.01651220
1.00780450
1.11370250
1.07887530
0.98865669
1.01292120
1.09446440
1.01510280
1.06331180
1.06151780
1.01731740
1.10431630
1.05003240
1.09898030
1.00256630
1.06781420
1.12487080
1.04729920
1.05747630
1.13832050
1.04553480
1.08636130
1.04634550
1.06228920
1.05738370
1.05596660
1.04058000
1.10602340
1.09093990
1.13448330
1.06110890
1.08971490
1.01401450
1.14028790
1.10649160
1.03157190
0.98763802
1.02514150
1.03525340
1.02090700
1.04647030
1.05555820
1.09468090
1.04899940
1.04813910
1.10557180
0.92487170
1.11651810
1.13130820
1.02649570
1.04398940
1.08670330
1.03100970
1.03877310
1.05248800
1.08126450
1.11339490
1.07240230
0.99956858
1.02111660
1.07961330
1.05502370
1.07878940
1.00562610
1.02507930
1.02186730
1.09307590
1.15108150
1.11729790
1.03068440
1.05276160
1.08621450
1.08899440
1.09775180
1.08775110
1.08965170
1.06556330
1.00985300
1.01847890
1.07884450
1.05050480
1.04802980
1.03249010
1.10248090
1.12680050
1.01099840
1.04132100
1.02943640
1.02895820
1.02040750
1.14669010
1.11433620
1.00491540
1.03901300
1.06229110
1.08579550
0.98044405
1.10541860
1.09122830
1.11658440
1.07327620
1.10031450
1.07979200
1.07619090
1.08255770
1.01783420
0.99968671
1.02352150
1.04486320
1.12289590
1.02008250
1.14842310
1.14386120
1.10099580
1.05751130
1.12623230
1.05500940
1.11507460
0.97066166
1.07734220
1.04214100
1.12293350
1.11140370
1.09303970
1.01079640
1.03814480
1.01118800
1.07374090
1.09652360
1.07659130
1.12960020
1.08060430
1.12036020
1.03768690
1.06667290
1.07438240
1.06224570
1.10243460
1.08910580
1.12109180
1.08699700
1.04689520
