1.05529000
1.05546390
1.05710990
1.06308700
1.15559940
0.97342273
1.00747890
1.12117430
1.24055880
1.21131800
1.24201980
1.45385690
0.83954432
0.81051562
0.96306113
0.88544759
1.24403360
1.20783820
0.87943061
1.15305630
1.14346300
1.03474370
1.15206950
1.20975280
0.99004673
0.83158186
1.08367210
1.23392820
1.05940360
0.93355361
0.92855529
1.07581610
0.92984918
1.25889600
1.28727560
1.42729720
1.12035430
1.32753600
1.29672910
1.38704060
1.07132040
1.16100450
1.13083350
1.29252460
1.12933840
1.31096820
1.13818990
1.27180730
1.18473890
1.14052970
1.26703690
1.21578740
1.39510290
1.47522270
1.27286840
1.42455200
0.95367257
1.12776690
1.31222710
1.28151090
1.43537940
1.23704940
1.29731910
1.12330210
1.32120850
1.22832100
1.15079240
1.35767330
0.84541485
1.09347470
1.07107850
1.34785630
1.18674770
0.94752605
1.26375640
1.17186590
1.39850970
1.33984690
0.78289587
0.89645701
0.97634768
0.83294477
1.22973650
1.13262170
0.82993275
1.00866410
1.22001830
1.10408920
1.20921460
1.23048750
1.52891150
1.37373320
1.12222300
1.34615620
1.07020050
1.31724340
1.36027250
1.37519760
1.18895530
1.11808730
0.98646291
1.15903390
1.33196380
1.03370420
0.97732076
0.96273805
1.13049780
1.13141890
1.03843310
1.20502990
1.04591910
1.28700080
0.98475338
1.21717170
1.34789320
1.40858330
1.34524680
1.02210640
1.43065780
1.08739730
1.32131530
1.35673940
1.12496280
1.39494810
1.41577610
1.25522770
1.34374660
1.74966220
1.41079970
1.31269050
1.53116170
1.14253980
1.29896700
1.28904800
1.05093380
0.91201806
1.19903710
1.17999210
1.12769320
1.07284270
1.25957780
0.96637957
1.12713630
1.26399680
1.25785790
1.44632490
1.28359120
1.24048210
1.51612900
1.65496760
1.13097370
1.27218500
1.44177700
1.27855800
1.35202400
1.68985980
1.30006910
0.84367207
0.77445435
0.95191340
1.26513480
1.20372630
0.99304060
1.12962010
1.20385500
1.33799280
1.08550500
1.18211460
1.12453400
1.03364490
1.37054230
1.35041930
1.38039960
1.48807040
1.46396660
1.42489120
1.37671960
1.37923870
1.00878090
0.96697931
1.05884060
1.01378030
1.18767920
1.04896070
1.17899460
0.98089341
1.04721280
0.98571205
1.25453840
1.18655640
1.34636420
1.28455180
1.10654770
1.24175630
1.33763780
1.32534150
1.32909220
1.15884220
0.85967796
1.18128300
1.05336350
1.14520240
1.19793720
1.16811500
1.24890590
1.07233880
1.01602930
1.05805240
1.04546320
1.58269620
1.14469360
1.35343520
1.53285540
1.34090690
1.45867810
1.58593800
1.16186120
1.32249560
1.30363160
1.16790440
1.32656290
1.49297250
1.41677490
1.11293990
1.02133540
0.81236773
1.24016670
1.10799510
1.40181020
1.20371470
1.41428800
1.26927530
1.45711490
1.47349400
0.97440343
1.13526230
1.10325690
1.00010860
1.15900250
1.10383650
1.17526970
1.15605100
1.25060380
0.80071003
1.28362320
1.12589060
1.07985760
1.37661770
1.30794660
0.99505006
0.87880665
1.16652160
1.18583480
1.58760570
1.32929090
1.48754500
1.30122110
1.53017830
1.63299020
1.43177860
1.76247350
1.22167490
1.18710640
1.17683830
1.13603020
0.94332306
1.14041060
0.96947829
1.06071700
1.01508900
1.02613560
1.22776300
0.96508279
1.39201680
1.15617880
1.04241430
1.31937670
1.37118500
1.43426860
1.19254550
1.26696520
1.40329220
1.37766240
1.46306770
1.30735780
0.94921503
1.16349270
1.07381970
1.24877590
1.22868020
0.84831644
0.98445042
0.88907760
0.79578808
1.13609600
1.05774650
1.39381800
1.53852590
1.42245720
1.41245390
1.58024870
1.21941660
0.95093163
1.36013720
1.32996820
1.57207410
1.62378510
1.55006190
1.22678950
1.72570610
1.25563140
1.42134230
1.37346500
1.33054250
1.55066160
0.94559580
0.97292706
1.14764930
1.39695280
1.22759240
1.16782430
1.38538760
1.25326930
1.10346460
0.93624303
1.27841170
1.26205670
1.17211460
1.45726660
1.36578570
1.40927300
1.31571680
1.04311870
1.23194870
1.54489090
1.06689060
1.19930780
1.45582850
1.51829250
0.99707589
1.19090580
0.94745901
1.10043820
1.46029800
1.59687390
1.37693290
1.24084760
1.48537440
1.54291460
1.50621600
1.32212530
1.07388610
1.38214520
1.26660550
1.06484990
1.34846990
1.03976930
1.17167070
1.23900340
1.25715970
1.35968970
1.11675220
1.38478230
0.95803889
1.32099840
1.20059870
1.10008400
1.26147210
1.18648320
1.00985700
1.28707110
1.25243480
1.27023530
1.15297490
1.30165270
1.33784190
1.20666990
0.71329931
1.31239900
1.52799750
1.27685570
1.29280710
1.31145000
1.23448270
1.21249490
1.20229700
1.48313730
1.51002150
1.12327020
0.95655328
1.23552210
1.18657340
1.13560490
1.15457320
1.14854690
1.06577320
1.11731320
1.33655780
0.96980768
0.97146215
1.08891490
1.29656410
1.06752070
1.22430640
1.09622340
1.06229890
1.05628370
0.97072936
1.01999550
1.24625880
1.08049290
1.01944700
1.18570220
1.30490420
1.30457460
1.30776740
1.07697750
1.41763800
1.60613420
0.80425211
0.87427277
1.16080320
1.12033420
1.38170930
1.08778540
1.10634720
1.32761140
1.03671600
0.92202999
1.16370500
1.28113220
1.42547230
1.19411580
1.38730880
1.40232740
1.01587560
1.06492940
1.21982750
1.08209530
1.23818440
1.06463940
1.02567210
0.92800197
1.14972580
1.09008240
1.25362250
1.29053420
1.33123030
1.39711910
1.27158000
1.63858090
1.22452800
1.15578260
1.21689560
1.16216000
1.09098690
1.25215810
1.10730640
1.20397630
1.42105620
1.09330790
1.29736510
1.34183790
1.09154580
1.24664600
1.24091130
1.15693660
1.41560090
1.32894160
1.32995630
1.12061660
1.34246130
1.32970350
1.31821100
1.30360040
1.41032580
1.34357840
1.29428270
1.16579850
1.19310060
1.44566280
1.37827300
1.35709190
1.26658110
1.28738280
1.37184160
1.29633790
1.37866580
0.72573563
0.85189384
0.97147885
1.23193660
1.18201140
1.27957780
1.24351550
1.45639800
1.31728790
1.12629430
1.09701400
1.11520710
1.33539900
1.01318510
1.43282850
1.31034490
1.40992980
1.05796860
1.50839630
1.56665370
1.55585190
0.99358002
1.36627820
1.27670610
1.27607080
1.23711800
1.05976410
1.17946830
1.15975690
1.22298390
1.03422680
1.09327440
1.32291700
1.17862750
0.84408431
0.85775801
1.19696130
1.31670070
1.42510080
1.19056520
1.34683390
1.08793240
0.96156879
1.06358030
1.30304860
1.33900660
1.13717100
1.36397540
1.25271080
1.34269570
1.12608530
1.01489620
1.10473400
1.11450170
0.73108801
1.05894780
1.00325960
1.03982870
1.09693590
1.16114970
1.09737400
1.37119840
1.29124070
1.27764320
1.23023220
1.30055790
0.90762742
1.27677420
1.30686590
1.43075460
1.56668090
1.29331300
1.07938810
1.03280900
1.06720530
1.14156930
1.18017140
1.37460630
0.83754144
1.15690840
1.35387290
1.41751310
1.09393910
1.21615190
1.23926050
1.40851710
0.96597550
1.22247570
1.15137310
1.37338520
1.27695550
1.29425030
1.39107210
1.64467120
1.66050160
1.43093720
1.48012230
1.57099750
1.01154280
1.42013200
1.16391200
1.25004680
0.97686942
1.39166820
1.42710470
1.28380890
1.40110370
1.26777910
1.67685580
1.20854590
1.25110600
1.26808810
1.10923490
1.23128520
1.13675080
1.26745900
1.17387350
1.37568470
0.83494766
1.21736390
0.96916317
1.11272730
1.01935230
1.19913040
0.98674194
1.17943010
1.41607470
1.23548640
1.00335620
1.43455830
1.06443120
0.98044894
1.55731040
1.30785490
1.22937810
1.27440060
1.27146370
1.12451680
1.49157460
0.98987739
1.36518870
1.10767490
1.23803670
1.29303470
0.99939074
1.17701760
1.07494790
1.33367470
1.22809080
1.10997850
1.36025440
1.33527700
1.35964870
1.21835990
1.56009320
1.35379850
1.67169320
0.91593987
1.06062700
1.05107710
1.24701440
1.26500510
1.38543440
1.35743410
1.36323260
1.30278320
1.11606270
1.24457860
0.99873197
1.12990890
1.53775990
1.40690430
1.62531520
1.15430010
1.65484430
1.50367570
1.59081630
0.87893905
0.90739276
0.89154225
1.06306130
1.42855490
1.37155190
1.06646070
1.14303180
1.34818410
1.24454190
1.34401820
1.17099210
1.30343170
1.15945230
1.10343340
1.02331410
1.01857650
1.17310370
1.23275660
1.10093220
1.07220640
1.11089440
0.97632898
1.33457970
1.13978930
1.11344410
1.23276770
1.15797330
1.16086920
1.19108080
1.57903190
1.51745980
1.40503520
1.70848950
0.92958214
1.11674230
1.23822520
1.16214730
1.33271780
1.08019470
1.53091410
0.92385479
1.30436550
1.27980240
1.14581030
1.40167070
1.42119420
1.07779900
1.12506820
1.25356770
1.54312140
1.64391550
1.29267020
1.42087660
1.55841240
1.62344560
1.10957590
1.57111410
1.36026730
0.64839712
1.02100780
1.15802750
1.04299380
1.15405680
1.16473750
1.23208630
1.02050990
0.89055185
0.99028153
1.22267820
1.20842910
1.32519400
0.79136692
1.09761030
1.01744110
1.19291930
1.05599230
1.11199110
1.16048690
1.08588010
1.07187070
1.24510020
1.11506590
1.30123350
1.55786000
1.33532090
1.02192470
1.13427310
1.45511140
1.42571580
1.24683790
1.35161400
1.34816710
1.38996800
1.70876340
1.29338350
1.41883590
1.10323510
0.90922437
1.19933930
0.96087341
0.98938894
1.33580360
1.32180220
1.20573550
1.12727040
1.14752830
1.03623010
1.35126480
1.07483140
1.28651250
1.14817680
1.06055680
1.41931130
1.28442750
1.19485740
1.17314050
1.36147200
0.98921218
1.01287390
1.22246660
1.09548810
1.23893890
1.53779900
1.27522710
1.40146450
1.42812220
1.55489700
1.38080300
1.47778470
1.09901620
1.11608960
1.30052260
1.39456370
1.43245710
1.39549900
1.22879540
1.18869410
1.40372250
1.18991770
1.36539670
1.24195730
1.52576230
1.56299420
1.28620000
1.29020510
1.56720020
1.38927720
0.72360802
0.80069737
0.96149729
0.98448173
1.26678540
1.12545190
1.08695740
1.51857750
1.45288970
0.97920251
0.92690558
0.98972713
1.13020190
1.07385170
1.39047550
1.50631970
1.05152840
1.17322730
1.28264440
1.15235450
1.23607170
1.09257720
1.23011730
1.51349420
1.37821060
1.37695530
1.14527340
1.52963340
1.43073480
1.14607780
1.37567520
1.41079130
1.48382860
1.20804500
1.07309370
1.35476170
1.26758860
1.17379370
1.18270330
1.03207240
1.11773960
1.08710550
0.96615478
1.01970160
1.03224990
1.09704440
1.03553540
1.16462110
1.22805420
1.20019560
1.30444860
1.52232060
1.37926130
1.44999090
1.37512630
1.62146770
1.44722000
1.42176420
1.48892760
1.52315180
0.76586104
0.95372765
0.90025028
1.15713600
1.43358430
1.40320770
1.35177950
1.16997530
1.16755960
1.39764950
0.95179564
1.02079040
1.28453190
1.14819430
1.03552420
1.19455370
1.23800870
1.01832540
1.03782290
1.21311350
1.06398910
1.24594630
1.29632750
1.31593020
1.35143600
1.35881840
1.21586090
1.18102000
1.24553150
1.26194570
1.26083010
1.49330810
1.51809500
1.06466810
1.07271560
0.97472072
1.12615780
1.26454210
1.06578870
1.25950940
1.18075370
1.20368900
1.21947010
1.19674920
1.20353140
1.22466320
1.48988260
1.23021340
1.34405950
1.31232010
1.38138930
1.40912990
1.56828820
1.05881470
1.00396460
1.27419950
1.29073850
0.95763235
1.31772010
1.20483170
1.27776980
1.13638120
1.38396080
1.33005890
1.33660340
1.03965890
1.35504390
1.27675700
1.02947180
0.83569614
1.13161220
1.14896060
1.12850780
1.12828880
1.28856550
1.18674630
1.26366040
1.20544020
1.38278860
1.33552970
1.20999050
1.52376900
1.30727390
1.37185720
1.48157370
1.51387630
1.26338580
1.08178770
1.33531090
1.38799500
1.44626260
1.48833420
1.75525810
1.46166270
0.90895724
1.01058780
0.86318945
1.02313360
1.33278340
1.35561500
1.20753440
1.26034480
0.84177429
0.96381130
1.22227040
1.01548530
1.04898710
1.20045010
1.21753720
1.19855190
1.39366590
1.33867960
1.10684010
1.48077550
1.43391660
1.66172130
1.22274320
1.18986030
1.11908290
1.36938940
1.09205660
1.08937470
1.08178080
1.24163670
1.27903230
1.46720530
0.83796537
0.85867260
1.20542170
1.32701900
1.29712200
1.24164890
1.30074960
1.56020820
1.28259880
1.26682610
1.54682710
1.07567140
1.09719270
0.84169632
1.31914180
1.23108270
1.22968970
1.28183840
1.35662620
1.25991490
1.23689200
1.36565950
1.28160050
1.09369010
1.51965020
1.36689090
1.37894290
1.13842860
1.27350760
1.25637060
1.21736780
1.26278300
1.33035390
1.36232780
0.98195812
1.36556550
1.25051640
1.15508690
1.18229420
1.06736460
1.23911930
1.21469320
1.42264640
1.29321460
1.09889980
1.22556450
1.23692730
1.33278640
0.86912745
1.01518290
1.03604350
0.92819808
1.07980110
1.27072120
1.13186580
0.97815533
1.14554040
1.41655710
1.33075280
1.24055070
1.15829610
1.27056340
1.23220170
0.89090741
1.14289110
1.01275280
1.10054830
1.15901190
1.05499060
1.17859260
1.18919350
0.96326866
0.98893781
1.33547320
1.05961260
1.21064210
1.11154270
1.44201550
1.50271460
1.12274540
1.05214620
1.40404270
1.29568330
1.36664530
0.75968631
0.81030727
1.30245780
1.18152700
1.25403030
1.44580860
1.42922650
1.23837810
1.17625520
1.25326530
1.37051910
1.14248980
1.19824490
1.27830340
1.40780200
1.14259900
1.09528900
1.36671680
1.09213170
1.51415100
1.16357030
1.48422520
1.69672370
1.64398190
1.65276660
0.93886443
1.01653170
1.40778070
1.24374680
1.65367230
1.44482780
1.42295050
1.62503940
0.91486337
0.84295358
0.96193215
1.06838490
1.11103200
1.38177360
1.35855850
1.29416010
1.25188680
1.29132320
1.22614030
1.21434870
1.26728180
1.33072630
1.33467980
1.15418420
0.95252205
1.13978410
1.26598930
1.22915680
1.24041790
1.08253250
1.10413400
1.09878740
1.08508960
1.11272780
1.05778650
1.35177320
0.96929468
1.17857850
1.06453990
1.41082240
1.59572440
1.28609660
1.37554110
1.11732700
1.32753030
1.14121230
1.18864270
1.45432480
1.41473090
1.39251910
1.30594960
1.45207630
1.17189870
1.33100000
1.15273160
1.10592210
1.09605610
1.22304520
1.02241590
1.19971860
1.14020130
1.18237720
1.12378440
1.27475910
1.36033880
0.99577467
1.18489780
1.27145150
1.28067240
1.26753070
1.26790180
1.26396740
1.26817390
1.29381700
1.39132920
1.56945930
1.77325390
1.16477020
1.14225250
1.12154660
1.21756450
1.16864480
1.35709810
1.15518330
1.07218350
1.10302630
1.12195710
1.33911650
1.12719180
1.16743460
1.09683360
1.02147650
1.02899200
1.34993280
1.31368520
1.20353160
0.78646268
0.79942437
1.17222200
1.16458920
1.44899790
1.43164770
1.48988200
1.51893340
1.15836310
1.18579090
1.22607090
1.34596480
1.42708760
1.12797490
1.47671690
1.58321410
1.38416720
1.32551340
1.01605340
1.16980650
1.01818330
1.17806160
1.22252100
1.24213580
1.22897800
1.35699330
1.19841560
1.19472820
1.30858720
1.23711190
1.33128670
1.34967500
1.32639440
1.40629650
1.46731150
1.68748960
0.91191907
1.29922430
1.58127240
1.22694090
1.36005810
1.34012270
0.95742752
0.89618985
1.15603990
0.92786361
1.04818360
1.15242900
1.17317610
1.31464440
1.04854070
1.30603370
1.32129470
1.43988760
1.54491310
1.67939910
1.54136030
1.00780230
1.17423180
0.90424015
1.18972940
1.11874340
0.91383807
1.39629770
1.17396100
1.34684470
1.32068960
1.24410810
1.32973310
1.20041460
1.46427000
1.50142280
1.29710930
1.35988400
1.24937610
1.09645900
1.42246480
1.42533730
1.59780310
0.88744018
0.82668848
0.75169896
1.19334250
1.12530630
1.02438730
1.46560920
1.19610260
1.43657410
1.32996650
1.67893120
1.26382420
1.41916340
1.31601360
1.12820370
1.58056060
1.24018080
1.29145200
1.46842540
1.78369720
1.38255860
0.89072683
0.96888690
1.09048090
1.02137270
1.12746800
1.15419290
1.25551600
1.17476890
1.40367200
1.44478060
1.41014530
1.46846120
1.26595200
1.57772180
1.64627330
1.71948180
1.13802600
1.49409690
1.32515780
1.30499870
1.42795040
1.40458110
1.47628730
1.04020430
0.98087943
1.15164790
1.24555380
1.34114430
1.38892530
1.37496230
1.57000120
1.53178190
1.13179270
1.10919030
1.32899140
1.21186220
1.39992320
1.49556090
1.42287440
1.60256930
1.37996610
1.37553790
1.80962620
1.41457930
1.47015780
1.12881400
1.00727330
1.15430720
1.27088550
1.25084570
1.53835720
1.35585910
1.37752020
1.36763560
1.40379520
1.35988380
1.10835930
1.18119860
1.16226690
1.22040170
1.13731830
1.24969280
1.53052330
1.53741130
1.35722280
1.12675060
1.18061120
1.07763070
1.12741250
1.30580420
1.13496470
0.97153233
1.13005420
1.12252040
1.11215750
1.18846100
1.23481510
1.20145110
1.20167410
1.12119120
1.13345630
1.22682230
1.13113090
1.16480330
0.90568516
1.11694070
1.09409160
1.24074500
1.33534370
1.18955820
1.34630940
1.45995250
0.97234956
1.08430660
1.27293700
1.08074850
1.52197060
1.12539920
0.92807081
1.24170180
1.03097910
1.20239730
1.03137960
1.09974160
1.17165170
1.04103080
1.12432430
1.25544830
1.29552380
1.22780640
1.18722950
1.42156470
1.22308060
1.39180630
1.40367230
1.53390840
1.49391030
1.36685450
1.83628860
1.48152670
1.91191340
1.92663350
1.26862130
0.92085565
1.21088290
1.24308190
1.24739760
1.31131370
1.23786480
1.20716020
1.15522670
1.25590330
1.17262000
1.14725140
1.54624970
1.38100590
1.29390540
1.46295270
1.37311680
1.16657950
1.03311240
1.03507210
1.03640280
1.30065290
1.47053090
1.32898120
1.27846480
1.48352850
1.65890660
0.94356230
0.91778196
0.90852590
1.05714380
1.20344230
1.27417360
0.95491960
1.22705760
1.12750860
1.31302890
1.31296990
1.15792520
1.24651250
1.03842820
1.06593070
1.34705820
1.18337060
1.35377370
1.13278680
1.25016450
0.94727444
1.01270350
1.25438850
0.79509269
0.90309575
1.20100030
1.11550660
1.31419020
1.22324990
1.17656220
1.16087760
1.32828180
1.33774450
1.26002450
1.32020600
1.11703840
1.16339440
0.94388583
1.42162160
1.45483350
1.09864570
0.96439987
0.70984099
1.04563330
1.13121780
1.11830570
1.04566820
1.26855350
1.04017050
1.12601830
1.13040760
1.41585010
1.34690790
1.54003840
1.05942890
0.99680235
1.30627210
1.14000110
1.37006740
1.18795240
1.40271720
1.44721530
1.09198890
1.00973550
1.33623140
1.07630420
1.31019820
1.07087740
1.39261640
1.16141490
0.99039553
0.95848631
0.96356709
1.16709370
1.40543960
1.45130260
1.49630190
1.47903800
1.44683370
1.57150820
1.42599790
1.15711270
1.26374970
1.34914800
1.28101110
1.36912450
1.19215590
1.30801550
1.07893140
1.04935960
1.04712630
1.01353480
1.08659960
1.13678830
1.27405740
1.09282190
1.06327000
1.30847010
1.14777630
1.37308870
1.45035090
1.40102730
1.56547900
1.55072020
1.62057340
1.21047590
1.33851780
1.18488060
1.22620080
1.26963420
1.29141720
0.95440959
1.17018110
0.88241183
1.25402300
1.30397120
1.21612490
1.12797330
0.80459253
1.10320920
1.19741970
1.28823660
1.44483630
1.08062120
1.35348490
1.50514220
1.28212250
1.02577970
1.04607980
1.25083070
1.35057660
1.33540690
1.22989310
1.23642090
1.31665520
1.04976090
1.33760770
1.40171610
1.49100260
1.40301670
0.99578968
1.24767390
1.33797520
1.27857430
1.00399690
1.19050090
1.06051500
1.36971960
1.32578600
1.40702350
1.35453160
1.38580810
1.40983260
1.50973100
1.33272870
1.24705790
1.06179550
1.20637760
1.11974490
0.91470238
1.19167410
1.34977520
1.10857670
1.12756340
1.45010900
1.32847310
1.48726460
1.34820030
0.94263647
1.04011570
0.96148737
1.03544860
1.30827240
0.98646844
1.02125210
1.03486450
1.18478540
1.10028570
0.96279634
1.23398840
1.13485770
1.30935570
0.93617898
1.18404660
1.12633320
1.17104810
1.17744480
1.44775190
1.11928230
1.37142490
1.48050280
1.25290800
1.43476790
1.50230340
1.54381250
1.21697770
1.38996890
1.18095060
1.13300730
0.89138543
0.83848869
1.06511240
1.39185490
1.22294210
1.21095340
1.52385230
1.11492370
1.42850730
1.46462090
1.29683260
1.07278000
1.12323700
1.02635850
1.06947510
1.01989820
1.41234380
1.19697300
1.18832050
1.46142310
1.40112850
1.42830770
1.39402180
1.33082240
1.47091880
1.56629240
1.22637650
1.37097240
1.62203200
0.84908329
1.01373170
0.91189019
0.95476785
0.94694491
1.07532310
1.26381410
1.35895470
1.43464770
1.44475930
1.66402700
1.26389710
1.12668320
1.22578150
1.14951930
1.16181000
1.19030400
1.06533610
1.18343330
1.00250730
1.11098590
1.16926750
0.90992164
1.09620210
1.28555540
1.21023720
1.27973870
1.38681880
1.17764790
1.12449770
1.57781350
1.57900660
1.30603110
1.31828960
1.35880870
1.16893660
1.19403700
1.22883650
1.30783090
0.99045260
0.91118139
1.06458980
1.25910370
1.37354620
1.36200620
1.35238570
1.38769840
1.31597010
1.19939820
1.28096660
1.27086150
1.26630340
1.13896340
1.23866760
1.14372090
1.18212070
1.11799470
1.19454310
0.90353916
1.13846510
0.91692807
1.22102260
1.48427320
1.10311660
1.38077280
1.50213300
1.32568420
1.37429420
1.74338400
1.43805340
1.24288140
0.97205758
1.54430700
1.27214980
1.36054670
0.89484431
1.09386830
1.11904310
0.89659322
0.86675965
0.90883496
1.12215240
1.16421970
1.04683490
1.17088640
1.49499160
1.50087800
0.81490879
1.16789470
1.04069820
1.07959570
1.11398970
1.09138690
1.16857060
1.34722970
1.42721360
1.21794300
1.24447070
1.04974820
1.02908970
0.91700903
1.08933760
1.17578860
1.15045790
1.14911120
1.01869450
1.06221260
1.39813490
1.23578750
1.35189660
1.36776140
1.32123080
1.40026500
1.63236960
1.10597530
1.03071430
1.25351120
1.11043110
1.46579830
0.99344498
1.13335810
1.01215870
1.09738850
1.30043950
1.51145980
1.47971080
1.34519770
1.72600280
1.38485710
1.47180210
1.04661680
1.11881070
1.08220330
1.19161930
1.24567650
1.41821930
1.36968140
1.43732890
1.33887400
1.53267020
1.11263960
1.26640860
1.17730870
1.32466120
1.10256340
1.32167330
1.32512810
0.66815853
1.14987180
1.02347990
1.11729390
1.14687920
1.04784940
1.14473180
1.04548580
1.11597830
1.21805020
1.09003180
1.40873650
1.15599860
1.50702490
1.19743750
1.20755520
1.18944790
0.96985983
1.17128450
1.14006250
1.10881820
1.29483680
1.31880100
1.35091810
1.20704430
1.30726010
1.37250590
1.39734640
1.35252950
1.23475820
1.39155110
1.38043970
1.14815550
1.04475630
0.97804994
0.96641268
1.00761080
0.95780030
0.90409255
0.93352718
1.07676480
1.04391900
1.28881460
1.26276010
1.41163390
1.34571590
1.30609720
1.40096390
1.43370380
1.34990620
1.29612300
0.99160617
1.13244510
1.39296500
1.28636910
1.62957590
1.01835350
0.84106249
1.12832640
1.15906400
1.12131250
0.91542126
1.27967180
1.02141170
0.88560574
1.01166950
1.07392790
1.29892220
1.01306350
1.16825330
1.11278830
1.33469910
1.26370170
1.01253340
1.37025820
1.18054900
1.07171820
0.96228216
0.96341252
0.97148535
1.16705450
1.09237590
1.14370780
1.20852890
1.23419080
0.90400769
1.17514170
1.09769030
0.92630329
0.99043875
1.46625840
1.38523170
1.37258040
1.41532940
1.24676530
1.34895620
1.08793950
1.56815540
1.27218480
1.00382360
1.29255350
1.27791950
1.39215890
1.02523810
1.25766360
1.22309590
1.28029780
1.31307560
1.55983700
1.00646160
0.98104921
1.01626780
1.31954200
1.30190850
1.28306050
1.17416570
1.21929650
1.11847800
1.16957830
1.25736470
1.01813980
1.58497100
1.27423960
1.32207590
1.45415920
1.50556080
1.42411670
1.17682570
1.15071900
1.27750540
1.70518960
1.47069460
1.45553780
1.05490100
1.11283350
1.04588540
1.37131960
0.73814817
0.95439565
1.13489930
1.15537210
1.36799250
1.43661790
1.50097320
1.52867290
1.52209650
1.48079120
1.37098660
1.60571810
1.55050740
1.59349110
1.32364720
1.55799570
1.52685440
1.00665300
1.11844060
1.04500870
0.97490234
1.10435980
1.06734850
1.01855520
1.28889780
1.39886030
1.44983380
1.35944070
1.49818750
1.66053040
1.43637400
1.48759410
1.13921340
1.15492920
1.28995340
1.16722040
1.06629940
1.00908330
1.04165590
1.09781570
1.34884350
1.15746090
1.05371600
1.30540330
0.96083937
0.88488232
0.95213064
0.87200679
1.14913660
1.46508410
1.21933740
1.12170100
1.10836630
1.41045830
1.53665500
1.12839110
1.20005370
0.96661346
1.04673040
1.02179200
1.25850210
1.23925090
1.15063700
1.11542910
1.32471990
1.22879410
1.37155780
1.38836080
1.72796230
0.57115074
0.84418641
0.94547332
0.99062691
1.10523910
1.17906600
1.09796420
1.14251260
1.14358080
1.30945260
1.21322680
1.12900310
1.08189700
1.28426450
1.17803440
1.32186770
1.33542490
1.61775090
0.89932622
1.35002210
1.20272760
1.21276810
1.29397680
1.27852300
1.24143510
1.40372060
1.46424550
1.35358850
1.39895800
1.31866000
1.42371160
1.13540340
1.18849580
1.26810610
1.15094330
1.16986490
0.74709220
1.03086010
1.01021410
1.26588550
1.19734420
1.26644110
1.21735410
1.23863050
1.41987730
1.00322660
0.92517159
0.95968554
0.89456218
1.41309480
1.52041370
1.40431300
1.54856040
1.19234110
1.43024560
1.27462680
1.04893970
1.20615190
1.15234280
1.37774450
0.85150633
0.88866141
1.24734930
1.22163460
1.02820650
1.14952780
1.52889480
1.40263590
1.13042330
1.18944850
1.12588630
1.47412710
1.07909000
1.19914460
1.29842090
1.45906700
1.14052250
1.29149750
1.13091610
1.21127830
1.28237430
0.88288445
1.11838300
1.15107380
1.41158570
1.48184060
1.71999370
1.65058060
1.52847950
1.40521930
1.53808810
1.60492920
1.39349410
1.16856470
1.28895900
1.40551900
1.12377810
1.11102880
1.42643410
0.86588990
1.32184260
1.04755400
1.22907220
1.17589540
1.20284000
1.25320700
1.27395240
1.37181900
1.11788970
1.06936590
1.07868790
1.29056410
1.34185810
1.50153770
1.22035790
1.14247210
0.94539376
1.23115220
1.22626960
1.17395170
1.23349720
0.90445256
1.03959250
1.17895070
1.21271550
1.19612070
1.09753730
1.12858380
1.04370430
1.02308720
1.14490580
1.26524040
1.20151210
1.24495940
1.24275880
1.45845290
1.42662580
1.40975300
1.33026100
1.28273540
1.25459690
1.31268180
1.28615050
1.27726930
0.87351431
0.96969163
1.07633500
1.28346990
1.38137520
1.45557000
1.24144100
1.24304960
1.36367820
1.36335670
1.09006460
1.17068930
1.19144970
1.35543180
1.29984000
1.36278680
1.19362120
1.07190640
1.06914410
1.07787470
1.06992370
1.10923560
0.89192050
1.07864910
0.94476110
1.17118750
1.27172380
1.46949750
1.32539770
1.37791220
0.78897612
0.96655467
0.97623970
1.14230770
1.30653840
1.42406120
1.32549820
1.51285880
1.07330130
1.29648150
1.34365720
1.29750810
1.26753000
1.11845850
1.14104030
1.15322310
1.50573160
0.97782749
1.02767650
0.97778195
0.96016538
0.90415312
1.05090070
1.26642880
1.09782500
1.37858560
1.27418120
1.22500410
1.37097750
1.46922330
1.38358350
1.28012380
1.58023070
1.54981800
1.56375290
1.12705860
0.97325418
1.04697960
1.42335430
1.37108870
0.95762979
1.05082020
1.29557290
1.08468900
1.07664520
1.26679440
1.27789690
1.20016840
1.24916720
1.61945120
1.78952790
1.08957510
1.10903640
0.98197022
1.05767090
1.14529630
1.14481720
1.03033830
1.41693780
0.89311060
1.21034950
0.98828432
1.20198440
1.16858340
1.24023970
1.28328850
1.32699670
1.17170600
1.40909500
1.29439650
1.32086570
1.01616910
0.95630513
1.41065710
1.20366870
1.25157550
1.22608420
1.35758880
1.36163640
1.13296890
1.06238940
1.34947860
1.27842220
1.15984740
1.02419070
1.22700940
1.07139360
1.17516150
1.17387100
1.18203370
1.01566300
1.22486170
1.28696080
1.13097450
1.19299270
0.97317077
1.14147820
1.17961880
1.06095040
0.84630544
1.36146300
1.12668970
1.14874040
1.42046770
1.32187320
1.19339340
1.38260660
1.34302100
1.16040370
0.92210462
0.92824743
0.94598944
1.23614790
1.23046870
1.31979600
1.33013140
1.26488360
1.61016170
1.12400370
0.94826266
1.27543540
1.14187430
1.13569900
1.23636980
1.37491790
1.40972110
1.32128780
1.30969370
1.08730020
1.38447660
1.46735930
1.40241650
1.59544670
1.05592360
1.15517000
1.10024120
1.08017550
1.18428370
1.01106420
1.52006310
1.29639980
1.34034600
1.21389550
1.28959220
1.05497370
1.07280130
1.17007360
1.25678620
1.33819730
1.32347830
1.14831520
1.41556460
1.58304060
1.30707030
1.18731500
1.24142860
1.54221970
1.26292650
1.55097190
1.34760530
0.74062470
1.13898750
0.98841322
0.88134273
1.00072320
1.10531370
1.23476920
1.09142680
1.06100840
1.06730570
1.23168990
1.02543420
1.02322600
1.17464510
1.15797290
1.01702680
1.29780690
1.19019960
1.22482970
1.29895330
1.10029930
1.33757710
1.17727800
1.13608600
1.05925520
1.39299750
0.94022314
1.21567500
1.05918550
1.00608280
1.06454840
0.97811209
1.06207720
1.22208340
1.06151140
1.36454060
1.31548030
1.38375000
1.29670750
1.32354900
1.30318240
1.55656060
0.87040345
1.16081350
1.13892540
1.15689600
1.10140360
0.95208079
1.24167370
1.30185850
1.38185190
1.31975970
1.63623790
1.54429580
1.52646660
1.11847050
0.98516048
0.92424154
1.22252210
0.81384229
0.97719538
0.88140487
1.23599680
1.18088180
1.23294600
1.35974250
1.40711460
1.15630210
1.21535080
1.39813980
1.20269920
1.41252670
1.38045930
0.97590049
1.29730440
0.90290430
1.01293910
1.38450750
1.29666520
1.10010120
1.25340850
1.44704120
1.29182310
0.98927037
1.08356630
0.91647841
0.82773219
1.43016530
1.58573740
1.52529720
1.74637290
1.66489970
1.59109550
1.46134980
1.67869230
1.22690600
1.19733790
0.97266378
1.10499330
1.14496710
0.92224625
1.44611570
1.31617430
1.08317960
0.98513070
1.09651220
1.06992690
0.98409605
1.10468860
1.05186490
1.13738940
1.23655880
1.11786940
1.35280750
1.30051390
1.17107880
1.34359510
1.16314270
1.05948510
1.13677960
1.49201550
1.25145870
1.39632340
1.02919340
1.20809160
1.31801240
1.17624080
1.17337710
1.12613960
1.08274290
0.81952855
0.95842823
0.95216335
1.38772420
1.36881380
1.25515970
1.28828340
1.27473930
1.29378690
1.29164110
1.62169200
1.26614120
1.10855730
1.56921030
1.28372870
1.08491670
0.84291638
1.37726710
1.10962700
1.28948380
1.03792190
1.02849510
0.93863573
0.99293380
1.25643840
1.20842910
1.31780390
1.20676120
1.12816130
1.16816130
1.14343240
1.08970610
1.26471360
1.23894210
0.97237279
1.21042410
1.22762790
1.29473220
1.08451750
1.38663920
1.51823520
1.23240110
1.12855970
1.40395930
1.19062100
1.24905780
1.51439730
1.42271340
1.23027640
1.49223520
0.79525549
0.81289198
0.90382002
1.13213800
1.17010130
1.19012230
1.00416980
1.24677330
1.14534740
1.00112670
1.08969770
1.36380940
1.19618580
1.18595390
1.33934360
1.34915710
1.24151390
1.69645270
1.06163000
1.16778650
1.18680310
1.18492560
1.25820040
1.43569820
1.29230170
1.29863480
0.90698288
0.99072958
0.98935416
1.20023470
0.91529142
1.22614040
1.28681460
1.14582800
1.15143000
1.22015610
1.43440810
1.28893000
1.51445780
1.30686790
1.37598560
1.40663390
1.18125840
1.51186900
1.38222090
1.43301990
1.37309570
1.08176410
1.35605530
1.61442730
1.32693090
1.32065850
1.70706570
1.46142930
1.61056070
1.46786630
1.52070140
1.15936990
1.49674040
1.45050650
1.36021990
1.31269820
1.31773430
1.26368250
1.35234520
1.38163860
1.33754790
1.66864720
1.45888580
1.25197600
1.13089240
1.25082170
1.03618720
1.14113040
0.80661333
1.07813500
1.11490130
1.27486420
1.14533610
1.21621800
1.25494930
1.03210460
1.06165350
1.13407100
0.91456179
0.98426150
1.33049160
1.08941110
1.04945510
1.08245990
1.11629500
1.23526620
1.50146600
1.24966270
1.01545790
1.57792140
1.07602570
1.27321390
1.37900850
1.19432220
1.04226890
1.11525080
1.25352980
1.09437960
1.24900800
1.16275060
1.11371760
1.05866080
1.08845860
1.34965740
1.35845580
1.38051550
0.84212944
1.01303000
0.86096418
1.14807720
1.19534460
1.15394440
1.17631650
1.43689070
0.92185389
1.17807700
1.11969660
1.08712320
1.22689790
1.24108190
1.52437500
1.34585980
1.27396450
1.26449030
1.30562170
1.31007710
1.49790070
1.23546190
1.35265830
1.56565840
1.54347480
1.35431940
1.37558860
1.05373150
1.17161880
1.02584530
1.26995590
1.10483870
1.05969570
1.20646950
1.23532610
1.15091830
1.12860860
1.23713160
1.22286180
1.05084560
1.22762640
1.27670950
1.30558600
1.13391610
1.34124750
1.08973470
0.97473477
1.00122360
0.98710119
1.05470900
1.03410670
0.99459873
1.00234470
1.02630090
0.91008810
0.90264223
1.17504950
1.39250750
0.89147860
1.37016210
1.32660230
1.22749200
1.08890880
1.06724980
1.10228680
1.17927960
1.56700270
1.64178960
1.74717530
1.31436480
1.61125940
1.41759450
1.52887560
1.16960960
1.13053810
1.38037430
1.20355130
1.32169600
1.63405410
1.19648060
1.25406370
1.30523440
1.02601610
1.08206140
1.08424790
1.20795360
1.23080930
1.27357490
1.37124950
1.26945790
1.22050360
1.25280010
1.30661340
1.42492490
0.97019745
1.31210040
1.13887400
1.76032210
1.19230850
1.14080780
1.25504860
1.43793610
0.82967048
1.14617850
1.02751060
1.35714270
1.27610160
1.32954380
1.18656190
1.46323620
0.87805880
0.95182515
0.99175204
1.32892520
1.08859650
1.13812770
1.42988400
1.48807410
0.85020977
1.14205930
1.08252450
1.02673780
1.07931170
1.14697050
1.10193500
1.42922930
1.12244850
1.33716420
1.18398270
1.26749310
1.36520360
1.08678910
1.04496230
0.97395804
1.32584520
1.17539600
1.23146810
1.18119660
1.15441730
1.36547000
1.04107490
1.12461580
1.07495310
1.24782310
1.23855510
1.07538910
1.18720920
1.36265670
1.08500980
1.31398830
1.26135140
1.25956020
1.36386180
1.04276010
1.16705850
1.04615280
1.17539960
1.45282350
1.35165420
1.40923180
1.10720560
1.32915350
0.94491693
0.98495171
1.13970530
1.26758960
1.14070230
1.05545930
1.13059870
1.10126770
1.42724040
1.37713520
0.94969278
0.70562061
1.01971670
1.04588060
0.93760804
1.28336060
1.38441890
1.13401630
1.06227390
1.28432330
1.36580800
1.27882630
1.41591610
1.38003440
1.39653250
1.18344410
1.41351730
1.54371880
1.41258190
1.58415060
1.57872900
1.17254880
1.23022260
1.34116070
1.33007520
1.24289250
1.12758730
1.17812280
1.20004630
1.45549780
1.15938360
1.31074120
1.56031890
1.32762040
1.50096680
1.11757770
1.11853970
1.17239190
1.14642050
1.18366670
1.32609210
1.33077170
1.20852630
1.26063800
1.11690740
1.56960260
1.30211420
1.11962850
1.05210880
1.37607720
1.38195670
1.26005530
0.98128041
1.25665190
1.41244230
1.07806680
1.14180910
1.25867240
1.07355180
1.11444610
1.28880800
1.35082400
1.37207110
1.51957070
1.26898340
1.02582570
1.29689590
1.21693850
1.14924490
1.17997430
1.29961680
1.20138640
1.40168680
1.52505930
1.28155100
1.40669160
1.62915780
1.01372840
1.18638280
1.09092000
1.21809790
1.43699700
0.84824720
1.07397890
1.35028220
1.29262050
1.02912990
1.56672370
1.24081950
1.35141260
1.38106060
1.03376530
1.05503610
1.05511260
1.43574970
1.24410680
1.30347880
1.40339310
1.13916850
1.52859940
1.37616300
1.24766460
1.01023020
1.23304450
1.26543190
1.17316580
1.30316030
1.20943540
1.06094110
1.29820410
0.91178290
1.11382100
1.01809830
1.33936180
0.82350313
1.18941910
1.31747890
1.24841700
1.39276410
1.01615420
1.05407840
1.15006120
0.92935850
1.21502070
1.13336330
1.12142410
0.89499743
1.24409800
1.08148020
0.77707514
1.29089650
1.03222580
1.22288690
1.32445310
1.25694660
1.34636290
1.41133690
1.49241460
1.20697200
1.27942730
1.22075850
1.31057840
1.26734750
1.32557610
1.25178360
1.31675670
1.56408730
1.44300450
1.44643870
1.00680530
1.05986060
1.00945280
1.15068090
1.01699850
1.20963250
1.20109320
1.43577430
1.00809030
1.01575910
1.12363940
1.19102490
1.18863410
1.15502140
1.24763550
1.14321830
0.87220659
1.33294540
1.37558940
1.21842140
0.99332043
1.22338960
0.96336363
1.06053800
1.15227580
0.97494179
1.28323120
1.05380740
1.12673980
1.31094520
1.10795770
1.32842970
1.51585610
1.53139530
1.12820580
1.35361640
1.09211890
1.15483970
1.04325090
1.22300510
1.44618460
1.21514780
1.19051690
1.19482370
1.16402410
1.18684450
1.24449480
1.31236020
1.42651980
1.11477130
1.09985400
1.26602040
1.27431910
0.93882402
1.12491990
1.13683170
1.10071130
0.94125554
1.16097340
0.91994595
1.06594450
1.08361800
1.11560190
1.14619710
1.26824710
1.11560150
1.45948060
1.07469050
1.26156740
0.76936256
1.29519550
1.12907040
1.45946350
1.00188960
0.99852184
1.26527660
1.19351590
1.11016430
1.18494040
1.37681020
1.34716290
1.19365320
1.44422020
1.29872500
1.40415410
1.32892370
1.33055070
1.52868080
1.45577100
1.35558240
1.03732540
1.20478750
1.29263210
1.32466530
1.44170300
1.41650670
1.55336860
1.11507220
1.15795930
1.29255920
1.41965380
1.27970850
1.50090330
1.35605210
1.38378380
1.26422000
0.99198465
1.21557610
1.17071170
1.11724390
1.08710830
1.10611480
0.95784613
1.18344460
0.96808408
1.25983060
1.08129550
1.31809050
1.02165820
1.13605610
1.17143300
1.33214590
1.10702790
1.15817410
0.92950031
1.25769100
1.22090440
1.35711830
1.32215350
1.22226750
1.29927950
1.53832890
1.36948960
1.23100940
1.20504910
1.40045430
1.16026030
1.26846890
1.23038190
1.41180550
1.51294600
1.42076600
1.20621370
1.25370590
0.95146414
1.08048970
1.04974830
1.06314550
1.21978400
1.19998720
1.15588850
1.35471340
1.68998250
1.41001230
0.89772054
0.86172515
1.29395770
1.15299530
1.14442950
1.29524050
1.13919770
0.98282161
1.10731240
1.01082540
1.21118010
1.31881790
1.57473680
1.54258420
1.30371830
1.32530940
1.48998120
1.74631860
1.35778710
1.16392530
1.03894670
0.96134457
1.11627440
1.47478640
1.12949720
1.38412770
1.50989720
1.21144350
1.61833930
1.59458020
1.48038420
1.16037520
1.11341330
1.18051700
1.30755640
1.13220850
1.27263400
1.04312160
1.19569990
1.10027180
0.96991676
1.27571100
0.83174121
1.07434860
1.24221750
1.24148740
1.17996620
1.22762040
1.45158700
1.11995050
1.36185640
1.14594640
1.33686690
1.36920480
1.41710940
1.56290810
1.11003970
1.33814870
1.40840660
1.48423670
1.11007530
1.06377230
1.04637410
1.14569890
1.13641290
1.34009480
1.14928160
1.31414100
1.29710530
1.12858940
1.09975410
1.35496880
1.39545010
1.37751360
1.50865010
1.64554280
1.63411700
1.53196790
1.43212660
1.24725740
1.13545810
1.39027870
1.12078050
1.31555150
1.33477250
1.25150480
1.30274750
1.36588630
1.51606400
1.32570700
1.19786360
1.17973250
1.34910120
1.39192040
1.10054690
1.19971430
1.33314940
1.38121940
0.91586726
0.98382318
1.07250740
1.28115920
1.33101360
1.37305240
1.31302050
1.04833300
1.10859910
1.04792300
1.23636440
0.98982406
1.15386560
1.03384690
1.23071380
1.12988540
1.51463870
1.44708970
1.24301970
1.55441420
1.24567390
1.42277690
1.31906980
1.39409570
1.38177110
1.53666280
1.53879700
1.54453700
1.78055820
1.14127450
1.45517870
1.44393230
1.27432560
1.52308600
0.94151766
1.13771400
1.10956520
1.18539020
1.19408210
1.21213780
1.28904530
1.02513290
1.31909270
1.16879650
1.16199350
1.24188600
1.15636660
1.39867590
0.85728226
1.04505640
1.20774840
1.41207360
1.35515630
1.20757600
0.98769722
1.07445780
1.21437410
0.97541876
1.20742560
1.14081200
1.13788460
1.16489000
1.19208080
1.11540210
0.87780369
1.10047750
1.13145470
0.81074904
1.06665130
1.17590130
1.38964310
1.11554010
1.20015840
1.30194650
1.07799550
0.87222581
0.93605321
1.18200340
1.18997550
1.06270500
1.21618300
1.18284550
1.19501540
1.23207720
1.23441090
1.19332240
1.16735070
1.35331800
1.47857050
1.37933290
1.48177350
1.54823230
1.70866490
1.32791910
1.58010100
1.09644770
1.30128880
1.14636930
1.04629480
1.05916910
0.91025274
1.08582500
1.00020990
1.28233190
1.23071570
1.10428470
1.27601690
1.45137170
1.08013080
1.36671070
1.15064050
1.35865440
1.49554150
1.12164600
1.14003320
1.35417150
1.40074210
1.23147640
1.31503820
1.29699820
1.28608250
1.50988750
1.50348910
1.22655470
1.46824230
1.49950390
1.40694850
1.63059730
1.59583470
1.24999570
1.58747600
1.31936050
1.54754490
1.69095130
1.79579320
1.22802920
1.18338590
1.42431470
1.24937040
0.94811803
1.07263800
1.07681700
1.04547250
0.96040820
1.11299750
1.05584880
0.91046521
1.21047460
1.29561600
1.00038750
1.03843990
1.29079510
1.21566770
1.18909060
1.10760060
0.93241926
1.00885740
1.15168510
1.13673750
1.36919750
1.34216700
1.32598290
1.11423160
0.84510578
1.18341570
1.19193050
1.05449280
1.28941120
1.11132020
1.22628330
1.48996730
0.86313549
1.03372320
1.11206090
1.14824490
1.19907060
1.39840930
1.10205050
1.30919590
1.18116810
1.31881110
1.10433580
1.18511440
0.99783089
1.11505980
1.06743830
1.12790620
0.96404708
1.05967240
1.15478030
1.20262110
1.39126940
1.26125970
1.48896390
1.11701830
1.28846020
1.10948010
1.01178120
0.92216209
0.80945897
1.17942000
1.17987020
1.11734740
1.21228830
0.81649631
1.21605820
1.33259040
1.08839080
1.27892240
1.37559160
1.47750660
1.25288320
1.68938840
1.37489170
1.68465740
0.97584224
1.11603250
1.22541650
1.11862790
1.06378260
1.13625320
1.28622960
1.20949730
1.53520330
1.38420780
1.07347950
1.28109310
1.22505690
1.31095890
1.43666950
1.50201050
1.55329700
1.37951890
1.45336040
1.27917750
1.30234980
0.87519726
0.88114725
0.78625286
0.77714555
0.84558087
1.48554000
1.24794490
1.38230820
1.42509190
1.42635880
1.36366310
1.35294630
1.24795770
1.26432980
0.95011416
1.30862650
1.29825960
1.20008550
1.24450890
1.07281070
1.29933920
1.40440210
1.39263450
0.90186163
0.61786842
0.90849739
1.29387160
1.35876990
1.00795900
1.08875530
1.20501110
1.47059940
1.15187720
1.12619000
1.21036310
1.29070560
1.41227960
0.83090045
1.07766490
0.81473866
0.85753007
1.29767730
1.22257940
1.14894360
1.30280560
1.37245040
1.46472880
1.57414980
1.32598760
1.29833680
1.47195430
1.45117440
1.38636390
1.37401670
1.35570310
1.44242700
0.73726091
0.94386485
1.15706000
0.88704490
0.90714379
1.31256950
1.17863580
1.20097820
1.14869570
1.08821010
1.10342900
1.08568750
1.31775920
0.93030275
0.95389272
1.19439930
0.91822047
1.11947610
1.06330200
0.99538185
0.92717119
1.16272860
1.39326610
1.22625530
1.41123330
1.49971160
1.43991880
1.33878180
1.28944290
1.24415930
1.38196950
1.45422490
1.41460020
1.53699250
0.90451813
1.10563350
1.17453030
1.20479900
1.24875900
1.43890410
1.25166500
1.13279100
1.09502030
1.06036830
1.20667250
1.30068900
1.48406590
1.25383060
1.35263880
1.31301530
1.22379370
1.25198520
1.17043060
0.99289470
1.03420270
1.18842140
1.28885220
1.41576110
1.17704580
1.52814880
1.29714010
1.15231860
1.19876150
1.24511910
1.15174850
1.09236300
0.97808123
0.97247542
1.47992680
1.16331160
0.92773472
1.17521570
1.31080580
1.09258280
1.38416830
1.56723480
1.13438680
1.12336510
1.29218420
1.36448650
1.17312400
1.49782630
1.05904570
0.89548299
0.95538171
1.02803760
1.12121120
1.20725470
1.06374260
1.21325420
1.22405900
1.30612920
1.26168230
1.18989500
1.18382810
1.36972370
1.31810210
1.29348940
1.02164150
1.49573930
1.30778630
1.47417540
1.31395660
1.62962520
1.26194820
1.39731290
1.63847910
1.24804800
1.54381670
1.61603600
1.59853270
0.96320950
0.85122638
1.17403790
1.26349570
1.13703030
1.18863250
1.07783600
1.20416290
1.23059240
1.03510410
1.20827770
1.18115410
1.09220020
1.14690750
1.17043590
1.21199750
1.25677520
1.13986290
1.45964310
1.17908740
1.39741040
1.29438510
1.31123160
1.40820590
1.43950700
1.34180520
1.30702160
1.20021050
1.22590490
1.25544160
1.18312720
1.25959030
1.56323740
1.43872530
1.39172210
0.85440695
0.85696589
1.17664530
1.17969620
1.29004940
1.19332140
1.08465390
1.24705420
1.32690140
1.47780530
0.95314456
1.20447400
1.13396700
1.32611300
1.02023910
1.23808810
1.11316220
1.17040960
1.35191180
1.27707910
1.40393580
1.41619620
1.07187700
1.02601650
1.17479740
1.43997920
1.01421350
1.02640040
1.05606430
1.33196040
1.24022500
1.17618660
1.20291220
1.22657680
1.46662150
1.42550650
1.26201330
1.09323490
1.15539420
1.44011960
1.25383610
1.12866940
0.94323877
1.16992700
1.29263980
1.21477620
1.33981950
1.21040940
1.27777020
1.03631800
1.10986700
1.27518330
1.54036250
1.51514050
1.36530110
1.16464890
1.34920280
1.55321220
1.39506680
1.56793200
1.53131720
1.63650350
1.44064320
1.32073660
1.41260190
1.48793330
1.35016490
1.33419040
0.98038007
1.03181470
0.91620643
0.96544403
1.31717560
1.23275000
1.25484280
0.91994377
0.94171764
1.08068220
1.09225850
1.21527670
1.34031330
1.15833550
1.27553040
1.41592240
1.33857010
1.27660160
1.06816760
1.11624370
1.12865670
0.93981854
1.40460050
1.05361240
1.39550670
1.31784500
1.37765890
1.39415920
1.08922860
1.47814170
1.04465920
1.23484000
1.21281750
0.89580717
1.02721570
0.99876690
0.91224699
1.23783600
1.27913760
1.27023960
1.33309190
1.25893260
1.29973700
1.55380810
1.30180250
1.24813080
1.21309980
0.98648727
1.00618720
1.00977400
1.11009340
0.87589395
1.35274030
1.28932360
1.54292430
1.10487680
0.88918557
1.31417480
1.27770070
1.20705120
1.31978060
1.32432270
1.23400560
1.14200570
1.50342350
1.39083730
1.09773800
0.94326038
1.13554870
0.97265030
1.31364220
0.98578626
0.89617005
1.03305570
1.09478010
0.95264546
1.01919580
1.08286260
1.42459860
1.38508370
1.52832760
1.20840200
1.34840090
1.53128180
1.50911400
1.31963800
1.15910840
1.33022730
1.16257030
1.20695220
1.10581730
0.93160486
0.86808797
0.91989873
1.23056770
1.02197180
1.01546550
1.18739970
1.22245270
1.41290700
1.40765870
1.50181620
1.59894270
1.58857510
1.52811500
1.69285400
1.08492740
1.33894570
1.32707750
1.16744980
1.24548750
1.49912670
0.66765001
1.03502680
1.03278120
0.95490814
1.09458430
1.34266660
1.18306430
1.23266270
1.03788410
0.92225291
0.92536577
1.14789080
1.35462190
1.36022890
1.42011350
1.64164580
1.58307180
1.19611940
1.31950860
1.12341190
1.04917260
0.99013926
1.01032980
1.03385460
1.01537330
1.14571370
1.21889770
1.14630750
1.35491520
1.26767440
1.32495990
1.21632450
1.04157850
1.14446410
1.16358810
1.09625250
0.95446354
1.46851820
1.17248340
1.42631070
1.22605780
1.43650390
1.26759640
1.50163200
1.41538660
1.66467570
1.11122460
1.44119530
1.31795630
1.21134590
1.25554010
1.45547660
0.90199177
1.01772580
1.04176500
1.11301720
1.28279480
1.10681710
1.35751730
1.10853010
1.10031360
1.32708670
1.28892500
1.51915620
1.05796050
1.11432870
1.27199510
1.36584720
1.23844000
0.89828379
1.34796990
1.22455820
1.34050410
1.25089790
0.99237553
1.15537770
1.12742520
1.17008510
1.44540590
1.12788220
0.96154446
1.07781320
1.15368740
1.34030890
1.20943100
1.00046330
1.07341260
1.27418480
1.05891820
1.06704630
1.03094890
1.10813720
1.37275990
0.80279499
1.27293110
1.08935510
1.24836250
1.23114710
1.04332770
1.23222550
1.27794440
1.27950530
0.91197795
1.01287010
1.23443950
1.22237470
1.47237090
1.19848940
0.94869401
0.93961850
0.97761262
1.16494220
0.93268376
1.01917600
1.24555100
1.14124410
1.01828010
1.21166180
1.06744600
1.49781870
1.46719560
0.86469683
0.89670730
1.29028310
1.14114720
1.62835420
1.21760310
1.47053650
1.77941470
1.34256900
1.23648200
0.88543451
1.10374130
1.03042060
1.07309410
1.04927320
1.28612130
1.41120130
1.25130570
1.44250830
1.41218720
1.60816040
1.01474320
1.14589170
1.09860050
1.17178230
1.66355350
1.40667470
0.79183068
1.15620420
0.97155595
1.05889930
1.08969360
0.89327201
1.35039310
1.07838820
1.13711260
1.13544000
1.34743090
1.29476580
1.50884880
1.02807710
1.59338590
1.27472330
1.74071180
1.28754990
0.99327483
1.24167440
1.02704530
1.00095770
1.28462460
1.42362200
1.21138840
1.25982040
0.97129071
0.99806176
1.06973290
1.34641450
1.26739340
1.09744110
1.25793720
1.43649720
1.38801940
1.12731240
1.33943880
1.39357400
1.59475620
1.63703870
1.20210880
0.97020946
1.12864070
1.42050630
1.46749140
0.90379925
0.90450145
0.81141090
1.07460490
0.98930871
1.31145350
1.04320740
1.48332910
1.24879300
1.42765680
1.38254910
1.66251000
1.40660430
0.99264159
1.19651980
1.18475300
1.15811170
1.36691240
0.99560067
1.27056150
1.06618580
1.27474900
1.16476030
1.22340600
1.16846790
1.23090800
1.35679550
1.35039830
1.24195590
1.41702630
1.06194200
0.91101850
1.05843390
0.92216261
1.06018390
1.14095030
1.12047120
1.27639490
1.17681610
1.06873160
0.84946970
1.02501350
1.08841040
0.74823378
1.10642950
1.02116400
1.19497090
1.01227740
1.08801100
1.04975420
1.19632880
0.94034865
1.24255730
1.59699450
1.24419920
1.18694850
1.34977910
1.53776240
1.36832110
1.10596040
0.88502557
1.12541420
1.23279860
1.09153520
1.33671050
1.05478590
1.05852200
0.92902784
0.87012123
1.20721970
1.02451060
1.27726650
1.33609730
1.23751450
1.23346840
1.21917390
1.16292900
0.92715037
1.00621580
0.97393879
1.12356680
1.16381980
0.93020866
0.97670435
1.32852230
1.21982580
1.13857710
1.15523230
1.26101380
1.22313050
1.22683680
1.17757930
1.22419820
1.18681700
1.30198670
1.03424540
1.05801140
1.01466210
0.77406630
0.81426696
0.87885898
1.08886080
0.94858753
1.06743070
1.31727650
1.37368890
1.28644820
1.23674160
1.28184650
1.22204530
0.84258064
0.88704832
0.94198626
1.07937930
0.77406061
0.80275667
1.04237750
0.94877556
0.89528101
1.23922320
1.21936360
1.36746280
1.35299480
1.21462730
1.22103150
1.06536160
1.39271580
1.47879990
0.88938020
0.94940399
1.24516890
1.10978990
1.02061720
1.02109560
1.04859020
1.35654630
1.16228800
1.29005990
1.11183910
0.97002924
1.12881280
1.40351020
1.31137840
1.32445930
1.33705530
1.32621650
1.35865520
0.90201693
0.91670504
0.99020748
1.07797240
0.78171230
0.98143741
0.96365574
0.96706378
1.16365760
