1.64239290
1.47117810
1.32149750
1.47281560
1.48537370
1.16084280
1.34620360
0.86573084
0.76344022
1.02224090
0.83302242
0.81946468
1.08193690
1.30279210
1.66145120
1.57142490
1.24989530
1.51302290
1.17859860
1.30562850
1.39441580
1.55658950
1.38047930
1.47753040
1.49674830
1.39654740
1.20917510
0.73171859
0.89671372
1.07851150
0.90666675
0.73157744
0.99841755
0.97969483
1.48213590
1.31679490
1.28357900
1.61785080
1.67171770
1.57154930
1.66719460
1.57353790
1.05985560
1.25491610
1.27292180
1.50598760
1.32638920
1.24904760
1.45846350
1.16680730
1.46120760
1.38175420
1.21770090
1.36325190
1.19291570
1.36798420
1.20642760
0.73359656
1.05391060
1.00589700
1.01658910
1.00286130
1.09640050
1.27586980
1.34795760
1.12051850
1.50873440
1.52199630
1.62845090
1.10755100
1.38939100
1.56340370
1.16602340
1.26702320
1.32334470
1.05143500
1.41034590
1.07391340
1.30468610
1.35943240
1.34385640
1.26352690
1.25404240
1.61516420
1.68093730
1.40014470
1.63845330
1.38298570
1.56132360
1.53988490
1.08936930
1.23884890
0.70953265
0.89929416
0.91563546
1.05467270
1.43642580
1.35040770
1.21055620
1.26453420
1.33922770
1.35230320
1.26952720
1.27690910
1.38787640
1.50058860
0.91437664
1.31047550
1.06469840
1.17864700
1.23082220
1.06268370
0.93112582
1.10994060
0.91976437
1.23642120
1.18456860
1.32281790
0.99337774
1.34704830
1.42856510
1.28199300
1.50903880
1.17996540
1.67003550
1.51959440
1.29239770
1.49240600
1.49861660
1.28524760
1.41258160
1.26335840
1.27491850
1.27672950
0.87334035
0.92783180
0.98568370
1.01960210
1.33607500
1.24470380
1.15110040
1.45233470
1.43080850
1.42236130
1.34674460
1.47367130
1.59140460
1.23471370
1.89999330
1.60706180
1.24001040
1.29610470
1.21041730
1.33533670
1.38755550
1.64324730
1.36201630
1.02575970
1.27188400
1.29017090
1.20855260
1.32166740
1.17333070
1.43051850
1.38186360
1.26467600
1.26703090
1.36273800
1.43712100
1.18174730
0.98942556
1.23666530
1.33682140
1.47796350
1.34322160
1.15975940
0.93579411
1.21966620
1.30791250
1.10828940
1.46660780
1.52506800
0.95470101
1.25420200
1.09522720
1.13275000
1.13003840
1.43272230
1.05324730
1.37400870
1.25108320
1.08846230
1.08601080
1.11926740
1.26155790
1.16121930
1.22816110
1.02003320
1.06304730
1.38429530
0.95486540
1.04158160
1.26487310
1.41178230
1.06561170
1.12297740
0.98547415
0.93820248
0.94040095
1.08500520
1.07008580
1.22644180
1.06561790
1.37936850
1.18723490
1.29101610
1.32724470
1.10832260
0.95487800
1.20627820
1.07286410
1.18403230
1.30091550
1.20613330
1.07520200
1.14231550
1.23629190
1.09657750
1.27900850
1.11685230
1.11091160
1.10122070
1.21106080
0.98447740
1.10677050
1.34567370
1.35065990
1.30218370
1.38548550
1.27804160
0.81524881
0.93783207
1.30086230
1.25018990
1.09650830
1.46199270
1.17589570
1.12286350
1.19978040
1.19730390
1.30904290
1.35377100
1.07384440
1.11539030
1.15541060
1.17700020
1.27331430
1.00785690
1.32208580
1.18346740
1.28789420
1.13455480
1.43933520
1.24980320
1.29739980
1.01639380
1.28109740
1.20950480
1.04279940
1.38286010
1.24947160
1.37891200
1.13925730
1.28864470
1.50367360
1.63050130
1.58066830
1.19931100
1.21948030
1.20228170
1.28166220
1.57475060
1.19036300
1.27673340
1.20060600
1.50823220
1.40320360
1.45359980
1.31747900
1.24621720
1.20930020
1.24256980
1.27875480
1.18495730
0.86879971
0.98723518
1.05732820
0.95924680
1.29380140
1.02836940
1.21099910
1.23694230
1.20576510
1.06392500
1.07636210
1.01963140
0.94496530
0.92373765
0.89354156
1.42200920
1.29972660
1.31284540
1.60688170
1.76340550
1.40700300
1.45864640
1.45264880
1.45792260
1.64204790
1.74010800
1.36569280
1.25338230
1.13613990
1.41937900
1.24212730
1.24199730
1.07179130
1.42263050
1.17108860
1.02058490
1.19911580
1.54981270
1.06625270
1.26385260
1.13802940
1.12243080
1.24897030
1.43777380
1.35625670
1.31663690
1.10267680
1.09851850
1.24628710
1.30376310
1.32488180
1.45939050
1.21373310
1.25971220
1.46843910
1.58369530
1.33374540
0.69969692
0.92344786
1.06181360
1.11425290
0.99234067
0.99605765
1.10003860
1.17476180
1.33099950
1.00694920
1.15210560
1.11550260
1.16596180
1.21852880
1.16354640
1.00266500
1.06286180
1.24132280
1.09917190
1.42282970
1.42317350
0.95764150
0.96916754
1.11164720
0.99941982
1.15388220
1.16183510
1.05362810
1.03431530
1.09280790
1.08117950
1.18153820
1.01147640
1.15014320
1.12344830
1.09500760
1.01944980
1.30690310
1.33217440
1.43447250
1.21301370
1.27852040
1.18768790
1.24565400
1.47859710
1.35650950
1.17257220
1.37003970
1.18341020
1.49201470
1.18856980
1.26279400
1.45554730
1.05019510
1.14750470
1.30413080
0.99425722
1.18443690
1.04948180
1.11287010
1.58089400
1.26434700
1.38473910
1.35606150
1.56121830
1.27030710
1.28169310
1.20230500
1.30429860
1.37837190
1.09753540
1.33780030
0.97217024
1.27536400
1.43470420
1.12853080
1.16119130
1.34473980
1.39741550
1.19869920
1.01315750
1.03925440
0.88892857
1.15228490
1.15276030
1.05460760
1.15690930
1.26581480
1.15864170
1.26454580
1.12597310
1.30807300
1.07173910
0.89842206
0.80230954
1.23758990
1.23485190
1.27216730
1.11698090
1.31725080
1.04261980
1.28139820
1.40144510
1.15313200
1.16770510
1.09533940
1.21839880
1.16980190
1.03564580
1.04219640
1.32142850
1.10372710
1.27738200
1.01278550
0.96453269
1.15794160
1.54048400
0.76267409
0.88358150
1.24046550
1.17358580
1.10065550
1.12951110
0.81620030
1.32757380
1.15338480
1.26848120
1.27232830
1.14255560
1.19825880
1.38064550
1.51261240
1.40702740
1.48940320
1.30659660
1.64435480
1.82460590
1.28250370
1.48745590
1.58155720
1.26074350
0.90389796
1.41254860
1.33278340
1.21092590
1.33605280
1.50336530
0.88484712
1.14046100
0.98781181
1.20434990
1.11006360
1.20894910
1.07701400
1.10207430
1.15637010
1.01034950
1.13663320
1.27121680
1.05319600
1.11011400
1.23690310
1.16344950
1.18143130
1.15840270
1.18466550
1.27398940
1.07580070
1.25028250
1.34759960
0.83034071
1.00210950
1.03275930
0.98248083
1.05534880
1.28328580
1.24328380
1.15942320
1.34877720
1.48966610
1.04008640
1.53558470
1.51783040
1.28943660
1.01442610
1.15232330
0.93479705
0.83737798
0.98030609
1.15491420
1.05285280
1.32390160
1.34054670
1.02939410
1.45752800
1.28517980
1.24140400
1.07199930
1.21302640
1.65635500
1.55280950
0.96993533
1.47612410
1.00032330
0.98172325
1.00689050
1.16536910
1.24005610
1.34413570
1.24547460
1.31570200
1.47298340
1.43886920
1.57787570
1.37232440
1.34618820
1.11445010
1.29109790
1.23601550
1.11511450
1.40103640
0.92383600
0.88241250
1.21900670
1.01928860
1.24460410
1.47637300
1.22785440
1.29345570
1.38683870
1.26122470
1.34080520
1.21143400
1.21192190
1.36669290
1.24878230
1.47135610
1.14880580
1.47291010
1.38425260
1.35779470
1.54128210
1.50927250
1.36032620
1.48663860
1.53515480
1.72067370
1.78949650
0.90341360
1.11808230
1.10106960
1.45786370
1.14404920
1.30282310
0.97717870
1.04277560
0.97176714
1.20427970
1.27419660
0.90717628
1.35164600
0.87207379
1.08056610
0.92709724
1.30121780
1.55287420
1.49157930
1.03774710
0.77509481
1.25202670
1.28972300
1.14386660
1.23267660
1.49245220
1.36900730
1.44938560
1.59570630
1.09292480
1.11388910
1.07592150
1.32931310
1.30630020
1.24519980
1.23513070
1.20003620
1.47656990
1.16705620
1.07518240
1.05871920
1.02832080
0.72410441
1.09885870
1.03001610
1.12254590
1.08742840
1.12175570
1.14546530
1.26944360
1.24137670
1.27806280
1.32535900
1.53634590
1.03891590
1.22241970
0.95216112
1.27785460
1.13246170
0.95658532
1.34736970
1.26093550
1.24062050
1.51193980
1.39557240
1.30984200
1.49178950
1.22421800
1.21647830
1.43081160
1.55099240
1.63802240
1.07384980
1.07140940
1.40101810
0.87984842
1.00367940
1.37058550
1.27117550
1.09254930
1.11810750
1.09519430
1.35660370
1.30882550
1.50486710
1.29650320
1.31687750
1.33943610
1.25256260
1.24467630
1.31097380
1.46690110
1.41351720
1.38529410
1.10270920
1.24739320
1.31529590
1.39120500
1.22919390
1.20431480
1.47207500
0.92680670
0.86064345
1.02344980
1.01912050
0.99090990
1.25417480
1.31966390
1.12611180
0.91275983
1.03454670
1.17870100
1.08882740
1.24846350
1.11741560
1.20945120
1.06513060
0.92694852
0.86404608
1.21382510
1.27366650
0.85144706
0.97840143
1.04933690
1.10654760
0.93555519
1.03913440
0.95313103
1.16518830
1.20629630
1.19632170
1.06617820
1.03201070
1.13743850
1.28368720
1.28476010
1.53832670
1.54613130
1.31524710
1.41944220
1.15827570
1.25290220
1.38360610
1.12098270
1.28731000
1.45957430
1.47437630
1.49509180
1.28943110
1.25482370
1.54054460
1.32203080
1.27229000
1.02125880
0.94197000
0.76961302
0.99603808
1.06417260
1.32527930
1.22006500
1.03984400
1.12199410
1.31399010
1.29296390
1.39552320
1.29748740
1.29585320
1.57926800
1.25817110
1.33595490
1.20436000
1.07755630
1.45603090
1.57242240
1.50625030
1.35563710
1.21060280
1.10519370
1.40718010
1.11558240
1.40149180
1.58005870
1.29236640
1.50757240
1.29000430
1.19653710
1.21795690
1.49721720
1.27601330
1.49943820
1.21068590
1.49607060
0.95166740
0.94633487
0.99268603
1.21492630
1.21097430
1.35951350
1.43261230
1.48533460
1.31844080
1.46114630
1.27879480
1.44683490
1.07562370
1.00486110
1.07600080
1.01087390
1.25677560
1.26504740
1.31970960
1.04702150
1.20276440
1.21609630
1.28661810
1.41885740
1.48272110
1.04790730
1.31239640
1.42607340
1.41876100
1.26339790
1.42792740
1.40667910
1.01239970
1.09004700
1.17288250
1.46373920
1.23580040
1.10750830
1.15104380
0.93833570
1.06195820
0.98413349
1.05615510
1.15147820
0.98479397
1.08914810
1.45693320
1.34156570
1.31223060
1.04616500
1.36514900
1.18283030
1.21296070
1.08583890
1.19963180
0.96925913
1.25921070
1.38636930
1.14759900
1.34445700
1.14649420
1.41764300
1.39392500
1.28742580
1.38081610
1.08836960
1.25664100
1.37535740
1.28664970
1.42974770
1.46147730
1.42960200
1.61076990
1.50270880
1.66261890
1.85925250
1.09334280
1.11765480
1.14711760
1.13067220
1.15827580
1.58229090
1.66771450
1.36828500
1.32509110
1.50792170
1.33003970
0.68961110
1.03200430
1.12911670
1.04028810
1.15205610
1.11681410
1.36979620
1.34417110
1.02493470
1.28084040
1.16655780
0.97317730
1.14385540
1.23498490
1.13964910
1.02768580
1.20406020
0.90614935
0.91731753
0.83695945
0.94569941
1.09382020
1.04542710
0.97402260
1.05724110
1.06323060
1.19918990
1.05705910
1.20266920
1.04085520
1.03402870
1.15613040
1.11766300
1.13399350
1.40353360
1.26049650
1.22333790
1.20982320
1.23662520
1.01503400
1.28587290
1.16095020
1.39847470
1.49272360
1.39259690
1.31966720
1.33894590
1.58127040
1.30854670
1.30715230
1.37856390
1.48284380
0.94377047
1.17504300
1.16788420
1.14434470
1.20040540
1.28493840
1.36663340
0.90385140
1.13562090
1.01813810
1.11118860
1.03416670
1.35753820
1.10500620
1.11736730
1.22905070
1.07565240
1.31822520
1.41739620
1.36919470
1.40170960
1.24100640
1.29572690
1.21761240
1.27132940
1.16318280
1.44005040
1.40206590
1.10294280
1.39094880
1.40490130
1.42876040
1.40977180
1.40664920
1.51609690
1.45719840
1.59595190
1.52507400
0.97652593
0.93209940
0.89099957
1.12401400
1.23351280
0.85443830
1.06535060
1.28124410
1.19892650
1.24757210
1.16922330
1.02002910
1.08942130
1.09887570
1.27071510
1.20649210
1.03328630
1.29236990
1.16104530
1.13094840
1.46040140
1.40891560
0.99076622
1.20193630
1.12071030
1.11521140
1.06165050
1.23844830
0.98901499
1.18014940
1.24194930
1.16162620
1.14042560
1.28961400
1.20722140
1.39997190
1.11503790
1.34340790
1.02751200
1.36371240
1.25648160
1.43860750
1.47339950
1.29012830
1.36439360
1.43442510
1.15786380
1.20013780
1.31801980
1.27194600
1.14713840
1.06080370
1.45782750
1.54200900
1.30051980
1.54862230
1.51314780
1.34673550
1.21530250
1.21594540
1.40102390
1.41616540
1.21037090
1.08310960
1.25724090
1.08577890
1.25503140
1.63837840
1.53947990
1.29749060
1.26036180
1.26858400
1.15892130
1.46924730
1.36864380
1.02661130
1.04293210
1.24122010
1.03070730
1.16730510
1.33072400
0.93854030
1.23107030
1.23300930
1.23850100
1.08252340
1.08548450
1.27166120
1.07658890
1.31184190
1.46350030
1.60411350
0.94274068
1.25875070
1.33779360
1.41822220
1.50929720
1.52108150
1.62368100
1.39752420
1.67618010
0.99914753
1.14535690
1.08808080
1.13335760
1.15435670
1.17294720
1.28894370
1.19446610
1.38119940
1.44383250
1.45818800
1.53546430
1.67310710
1.67146210
0.95572025
1.08143360
0.96735389
1.01553530
1.01986450
1.22352860
1.07085320
1.23637150
1.37307480
1.09377660
1.01397790
0.98034495
1.07091650
1.28277720
1.06987380
1.29806930
1.40795820
1.50639230
1.25783670
1.08394800
1.17538440
1.03175190
1.20045420
1.20129840
1.46607110
1.38152290
1.31492390
1.23695160
1.07804640
1.12583060
1.09504860
1.20581990
1.32537630
1.24894140
1.09963910
1.23733100
1.13653360
1.44182920
1.15910940
1.37335500
1.13284390
1.34719990
1.33906700
1.47633060
1.48366600
1.61754210
1.65886230
1.51910120
1.49340110
1.45695960
1.52646360
1.49966490
1.24462600
1.16856620
1.43875880
1.56432670
1.64778880
1.54170370
1.60758830
1.48531820
1.69271700
1.79223370
1.06133990
1.21389110
1.24199770
0.95404550
1.16004560
1.17003510
1.34586930
1.33734130
1.52795940
1.20203810
1.44457790
1.34581140
1.46154750
1.58690810
1.65750840
1.07028620
1.40176400
1.38871680
1.21973270
1.42793860
1.30148220
1.19437240
1.39856460
1.31424710
1.23414800
1.22988730
1.36357450
1.25212490
1.51484240
1.43901710
1.45804400
1.05581460
1.14699970
0.82788735
1.21782150
1.27793500
1.07578580
1.14315370
1.19357000
1.49138210
1.26541680
1.56043690
0.99455755
1.28130850
0.97197432
0.96133640
1.13063210
1.37319710
1.12856990
0.96084643
1.07845160
1.38432640
1.16002090
1.46561470
1.09404820
1.35857410
1.46166330
1.28130410
1.39356060
1.46266310
1.26523590
1.15085130
1.35574020
1.16313860
1.35421760
1.23269350
1.37745260
1.34636010
1.24641190
1.69657190
1.28082510
1.38345100
1.41917520
1.27508800
1.37553100
1.52612740
1.58292340
1.41689270
1.22121660
1.02252660
0.93349835
1.06933140
1.30889950
1.25728820
1.06081120
1.28082740
1.22807530
1.02549610
1.03411170
1.06611550
1.28126090
1.19604370
1.30655300
1.25700710
1.46645810
1.44354530
1.43371010
1.56274760
1.06147290
1.09870710
1.09314900
1.19059270
1.27916750
1.29320000
1.25166490
1.05400850
1.24060410
1.47283200
1.40613080
1.37196540
1.24750430
1.50028500
0.87349431
1.07924420
0.83251944
1.10608970
1.12860220
0.92362204
1.16202030
1.17921070
1.20815690
1.04322090
1.54428980
1.41535270
1.30449560
1.37598570
1.62860790
1.34994440
1.24995100
1.62526290
1.41158950
1.03183120
1.11105800
1.13384130
1.08946160
1.52984880
1.21130400
1.17594410
1.10903350
1.48416800
1.08092110
1.38026420
1.20062420
1.32424750
1.12065890
1.04090730
1.02940820
0.93849871
1.19386740
1.30447240
1.19800350
1.15762180
1.25623950
1.13696680
1.11743440
1.27733730
1.25532350
1.29189870
1.24795830
1.26843010
1.34818730
1.47940080
1.00346260
0.90945964
0.87759379
1.04891790
1.02168370
1.01532520
1.31885090
1.16025690
1.33809450
1.27093940
1.43824110
1.24045180
1.38766540
1.04385760
1.34485250
1.61043720
0.95264612
1.00224320
1.18319570
1.21044740
1.15061430
1.27019040
0.96925532
1.09419960
1.46509400
1.46766060
1.26318700
1.19408870
1.44022380
1.40058720
1.24577620
1.09032830
1.39584010
1.21480350
1.31735180
1.14230740
1.00846900
1.22665100
1.29877090
1.16306540
1.23127610
1.27068510
1.46815200
0.93992969
1.30709140
1.22712030
1.13430220
1.13697970
1.25484750
1.10606070
0.86714544
1.16579430
1.12640130
1.42771640
1.16740840
1.02847360
1.06886650
1.15699040
1.16421940
0.92455186
1.21881760
1.08692490
0.98745801
1.13297710
1.23340420
1.02825970
1.22339410
1.27647850
1.15717980
1.10586860
1.29463690
1.16956100
1.09060050
1.18993830
1.19749010
1.04863630
1.36954680
1.31529110
1.28582490
1.09940660
1.16161490
1.43462040
1.51566880
1.50024420
1.44560870
1.43326350
1.13030560
1.38939060
1.24552300
1.50567960
1.45801760
1.56736240
1.53756750
1.29039270
1.44919440
0.86745764
1.07857330
1.40731120
1.10505280
1.05182960
1.39293370
1.12411370
1.51280410
1.40321910
1.45188490
1.39840840
1.61489260
1.02979530
0.82999108
1.06201370
1.13148070
1.18082330
0.82597943
0.93690453
1.23605250
1.09705530
1.06303520
1.14716610
1.20913410
1.43125730
1.33514900
1.17534390
1.05110040
1.04859320
1.42551020
1.36324210
1.06041940
1.16162210
1.15100580
1.24129740
1.17411280
0.87094799
1.26679140
1.07976040
0.87964151
1.32679000
1.32071220
1.27573100
1.38086050
1.17654510
1.22964210
1.23726230
1.14541970
1.47716720
1.17061580
1.54094730
0.82257047
0.97649027
1.03752430
0.83496674
0.91852174
0.90547009
0.89932199
0.88375346
1.12419070
1.05992720
1.46974670
1.39343380
1.28023780
1.07540890
1.36603580
1.07676400
1.10175630
1.07869800
1.23394460
1.04861580
1.05451090
1.21596540
1.33844710
1.34266790
1.21095950
1.26428400
1.27198880
1.26498450
1.33371440
1.24532280
1.43392330
1.08615820
1.27388200
1.32481670
1.12855840
1.20559670
1.09049960
1.41645560
1.21500220
1.49909400
1.44886030
1.06010890
1.01835150
1.00129320
1.09564650
1.06593600
1.22305270
1.24761810
1.16062690
1.17768680
1.37246720
1.19209610
1.44673230
1.08572240
1.67905020
1.41261410
1.30709680
1.32780500
1.41783330
1.56885910
1.33043500
1.14068900
1.26306730
1.43613820
1.29369520
1.48050230
1.27938030
1.34004290
1.00608030
1.15063820
1.26737290
1.18327360
1.17937160
1.26641780
1.38738770
1.19644190
1.15664290
1.37285560
1.59322780
1.53243640
1.28424540
1.43136340
0.97714298
1.34905720
1.32228870
1.41762980
1.34364160
1.36795290
1.41995890
1.42612340
1.42583440
1.70192410
1.38826620
1.44591470
1.59878060
0.94769495
0.97990601
1.35373860
1.05975240
1.24338320
1.22498490
1.17730400
1.17015390
1.34110710
1.13108020
0.96424809
1.17787710
1.25808940
1.25156480
1.18772630
1.27600020
1.46323730
1.31976540
1.45536910
1.35490360
1.00796160
1.47257110
1.45927540
1.30563400
1.16173010
1.12956530
1.13122400
1.13927570
1.25103450
0.74173775
1.04683920
0.99335468
1.38674080
1.30553070
1.06792180
1.50931730
1.57026060
1.42394360
1.10257110
1.42180810
1.24012590
1.30157540
1.28152650
1.05507700
1.23615910
0.98348744
1.19882050
1.27879380
1.36418370
0.93051682
1.51272940
1.45129140
1.45252550
1.34737410
1.16469410
1.07199350
1.26350040
1.31894590
1.34696560
1.24930100
1.51250980
0.92783759
1.06109600
1.10943290
0.99521980
1.28474490
1.07683930
1.12083850
1.25041250
1.34289650
1.31402670
1.31579600
1.32074250
1.05658030
1.22105000
1.37070140
1.09516050
1.46456040
1.39371350
1.39605920
1.52728280
1.53092870
1.53740120
1.34205770
1.13792990
1.03494280
1.04428890
1.00897920
1.26440960
1.12346470
1.11296360
1.05066780
1.13161230
1.08870850
1.29593010
1.36370950
1.33735600
1.46321110
1.37430630
1.26560790
1.53160130
1.52412560
1.05216060
1.33026030
1.23554090
1.10011880
1.14316370
1.13005440
1.11431870
1.22655320
1.14600090
1.09518660
1.36422670
1.41501430
1.34400910
1.36481860
1.06019300
1.37554340
1.29656330
1.11210670
1.49740890
1.36192240
1.40432070
0.85082830
1.02544500
0.99231639
1.08011630
1.20652050
1.27909370
1.15964210
0.92876311
1.25481790
1.41441010
1.27952270
0.93960964
1.15414580
1.18013430
1.49581600
1.46422860
1.16904470
1.38837460
1.54092900
1.48181550
1.60931730
0.90323631
0.99044300
1.38220790
1.45855780
1.26872620
1.10356110
1.12110250
0.94346674
1.10831920
1.10956280
0.96452309
1.27492330
1.16370810
1.28939970
1.50591100
1.43834390
1.54835700
1.54199650
1.01510200
1.20815540
1.19032100
1.23202020
1.01853730
0.97696771
0.89812411
1.07188110
1.02807750
1.19294710
1.18267980
1.32168330
1.31504390
1.36404900
1.42091200
1.19033730
1.18666780
1.47441000
1.23429040
1.18763770
1.33824700
1.15507300
1.21878040
1.33284300
1.64947750
1.67895400
1.15055990
1.06484850
1.23115550
0.90015442
1.14934000
1.22595140
1.22575240
1.08482230
1.08921810
1.08799580
1.18464720
1.12338680
1.22803770
1.27492940
0.78122342
1.17603420
1.46855790
1.28201100
1.43813310
1.39660300
1.33882720
1.30385420
1.07431840
1.38876940
1.24988200
1.56025250
1.29737320
1.22220750
1.50456580
1.44448740
1.28639500
1.51575260
1.39293070
1.37622820
1.06172450
1.32725770
1.07715240
1.11991260
1.26214100
1.33101160
0.99697128
1.17241540
1.02017480
1.46029150
1.35725910
1.46661350
1.03714200
0.95065039
1.07783310
1.03679460
1.30670600
1.27734260
1.37281530
1.35557160
1.34373490
1.32889730
1.30210240
1.28650570
1.20440910
1.39137530
1.39701560
1.22130030
1.29056590
1.48635120
1.35591970
1.28600230
1.33486350
1.54604940
1.17010580
1.59778890
1.75405250
0.97432249
1.12634200
1.26469040
1.36482720
1.33893570
1.32515880
1.43900770
1.10664030
1.13508220
1.40602330
1.26087800
1.15313250
1.34558150
1.27837370
1.15896760
1.29713750
1.30247830
1.34150920
1.37458700
1.42644770
1.26200380
1.20064770
1.28466830
1.28004990
1.26150080
1.00589230
0.90424793
1.06138840
1.25048670
1.20577860
1.35810870
1.48180800
1.53446870
1.27945000
1.41980030
1.28533410
1.27175110
1.15739210
1.23051110
1.13414560
1.29022140
1.46013710
1.46685090
1.35290200
1.29912550
1.33314890
1.30001960
1.43749410
1.50686180
1.48565990
1.36119960
1.54749150
1.26155530
1.55654550
1.62014200
1.43795950
1.24201290
1.35800690
1.33880550
1.61278190
1.55302230
1.26906870
1.39803570
1.56260090
1.76499930
1.14409210
1.07926960
1.12093550
0.97146194
1.07504540
1.15683070
1.10445020
1.05468140
1.19063790
1.18928780
1.08883880
1.33583180
1.32308190
1.19933790
1.21474700
1.20506630
1.14279610
1.11767230
1.40805650
1.23442800
1.14347870
1.25390010
1.20818610
1.16894860
1.21983050
1.29456770
1.43863100
1.64489050
1.27056350
1.17864620
1.28871910
1.31140040
1.26260780
1.11237020
1.10711960
1.02873520
1.43330180
1.14205020
1.05980440
1.25982590
1.14435150
1.34589730
1.05188140
1.14092820
1.06375470
1.18902920
1.17836680
1.11492300
1.42471010
0.90509033
1.30881960
1.41449230
1.37415210
1.34246640
1.37197550
1.11792150
1.37211930
1.41543900
1.31064210
1.19811580
1.36536420
1.54159760
1.32046470
1.25111950
1.31633480
1.57059070
1.59637360
0.99829541
1.30823200
1.26043470
1.09100720
1.27885180
1.28385980
1.22187670
1.43994250
1.37268550
1.54871360
1.42522120
1.53189380
1.43458460
1.41874800
1.56108370
0.92926615
1.20758780
1.14740480
1.21349740
1.02989060
1.45193900
1.31453080
1.38662000
1.27773430
1.46325960
1.46041510
1.39085790
1.30241400
1.33573330
1.38177760
1.08151670
1.30079890
1.20773840
1.30510090
1.22882840
1.24544080
1.59475670
1.37624540
1.34617940
1.59092220
1.17215330
1.16347720
1.10047190
1.35967650
1.11732160
1.27067960
1.30817640
1.29790630
1.45743270
1.43128170
1.35074010
1.09291810
0.88891245
1.19227700
1.22445210
1.17245560
1.59044350
1.55381260
1.35055070
1.34288010
1.62191340
1.04443670
1.13520040
1.11798730
1.14322230
1.24842800
1.18010560
1.30339030
1.30370760
1.26964230
1.34091160
1.61263270
1.29308030
1.44297190
0.99478840
1.23837940
1.31338320
1.43817260
1.29671920
1.48089560
1.41428540
1.28600350
1.36037130
1.28916110
1.22053530
1.03483730
0.91310426
1.03643010
1.11680520
0.98956398
1.32998960
1.24633500
1.36611750
1.23316010
1.25943100
1.10074160
1.06813680
1.31084300
1.16460240
1.48859260
1.27277910
1.22635710
1.14735290
1.23086370
1.05858000
1.30867880
1.32082410
1.50904620
1.35681810
1.57083010
1.18478970
1.33271590
1.11832360
1.25965900
1.49765090
1.40002320
0.82346041
1.00537630
1.00769500
0.88356935
0.82689712
1.03494410
1.05412570
1.17932060
1.35458320
1.41713290
1.33487060
1.39644420
1.51265760
1.64221590
1.64718670
1.14023520
1.16889160
0.91773852
1.04527210
1.17079980
1.09875870
1.16547890
1.27689300
1.01810210
0.72062602
1.26360180
1.17456040
1.10854100
1.34820360
1.11693820
1.21376110
1.19879750
1.14520510
1.26125850
1.12521050
1.49530210
1.30078460
1.04298880
1.24537850
1.43449210
1.16597540
1.18400880
1.36004690
1.37126000
1.46577440
1.26875990
1.29899940
1.17699170
1.28247840
1.34485130
1.37913680
1.46081680
0.72145338
1.01682010
1.06910210
1.16906020
1.21165430
0.90752913
1.33005670
0.92049830
1.28742010
1.17911290
1.42223530
1.26555120
1.08606530
1.18051550
1.24067130
1.19865070
1.16426220
1.17018560
1.32680620
1.12584210
1.27686940
0.90937096
1.13948290
1.11745940
1.04538830
1.20196110
1.39778400
1.03584530
1.52515260
1.07101580
1.32050530
1.21871520
1.68254820
1.42245820
1.28235240
1.37273630
0.99115331
1.03318220
0.93835486
1.18257440
1.06855000
0.82832672
0.91886853
1.17380470
1.01762920
1.08382340
1.14103600
1.20540130
1.37200640
1.06038910
1.12165800
1.30848900
1.05967710
1.37090250
1.32184900
1.38779770
1.32449230
1.34991290
1.36231960
1.49832920
1.40860400
1.39915220
1.39787560
1.07831760
1.11392740
1.53896480
0.89785467
1.13969990
1.01503040
1.34064410
0.91612601
1.19286280
1.38881290
1.21574040
1.47307470
1.43904600
1.26827910
1.46824680
1.52915310
1.23558600
1.31232060
1.59200570
1.36858610
1.19451510
1.10128870
1.26102700
0.99060768
0.93763222
1.25689220
1.34852400
1.16121230
1.46317910
1.04848260
1.00904070
0.88674347
0.98269329
1.10967530
1.17902650
1.05382220
1.32130530
1.44395110
1.33711380
1.44027760
1.24300250
1.34173260
1.30941930
1.04153000
1.23816250
0.95907362
1.04235060
1.12502980
1.25690400
1.25238090
1.29716690
1.41188380
1.32198700
1.43445730
1.48060550
1.08688860
1.36262160
1.24353800
1.29487990
1.34181300
1.32933530
1.31625970
1.15494500
1.07705040
1.24724720
1.27243130
1.20801290
1.35095420
1.41429150
1.48823290
1.22293130
1.37682680
1.24506760
1.52493750
1.57635070
1.61637210
1.49040900
1.25866470
1.26860460
1.20309470
1.42311480
1.37171070
1.23751470
1.03687520
0.92612985
1.02648790
1.57086980
1.23195300
1.42938130
1.35904500
1.00913760
1.36079420
1.28625450
1.39710410
1.19194020
1.13282130
1.29025940
1.04535360
0.90957927
1.07472920
1.40400340
1.16881200
1.56718880
1.51652450
1.26407420
1.11552740
1.45091170
1.40761410
1.12799060
1.25431420
1.46558440
1.19869650
1.36805890
1.36931640
1.15174260
1.20768970
1.22926270
1.21536730
1.47302670
1.32290430
1.38312850
1.16520070
1.31005210
1.42485890
1.56402930
0.94850957
1.32890780
1.07762780
1.05641580
0.89446285
1.33471720
1.23090080
1.31426150
1.12086100
1.21067750
0.99401761
1.09903380
1.25333320
1.44879450
1.26512620
1.22919990
1.29313720
1.43485350
1.33945860
1.24471920
1.39633100
0.96213494
1.05081730
1.02884460
1.05908410
1.20001600
1.63591270
1.65810620
1.38370570
1.40149600
1.27675570
1.37751970
1.59492130
1.41614140
1.15647470
1.56168650
1.26988510
1.38260100
1.47918590
1.13098220
1.50327780
1.45522700
1.14355260
1.44800460
1.49198810
1.06192590
1.18553710
1.01968930
1.07008740
1.31074650
1.43112900
1.39172210
1.41383140
1.49822280
1.46728810
1.41966170
1.14117850
1.11175200
1.26655640
1.39396240
1.57154820
1.45644620
1.08282000
1.16886110
1.37756160
1.27976550
1.31056270
1.42675170
1.15750450
1.48193750
1.32768610
1.19471310
1.25967380
1.24404590
0.97210002
0.74293888
1.06645800
1.13977250
1.14658520
0.92643692
1.06953970
1.06831130
1.54908290
1.14002400
1.37809810
1.32809670
1.55089800
1.19714430
1.33052830
1.09481620
1.24717450
1.11049840
1.12727660
1.08448540
1.11937400
1.27395580
1.10547090
1.17202120
1.12904350
1.37149850
1.42347200
1.61608700
1.22110530
1.24307040
1.16173010
0.99001015
1.21172940
1.09384350
1.48436800
1.28305360
1.25715590
0.88224382
0.80922528
1.24178690
1.29444730
0.79138007
1.04935290
1.23117520
1.12767870
1.24484460
1.29126170
1.08013680
0.99538688
1.15456760
1.56383010
1.46572360
1.38779130
1.38244230
1.56118080
1.65523890
1.31408850
1.06610850
1.09837340
1.37564880
1.60926090
1.39291760
1.45370910
1.22704760
1.36827220
1.40557550
1.43867380
1.35149630
1.42613750
1.25202840
1.74277790
0.82398266
0.66954134
1.04739830
0.95600133
0.93995366
1.17695240
1.21266460
1.46334040
1.55062820
1.61928970
1.34874040
1.39213050
1.20869810
1.36662480
1.37908970
1.40992570
1.45766620
1.49594010
1.22735580
1.30078360
1.39567390
1.83413200
1.03170910
1.19085650
1.37775250
1.04823640
1.16930070
1.57334380
1.43408050
1.45782970
1.23510650
1.43978940
1.44056970
1.17179510
1.35519050
1.16706480
1.23888440
1.38418450
1.10011110
1.34925520
1.33443940
1.29757480
1.07701760
1.12957530
1.00528550
1.30784930
1.10524360
1.59851970
1.39609480
1.03552270
1.25716310
1.10515770
1.16378060
0.94690161
1.06680890
1.28867080
0.96864275
1.12905300
1.12941580
1.10341860
1.19856890
1.17644390
0.89953469
1.38241920
1.10885850
1.53068500
1.25246550
1.47613150
1.37430850
1.33288700
1.32237240
1.41951150
1.27526830
1.26379810
1.03925170
1.02823810
0.97633168
0.96522556
0.88501996
1.27375090
1.34211370
0.92904417
1.08866080
0.95955000
1.09437090
1.20469160
1.26040250
1.31316730
1.19780300
0.96036973
0.94871213
1.03270760
1.39399040
1.64253060
1.39156240
1.67563810
1.25687100
1.16812440
1.57753410
1.61475480
0.86510643
1.24074670
1.43529270
1.25101300
1.16621430
1.26135130
1.31035560
1.36447340
1.19885460
1.03809630
1.41023240
1.26450810
1.30137490
1.35135960
1.46239500
1.22801790
1.22768420
1.20544770
1.23425020
1.32266860
1.09321780
1.31228270
1.43058990
1.24793210
0.82774783
1.14963880
0.88128235
1.09239840
1.18845780
1.31385880
1.29808120
1.42119900
1.21225390
1.73691020
1.71714000
1.46798860
1.10491320
1.15730420
1.30653390
1.08851790
1.20191500
1.25426570
1.21473260
1.39702840
1.37159020
1.18451300
1.15949660
1.53952040
1.57205720
1.36147850
1.37365900
1.24786190
1.53048780
1.22849110
1.10611300
1.27908970
1.02465880
1.33434140
1.05061140
1.36853310
1.37016930
1.11010820
1.41393550
1.20843310
1.27504380
1.52402480
1.32144240
1.22918420
1.53536780
1.39340690
1.71232800
1.16855310
1.15254700
1.21920030
1.00372590
1.05178290
0.97879422
1.07695990
1.22958370
1.16747600
1.03748810
0.86782737
1.25445190
1.29597260
1.05755210
1.08711810
1.28812860
1.44537170
1.25409680
0.87015070
0.90782191
0.90896745
1.15443950
1.08709440
1.25304690
0.95381287
1.04281490
1.31279630
1.45287110
1.36531270
1.35843910
1.44413040
1.33020120
1.38096970
1.24247510
1.06160640
1.27561580
1.59997000
1.01550920
1.50198850
1.21346220
0.88616136
1.19672160
1.04685800
0.95649048
1.10199900
1.09286990
1.03014870
0.93119688
1.39073750
1.58031260
1.43552380
1.27501070
1.51701190
1.49892340
1.53740120
1.46300970
1.20368630
1.28275280
1.13917980
1.21087330
0.94157507
1.40501030
0.93598120
1.02480100
1.11494520
1.07917320
1.19456140
1.16322320
1.58618010
1.48471130
1.31785710
1.27354970
1.30281940
1.32747610
0.96479767
1.32474130
1.43702170
1.24642400
1.21793400
1.19596360
1.26655980
0.95442182
1.19594590
1.30930640
1.34029670
0.75412753
1.04150310
1.07095610
1.30256320
1.01896080
1.00920160
1.14053160
1.25475960
1.05455330
1.11046130
1.42753440
1.27231050
1.48477790
0.99700816
0.86786530
1.21305630
1.14665960
1.13191240
0.90315420
1.11623470
1.11177930
1.02275590
1.31515040
1.16907550
1.24196890
1.52610900
1.28579240
1.15283970
1.26517250
1.25234640
1.50033950
1.25018950
1.08267170
1.71005430
1.46928420
1.25312280
1.40127790
1.74219620
1.41895590
1.15019180
1.35650270
1.53008900
1.33848110
1.43119620
1.25143080
0.97192522
1.46283770
1.49501800
1.43663260
1.23859190
1.35449060
1.25202870
1.65644090
0.89881639
1.01318560
1.03899450
1.03180910
0.92139418
1.24472230
1.18222260
1.31368090
1.28016620
1.30415860
1.37632900
1.17318150
1.25264170
1.22677670
1.06449290
1.13821790
1.19654040
1.08624470
1.37831170
1.14669150
1.15033340
1.09717530
1.12604170
1.03685510
1.23530460
1.28266730
1.36366910
1.49067670
1.00886460
1.13780650
1.07263970
1.49251100
1.23878060
1.07514330
1.21849380
1.50226610
1.20550280
1.28678180
1.29605110
1.39018370
1.36923650
1.21786350
1.52186700
1.04775880
1.35244120
1.51625990
1.21047220
1.34656600
1.34566080
1.16002500
1.02932190
0.88461570
1.25205260
1.30408570
1.22385120
1.01983000
1.14978380
1.34064770
1.03278020
1.01783510
1.32722170
1.56557360
1.40735500
1.36056480
1.48251650
1.30508770
1.38608180
1.49851630
1.13907660
1.22560620
1.29678440
1.31338200
1.33696210
1.57402460
1.17490090
0.94810027
1.17417170
1.29711160
1.24197320
1.21032140
1.26875820
1.24711450
1.50949320
1.45843680
1.59826510
1.51074020
1.65733220
0.92376370
0.88213830
1.16143830
1.25268390
1.03351880
1.13664410
1.18603570
1.36348600
1.25246020
1.28044150
1.42329760
0.96924896
1.15792760
1.12065140
1.31662210
1.49426560
1.16643860
1.27588270
1.17815030
1.42547000
1.17845230
1.30799010
1.30649340
1.55828910
1.29819190
1.14013940
1.36110150
1.28556300
1.22782030
1.03390710
1.21722420
1.40714310
1.45138150
1.10973590
1.60396800
1.29845810
1.11407930
1.09469620
1.18811100
1.34900580
1.21272510
1.21367870
1.25260340
1.01933420
1.01218480
1.18506770
1.23027390
1.23099570
1.13607660
1.27263310
1.27863260
1.48302690
1.12425720
1.24077100
1.27326300
1.45603730
1.30870250
1.23761230
1.23399310
1.30881560
1.29550910
1.50324360
0.90497356
1.12266210
0.93829789
1.11412690
1.29165330
1.11449760
1.23726690
1.10789860
1.15559500
1.50337530
1.00875940
1.01595690
1.01992010
1.19541130
1.01337660
1.34674600
1.05250570
1.48669280
1.53459610
1.65444790
1.41879200
1.66985680
1.72256280
1.00741050
1.13715490
1.11396460
1.01669640
1.24815080
1.39460340
1.30497850
1.25275070
0.93805812
1.32783760
1.23899260
1.33179450
1.13672880
1.10885950
1.53914760
1.10741090
1.11117610
1.22593240
1.45299710
1.15556060
1.44635820
1.12193560
1.47040770
1.47896770
1.09319180
1.18683740
1.33542590
1.45991630
1.37924270
1.36637760
1.32942770
1.07770280
1.30812680
1.10476330
1.30702340
1.15029500
1.27893800
1.39066420
1.21198550
1.20562300
1.11790950
1.25270550
1.26757550
1.29108180
0.88562819
0.96241069
1.21212310
1.48535530
1.29469580
1.42272730
1.10819610
1.05821370
1.38777670
1.30116790
1.22226840
1.37730310
1.34576710
1.27999030
0.94894023
1.09851450
1.05623600
0.99253001
1.27625240
0.93659580
1.00867110
1.03897810
1.06233490
1.39898490
1.36467350
1.49338910
1.18493300
1.45442950
1.42601090
1.13934470
1.40633360
1.30566270
1.10695780
1.29021460
0.87533546
1.19148250
1.38303640
1.37090640
1.58761350
1.20964220
1.15198790
1.24846190
1.46466060
1.53136730
1.01826610
1.44000270
0.77181079
0.85293560
1.05697550
1.26972960
1.10767760
1.29024200
1.28421950
1.25023740
1.44654500
1.16349880
1.56745940
1.28230160
1.03701070
1.16866570
0.94904004
0.97656851
1.08433040
1.00631790
0.98692178
0.99993668
1.05162200
1.19430090
0.84444943
0.83404598
0.94870628
1.12234590
1.03617030
1.19887890
1.23243150
1.25142810
1.40825060
1.51650390
1.29273270
1.57143800
1.50179830
1.50320000
1.19701370
1.32154420
1.41033380
1.41968600
1.43762790
1.13044170
1.06130670
1.16176450
1.07994760
1.27601840
1.28240330
1.16201040
1.24582580
1.04375300
1.32718410
1.23798770
1.37155470
1.19664320
1.29039740
1.40803550
1.13262470
1.43338060
1.28015420
1.33939670
1.27054660
1.09699080
0.98612125
1.17360120
1.20272630
1.47829330
1.08871310
1.13265210
1.25260160
1.28029920
1.33786360
1.25163720
1.36874420
1.46901190
1.30618200
1.53661610
1.20771080
1.25286620
1.44840310
1.64378350
1.36741040
1.30655660
1.17456570
1.11797730
1.27816720
1.38437900
1.33233120
1.26086580
1.16835380
0.89109515
1.06924850
1.00651880
0.93085787
1.27186820
1.17302010
1.23686780
1.33042160
0.96871948
1.13346190
1.18483850
1.40404500
1.33259990
1.38545950
1.42025330
1.22127270
1.28982020
1.17311800
1.45971810
1.45609400
1.39474170
1.58300820
1.55758220
1.58109070
1.25539810
1.17471860
1.16865200
1.55731650
1.56920470
1.34537860
1.17983360
1.20343340
1.24482340
1.35947760
1.33541570
1.28097020
1.47566360
1.35031660
1.14945770
1.21961410
1.23183320
1.12261000
1.25954290
1.26724260
0.91831225
1.06697130
1.19459750
1.26755690
1.21317720
1.18154060
1.14574660
1.49597170
1.14780290
1.11903250
1.11837080
0.72526775
1.27615900
1.23456340
1.24701730
1.22449070
1.05398380
0.98499114
1.22243040
0.94446698
1.18886210
1.12923810
1.15916270
1.30677440
1.14360540
1.25176770
1.23429030
1.25602340
1.28098340
1.36179870
1.18700590
1.35244620
1.20886970
1.34895820
1.16653760
1.31846820
1.22508730
1.42792540
1.16726790
1.25025070
1.35721620
1.14839200
1.17216200
1.25720150
1.20576450
1.35431860
1.21399980
1.27330420
1.20829080
1.24408570
1.11607940
1.32436820
1.24438090
1.51896580
1.53193860
1.42900110
1.39600040
1.58868020
1.33605260
1.40670730
1.61645040
1.04143720
1.32341820
1.31605030
1.15285760
1.01594780
1.05773880
1.35305860
1.35799780
1.40856130
1.10362520
1.27223230
1.13910550
1.22520010
1.17081040
1.35711330
0.74620245
0.83974333
0.83229336
1.02615840
1.03547200
1.15927460
1.33395350
0.77573368
1.11531400
1.21536330
1.19138410
1.10018050
1.14430760
1.07748140
1.04934920
1.16164220
1.14647160
1.09450470
1.04426520
1.21439080
0.89692431
1.34885680
1.11334630
1.08509490
1.07856690
1.09073350
1.50135190
1.55012150
1.04534740
1.08636380
1.05452000
1.19574770
1.04282620
1.27719750
1.19402370
1.32201320
1.09335060
1.30315320
0.97170539
1.12796700
1.31275860
1.34490940
1.36141250
1.40415310
1.43841420
1.16466760
1.25964730
1.33408460
1.34428730
1.01454640
1.12639140
0.86849651
0.85316731
1.07499990
1.31241850
1.43323510
1.43080880
1.42486290
1.44931200
1.60905980
0.94155775
0.80239785
1.35596360
1.48071800
1.25984010
1.41393710
1.53918560
1.56343150
0.75574677
1.10781390
1.40903990
1.66272710
1.48063380
1.47928320
1.66691480
1.30599560
1.29900610
0.82122020
1.30046720
1.32011320
1.03815300
1.48594430
1.33553710
1.17574480
1.54005040
1.33863800
1.42372840
1.35956100
1.54045510
1.04480170
1.31750540
1.42212910
1.54857250
1.50551890
1.40310970
1.55378040
0.91146578
1.00381830
1.11075780
0.87808307
0.95225979
1.09208180
1.02226230
1.36486570
1.12713370
1.24743210
1.13507450
1.46384020
1.16622650
1.48721390
1.40566310
1.36911340
1.22694300
1.33432320
1.43999430
1.09318030
1.17942310
1.16098100
1.28224240
1.28403260
1.50271120
1.11745700
1.52852470
1.17204090
1.16160520
1.27496050
1.25512170
1.04676190
1.22845060
0.97447859
1.14747410
1.26136100
1.26781480
1.19702080
1.08335940
1.35946370
1.34927080
1.02522280
1.37806900
1.09727790
1.07163180
1.21919190
1.10094050
1.21201750
1.34062350
0.94828055
1.20823470
1.36821770
1.17786820
1.05791970
0.98418363
0.77588437
0.92536645
0.88740538
0.96037396
1.26797690
1.22958670
1.10911500
1.24214680
1.13373460
1.13896120
1.14601790
1.48242470
1.26545420
1.14451000
1.24686910
1.10531890
1.17430110
1.44568830
1.27487120
1.45247580
1.31334240
1.42714520
1.39671590
1.08474220
1.07144390
1.07286680
1.17118140
1.16340980
1.36461570
1.24928730
1.22926520
0.93527079
1.02688170
1.17737790
1.25714300
1.36672770
1.36396450
1.32717720
1.41392800
1.27438040
1.34548540
1.56067010
0.95391908
1.26305910
1.29808780
1.15034780
1.13644450
1.30689580
1.13488590
1.14856720
1.15207530
1.09718850
1.07681210
1.49893270
1.22067230
1.33827540
1.09035210
1.12814340
1.03825310
1.13464020
1.04889540
1.14068180
1.13397260
0.89403154
1.00032930
1.11607660
1.31244720
1.23467390
1.22429280
0.98227240
1.11429400
1.17887780
1.20294390
0.91126220
1.10684850
1.16905140
1.14105450
1.20779520
1.47397330
1.05868850
1.12305860
1.29875230
1.26890690
1.27934930
1.08188600
1.07616290
1.31079140
1.41725720
1.34757690
1.34841110
1.08610830
1.07135130
1.21622280
1.28635470
1.12030510
1.27178540
1.29549640
0.87965268
0.98235275
1.06369520
0.91840513
1.08994180
1.15341040
1.36842080
1.09692880
1.52865940
1.53481200
1.38880560
1.35627470
1.31208330
0.85556818
1.09427070
0.98718903
1.08990080
1.40473450
1.39067030
1.35267170
1.38922810
1.23414040
0.98807149
1.16172520
1.37612450
1.08587660
1.50913720
1.48801420
1.38432230
1.37327710
1.30372050
1.18656800
1.34051470
1.41614350
1.28354410
1.33929490
0.89489910
1.23607690
1.12876760
0.96187633
1.58030050
1.02518190
1.12584540
1.01394210
0.97948032
1.07274250
1.33785920
0.99477596
1.28136720
1.37692480
0.99894127
1.29512870
1.46749380
1.16287830
1.30068500
1.29533690
1.34151410
1.47336020
1.44648760
1.48708910
1.58647840
0.95832866
1.17284010
1.38871770
1.40159790
1.38483660
1.51803020
1.41982310
1.51274350
1.12567140
1.03431450
1.45757840
1.33479930
1.29738220
1.21868550
1.17801530
1.20615770
1.11570840
1.26528590
1.04414340
1.09176930
1.32609930
1.32021300
1.23490880
1.11129680
1.42056750
1.38194660
1.29739530
1.52267360
0.97708094
1.00373280
1.08820460
1.17614250
0.94820306
1.31324750
1.15015080
1.26473470
1.13661250
1.29400340
1.02534780
1.14348860
1.32029430
1.19955480
1.18451190
1.14093860
1.24281620
1.42932460
1.26821910
1.16760180
1.49960480
1.58714670
0.95298665
1.15404940
1.29357080
1.09065890
1.24648340
1.11056520
1.16616540
1.30123940
1.31101600
1.22548010
1.21315010
1.50055830
1.22024880
1.45307130
1.35981930
1.43696750
1.32606690
1.23946240
1.14322900
1.40324790
1.20569330
1.36105200
1.44862400
1.31018980
1.52619020
0.92856790
1.02014030
0.90096820
0.92219344
1.25778550
1.02321680
1.04295410
1.21335810
1.35581570
1.21345480
1.44659270
1.29575540
1.32663920
1.24469210
1.22433430
1.48170680
1.18416220
1.13588350
1.21331230
1.46609070
1.46161840
1.48648490
1.55696820
1.10543340
1.31158390
1.15477760
1.07883710
1.03733300
1.19297730
1.13480520
1.14254770
0.81573084
1.05733910
1.15183240
1.29595120
1.07604540
1.15235990
1.12441070
1.33754040
1.24221140
1.21766330
1.26100600
1.27834800
1.26744190
1.05420790
0.93018354
0.97317977
1.30376040
1.31502300
1.14046560
1.36338650
1.36838320
1.11669250
1.48653440
1.33389210
1.49044900
1.36252120
1.50873120
1.21060540
1.01024740
0.74310262
1.09275940
1.45106700
1.50358330
1.36868100
1.51609710
1.40289910
1.24075540
1.59944090
1.52433770
1.18511560
1.21122630
1.14293340
1.24361530
1.33232710
1.21328320
1.27151970
1.19083790
1.28331110
1.11092940
1.13814950
1.21273180
1.31058900
1.16586620
1.23665400
1.12514690
1.29422680
1.02871880
1.06550640
1.01995050
1.15652250
1.06952620
1.28974870
1.36638530
1.28839080
1.11467810
1.08038010
1.12389890
1.09709840
1.24362870
1.46629270
0.99044105
0.87729621
1.12299460
1.16405110
1.04127510
1.28903530
1.10665770
1.19541380
1.25040180
1.45967140
1.41165270
1.13299360
1.44000900
1.13087820
1.22003940
1.48000190
1.42184600
1.14004710
1.43824780
1.20860820
1.27291710
1.50024210
1.25204670
1.31657770
1.30106980
1.21614990
1.22996990
1.53502270
1.44985990
1.38717940
1.34507650
1.42616790
1.45232610
1.50370800
1.50778520
1.41415870
0.81986280
0.91411815
0.98222252
1.18886480
1.23603610
1.19820890
1.43501950
1.21885040
1.11927490
1.06821300
1.36496790
1.25756710
1.35591950
1.05081920
1.02809190
1.04888460
1.18431210
1.00820250
1.14037020
1.39678740
1.50002920
1.44239980
1.57856430
1.34577190
1.46017510
1.65249430
1.63954060
1.57541930
0.96798473
0.83951360
1.13862200
1.07124000
1.28686590
1.46380690
1.25888950
1.47107680
1.54401820
1.52845940
1.46809050
1.62484500
1.55732370
0.94961262
0.88605181
0.93303094
1.22348800
1.04678140
1.31567900
1.60419520
1.29891120
1.53409670
1.39767870
0.79970347
0.87658394
1.05720820
1.06036080
1.43573320
1.10121260
1.41872330
1.19996510
1.57894730
1.09285790
1.36229240
1.15413480
0.98852559
1.06251900
1.22305590
1.06714160
1.21328030
1.26635170
1.10315380
1.22149520
1.01802000
0.99982606
1.34632000
1.26460460
1.02098730
1.19895530
1.01237730
1.32643730
1.25066820
1.52150510
1.42961720
1.04367910
1.21751290
1.25813420
0.93867157
1.08613500
1.19147210
1.15698820
1.34985530
1.29607760
1.15864880
1.27595470
1.36199920
1.37451860
1.04382080
1.25819920
1.17764880
1.48141230
1.33332800
1.26393010
1.37701760
1.33234160
1.08041380
1.03242740
1.20837540
1.19314680
1.27651020
1.20367860
1.03131070
1.15630070
1.22971520
1.33519850
1.37884580
1.18694660
1.23774430
1.04774650
1.39138320
1.16018160
1.53759670
1.16396910
1.21895440
1.17804880
0.95844377
1.30195440
1.03948460
0.95596457
1.30352570
1.15173470
1.12119950
0.93576471
1.05703560
1.04652280
1.34502330
1.01324390
1.25657730
1.53572220
1.21414270
0.96957779
1.19592910
1.27686360
1.42556940
1.00918210
1.17862460
0.92842640
1.11891550
1.09152010
1.14349190
1.14896750
1.64013140
1.24567270
1.32526690
1.59371060
1.47322910
0.69102839
0.84423708
1.17531450
1.04198980
1.15446310
1.20718520
1.26397630
1.16021410
1.13427980
1.28617700
1.35656900
1.10663760
1.07606300
1.13329070
1.27984090
1.17195490
1.16331530
1.37016960
1.20703650
1.35392160
1.36346400
1.22378850
1.26398820
1.41352260
1.28269200
1.26850440
1.18219130
1.27761310
1.33793120
1.04112950
1.15282690
1.20505360
1.32690530
1.20797010
1.07976730
1.30712040
1.34686650
1.35733380
0.90489592
0.95245382
0.85328258
1.16425130
1.25866740
1.07931890
1.12212770
0.99272717
1.03629990
1.07086830
1.01218620
1.18220950
1.24623660
1.08461110
1.19748550
1.47628050
1.19081670
1.16584710
1.06523110
1.41647770
1.15002990
1.08051910
1.06241360
1.23495450
1.38091280
1.22175850
0.92154354
1.09160700
1.02059180
1.20906440
1.13632750
1.08702740
1.26299640
1.05594350
1.17419400
1.20947690
1.49230580
1.15411760
1.51978200
1.66269490
1.41511200
1.31746500
1.51358270
1.46564840
1.23862450
1.64750680
1.27910060
1.39263250
1.37584550
1.06341150
1.10686560
1.26043240
1.12764330
1.30447530
0.94067683
1.15591760
1.00313420
1.03508670
1.36184410
1.20170550
1.46390850
1.53522980
1.23850230
1.71362140
1.56033020
1.44438590
1.67084310
0.97268263
1.13982440
1.11200290
1.12620200
1.16075030
1.06393950
1.30418380
0.98267175
1.37297110
1.17631290
0.92695789
1.03626360
1.17078780
1.09066380
1.05645220
1.20102690
1.26907580
1.37154620
1.66745650
1.36671470
1.33879160
1.42951720
1.71451810
1.42543470
1.77124760
1.20294360
1.25340370
1.39502070
1.04125610
1.29102540
1.05925940
0.98027104
0.92816986
0.91802154
1.17364080
1.24469020
1.01460560
1.22588310
1.18414820
1.15024250
1.15412960
1.30688730
1.25487310
1.08612310
1.29548970
1.01983940
1.20486730
1.05833540
1.26396320
1.46573710
0.84862391
1.07220370
0.98138384
0.93102002
1.11619530
1.29293420
0.94139613
1.24339570
1.08871530
1.12275160
1.37414010
1.57102180
1.42705420
1.10151510
1.22830290
1.24176050
1.11992890
1.38710070
1.25855630
0.84297974
0.85069416
1.08540680
1.02424440
0.93197346
0.90612454
0.82421064
1.01624580
0.99131686
1.26722610
1.18844560
0.97028312
1.14656360
1.20245540
1.27630320
1.13975990
0.95992861
0.93186277
1.26250900
1.01629780
0.95325754
1.01377340
1.20818450
1.22192330
1.13832540
1.14458290
1.32317180
1.12911680
1.09255950
0.85304210
1.11206980
1.23116230
1.09912000
1.18505890
0.96092937
0.97496402
1.24384210
1.23858280
1.20701480
1.10567510
1.31103360
1.47474250
1.24336390
1.46347630
0.90407902
1.19846150
1.11543980
1.08096890
1.24508580
1.15952270
1.18488210
1.01149360
0.79419477
0.86002414
1.20788940
1.23980860
0.99594131
1.09874010
1.07687440
1.09344570
1.31768820
1.47657010
1.24793490
1.18952340
1.15576010
1.15068980
1.07950420
1.34188010
1.26493270
1.32285550
1.35303190
1.39952120
1.25928000
1.56973420
1.43755560
1.30349760
1.39885850
1.33275090
1.42423440
1.58829990
1.62318410
0.90125579
1.21410230
0.98623424
1.13155200
1.14762760
0.95940606
0.98552552
1.12275280
1.06808380
1.30409080
1.45300100
1.25046590
1.33021360
1.47166180
1.37103040
0.72780931
0.98386408
1.08179400
1.27942230
1.24618470
1.12441530
1.33092820
1.11661100
1.41034870
1.35067820
1.40791260
1.28994210
1.40143720
1.17359050
1.17757250
1.35010900
1.09583380
1.38900560
1.28660680
1.48658130
1.20955180
0.98863403
1.14750570
1.27184490
1.39628170
1.15164080
1.37926810
1.30281900
1.47594910
1.17073280
1.62991150
1.34424290
1.18125240
1.52744100
1.69399120
0.83708590
1.13633870
1.18146720
1.13348170
1.29761530
1.35837750
1.29910390
1.06114940
1.24374410
1.18398530
1.39813390
1.16519580
1.22466920
0.87458243
1.09006920
1.01070670
1.11132280
1.17154060
1.22350610
0.72460741
0.73044702
0.83680375
1.06832030
1.07607110
1.09933020
1.26365160
1.18423770
1.28554270
1.02593050
1.21789190
1.28245860
1.61221290
1.31893540
1.54898240
1.21223170
1.07613730
1.39232710
1.10514160
1.20591890
1.42146240
1.26269230
0.82197132
1.12354220
1.28755790
1.06936950
1.37077580
0.88137855
1.34753120
1.23779280
1.34969160
1.23376860
1.35180120
1.46474540
1.65376930
1.59213650
1.53335550
1.40401980
0.98339716
1.30712920
1.21508050
1.26796530
1.05463770
1.15014310
0.97137521
1.09192710
0.97007432
0.90848515
0.89264247
1.03134300
1.40546270
1.23137260
1.34938240
1.38860390
1.08892130
1.32448240
1.19339260
0.97896373
1.17200440
1.15289760
1.35965820
1.18722040
1.20215640
1.45311920
1.32741390
1.59204220
1.41481730
1.30628270
1.50929280
1.49910100
0.84653717
1.10277670
1.07870550
1.12111630
1.05091340
1.17815460
1.36365490
0.88877431
1.09785920
1.21888230
1.05789120
1.20940140
1.05612960
1.16855570
1.10152330
1.18547460
1.22543150
1.08381500
1.09272010
1.16986650
1.26043770
1.00121450
1.17803750
1.06347280
1.47320440
1.09055750
1.01824270
1.19510650
0.99598289
1.21697920
1.31223290
1.20135450
1.30128330
1.16098620
1.32070560
1.34361660
1.35710480
1.22937100
1.20841770
1.26087160
1.08244110
1.07252810
1.21941210
1.23090610
1.35151050
1.08843670
1.15579130
1.24124400
1.22694310
1.21192870
1.19437470
1.23763910
1.30686000
1.06435910
1.19719930
1.05913700
1.06324070
1.01954000
1.15157510
1.32469810
1.52217790
0.86579759
1.25608000
1.19739870
1.00843030
1.37676880
1.17148200
1.39565410
1.41495230
1.52673040
1.44098200
1.48353610
1.21409450
1.48723170
1.41905560
1.60556740
1.30312370
1.25141900
1.61078360
1.55386060
1.55677410
1.31168620
1.19916480
1.10142800
1.10903640
1.18723250
1.10174600
1.04405610
1.12669550
1.43289700
1.09801280
1.57521700
1.44009910
1.07012340
0.99656510
1.04155580
1.18482910
1.41270040
1.20748610
1.16684860
1.34120720
1.40026010
1.56154500
1.35566780
1.26086210
1.29898360
1.26728840
1.29288180
1.08299710
1.27661610
1.11337570
1.10253260
1.31234630
1.30427260
1.31567150
1.21285220
1.21488490
1.32715570
1.33342010
1.29564030
1.53403630
1.33808810
1.29412810
1.41588660
1.28935710
1.48498690
1.38650100
1.65565570
1.52183660
1.28629490
1.02247110
1.13263840
0.97346473
1.05150220
1.14316540
1.10329060
1.12637610
1.08426180
1.29781000
1.19415330
1.05684570
1.24142940
1.18706150
1.36992750
1.35439970
1.49456520
1.58784370
1.04746580
1.31935770
1.30630320
1.54925180
1.17340310
1.16761130
1.39665570
1.18439790
1.47211780
1.29554890
1.30323530
1.30837180
1.28326660
1.34008630
1.41483770
1.06410850
1.05499670
1.00251930
1.16811310
1.16273460
1.24148890
1.16495470
1.05143110
1.11751970
1.11756830
1.12489890
1.22869770
1.09569670
1.10313310
1.11868820
1.31568500
1.21178200
1.45282520
1.37012480
0.79005870
1.09327730
1.07863150
1.21429390
1.24708820
1.34889680
0.86550901
1.04245150
1.08050600
1.08764460
1.24508460
1.16508570
1.33201510
1.18644420
1.50075300
1.39756310
1.45452640
1.19232840
1.55723810
1.11452240
1.15490090
1.30804140
0.99303536
0.98149951
0.86452874
0.92729632
0.75962879
1.01727390
1.02900280
1.05693100
1.35108510
1.20060880
1.09518800
1.08179920
1.16336820
1.22772480
1.12712800
1.43159970
1.45415170
1.42093780
1.50197850
1.48816860
1.56708750
1.41284990
1.56825360
1.62417960
1.15182510
1.49655750
1.36918500
1.44887290
1.20458650
1.33303640
0.97371934
0.95675888
1.38221360
1.24532230
1.13717790
1.15666250
0.94535102
1.28915760
1.50557360
1.42020050
1.54238430
1.37775970
1.52019110
1.53088130
1.42498550
1.18192190
1.42940050
1.50767400
1.39167120
1.43974460
1.40897030
1.05076480
1.02546210
1.15822250
1.09624970
1.01646680
1.07116840
0.94450863
1.33971320
1.38769010
1.27863930
1.36699910
1.27883960
1.29351360
1.18189400
1.08013480
1.28834140
1.36935750
1.42783590
1.06470820
1.12631750
1.08483320
1.39953270
1.32666760
0.84520520
1.04432010
0.98243019
1.03895320
1.34902600
1.33674560
1.23684030
1.57755090
1.23952620
1.38507270
1.56577270
1.21783700
1.29683130
1.46525230
1.32748960
1.43584410
1.48592040
1.27092790
1.10737570
1.09669070
1.18848400
1.14895450
1.17276340
0.70635572
0.74449123
0.92885693
1.08727380
1.13737000
1.33827700
1.16512240
1.38300150
1.07662440
1.21635890
1.08549580
0.99695169
1.10381840
1.15686500
1.26015580
1.36230800
1.00241220
1.36447700
1.32985940
1.31584210
1.27962170
1.31937040
1.46370090
1.20340920
1.26927430
1.27073710
1.29642710
1.01533800
1.49842260
1.49083800
1.02965330
1.28648970
1.21579840
0.98734144
1.16832930
1.17576620
1.30745510
1.50463530
1.31610540
1.34572630
1.23802290
1.54019340
1.72044110
1.47523520
1.14887440
1.15139470
1.38042440
1.52859590
1.10639550
1.34776900
1.38012580
1.41784240
1.10030870
1.27237510
1.13339190
1.43974280
1.42204380
1.06651300
1.06020640
0.97269102
1.06098560
0.96428574
1.26712250
1.12245100
1.14745140
1.10182410
1.00439140
1.27488780
1.25344120
1.15075280
1.14428850
1.40512320
1.33916140
1.33202560
1.30442120
1.46905420
1.55768830
1.49147300
1.36689900
1.12990880
1.31649180
1.28026680
1.52945390
1.46475260
1.28330170
1.52086670
1.67399690
1.31990570
1.27018690
1.15872690
1.46384380
1.54528770
1.48399660
1.29820160
1.25359470
1.20428930
1.47572590
1.21738760
1.28805630
1.51401130
1.09846130
0.94206616
1.13810270
0.93545368
1.30968570
1.20395800
1.15111840
1.18218780
1.29378240
1.29372370
1.06841710
1.06830530
1.19355050
1.15847670
1.04415620
1.57205380
1.29767970
1.20961250
1.09297450
1.50013550
1.65390890
1.17262000
1.13483760
1.23937440
1.46142900
1.45243510
1.21895410
1.29895850
1.10396870
1.06360770
1.04704660
1.25398220
1.28272320
1.18939630
1.41496940
1.07294410
0.97172272
1.26731540
1.22297850
1.08051930
1.14859280
1.44998800
1.25033080
1.29476810
1.30630140
1.54201600
1.18498420
1.22870680
1.28964520
1.30564960
1.15561840
1.13806160
1.09177620
1.15995550
0.94086095
1.10688550
1.15780350
1.31675580
1.25975110
1.03620030
0.96126596
1.16949010
1.10579510
1.44188360
1.15981010
1.31693850
1.27179480
1.22689660
1.54006540
1.54879420
1.45200820
1.09731740
1.20283260
1.44499270
1.12837290
1.25161750
0.96497027
1.01851800
0.96799155
0.89957377
0.82517406
0.98090689
0.80997883
1.20322510
1.27573620
1.20994140
1.54378260
1.33366880
1.18725320
1.48169550
1.49220340
1.65826970
0.77121103
0.98770086
0.78631839
1.17490390
0.98908980
1.46315910
1.07017050
1.22816970
1.35207640
1.24472840
1.27336040
1.14791420
1.33263850
1.34073530
1.34649890
1.22926070
1.24171060
1.17674020
1.13097120
1.30831800
1.42270070
1.40610350
1.21821960
1.31863260
1.32365860
1.25232980
1.31230960
0.90326522
0.90508933
1.16206330
1.12769190
0.83006115
0.74475881
1.01079070
1.25987880
0.96198803
1.37028470
1.38083110
1.31665250
1.64851470
1.48436740
1.15250610
1.21429620
1.09747180
1.05823160
1.07794490
1.06392430
1.42863170
1.33708410
1.52297980
0.94958492
1.06383420
1.09606750
1.17401260
1.32662660
1.23473780
1.14162270
1.28404910
1.51098820
1.33905190
1.23930760
1.17827730
1.12019660
1.28002550
1.11237750
1.38337690
1.38799430
1.32733720
1.26459770
1.55480380
0.94278224
1.09030270
1.05217680
1.48250340
1.05879690
1.34985950
1.44636070
1.05020630
1.27272010
1.22936790
1.39260160
1.12736960
1.36138420
1.18539590
1.55477630
1.39722210
1.26103760
1.51549930
1.61480220
1.32584710
1.52928700
0.94240117
1.08324530
1.27759900
1.19566420
1.38710790
1.18942570
1.49288780
1.06169820
1.29832530
1.11292060
1.27647230
1.14715530
1.11561260
1.25498490
1.20433680
1.23378510
1.46793210
1.53851200
1.41864370
1.54958920
1.37803370
1.77681680
1.67820690
1.70436300
1.04995540
1.27301420
1.26621280
1.16487680
1.15946600
1.08824880
1.18213130
1.28311110
1.14141440
1.10386730
1.20993820
1.18861520
1.24890320
1.30952220
1.05049580
1.30490010
1.15689060
1.11113840
1.45226540
1.19005890
1.24256280
1.41265180
1.45088260
0.91328435
1.12907100
0.97193785
1.19550250
1.10906540
1.10803380
1.20007900
1.12150750
1.20918840
1.26671440
1.38274280
1.21225640
1.39350900
1.31402820
1.36981220
1.24630040
1.35664000
1.46789150
1.26119600
1.21160810
1.24946350
1.29815650
1.27662610
1.38478090
1.07117220
0.94934830
1.08798980
1.13908500
1.04828350
1.21243710
1.13822240
1.32360440
1.50561020
1.36243650
1.33312590
1.33549160
1.13892350
1.11742140
1.03945180
1.23994860
1.04042120
1.28099540
1.17483680
1.33739670
1.60141460
1.58889150
1.45947370
0.94416209
1.41649800
1.22562650
1.20955120
1.26027410
1.05551890
1.21972160
1.61437270
1.34842390
1.13301150
1.61586660
1.15553490
1.03724750
1.38490940
0.91959383
1.43461020
1.39542070
1.05949890
1.14500590
1.14958370
1.38292540
1.34729890
1.29022180
1.11262170
1.30540000
1.28185340
1.35862650
1.14352930
1.32631400
1.23196360
1.33854100
1.50572360
1.25986470
1.21780350
1.33212360
1.18858410
1.30429170
1.46388980
1.52103000
1.26385190
1.40169440
1.34673650
1.29385070
1.62334770
1.75761480
1.53168780
1.61516590
1.22692280
1.42467730
1.46251670
0.92862501
0.90814725
1.16655400
1.07833280
1.11298350
1.11006420
1.35963260
1.07741910
1.18839800
1.29060980
1.51036320
1.47105270
1.10898030
1.24608030
1.25105690
1.08858060
0.96284391
1.06436900
1.08951920
1.34145460
1.30266660
1.40592250
1.20648660
1.47345250
1.17103710
1.23866130
1.29410730
1.52931710
1.47416870
1.44800330
1.56760250
1.63225420
1.50371420
1.07181690
1.13570870
1.11720420
1.37684590
1.41393390
1.48464970
0.78749205
1.01252740
0.97766164
0.99979265
1.03219810
1.29937750
1.18246590
1.25378200
1.12643080
1.12159480
1.31307320
1.39286670
1.62116710
1.37100250
1.42989340
1.60391710
1.14603750
1.42917660
1.31907610
1.48261770
1.48775570
1.33192030
1.52695400
0.81618719
1.23791530
0.87016066
1.13194340
0.96242894
1.01181150
0.97419864
1.39306110
1.27813130
1.34788490
1.53850180
1.37708390
1.36775860
1.35467380
1.48761680
1.43430770
1.48555390
1.26300880
1.42265240
1.28348510
1.36395950
1.01088360
1.13413400
1.26045980
1.49818550
0.99033903
1.15595770
1.04682970
1.35171630
1.31721870
1.24748780
1.48145090
1.37607290
1.40565660
1.05244590
1.30022250
1.23460300
1.08324860
1.18023060
1.18368420
1.17123990
1.08017510
0.96962848
0.99262921
1.35317730
1.14794450
0.93640332
0.80600928
1.20383680
1.10283710
1.18937900
1.02786030
1.07904570
1.04675750
0.98767225
1.28628380
1.47557280
1.07824500
1.39138610
1.07672510
1.53543940
1.27888800
1.19870800
1.43042850
1.36432360
1.15541360
1.00720330
1.28337360
1.22728770
1.15941850
1.24242020
1.39750090
1.31708480
1.21413390
1.02790680
0.95147479
1.29340230
1.34680660
1.20999370
1.40166560
1.14307200
1.28803140
1.37686450
1.51754420
1.24125310
1.27471110
1.26134400
1.08172190
1.11427030
1.19492120
1.20673260
0.84913977
0.92588459
0.92644631
