0.82400764
1.04734980
1.03582970
0.98547167
1.00634530
1.01239100
1.09872890
1.02721400
1.03524660
0.96955886
1.03824600
0.98544865
0.81446301
0.95971557
1.12646130
1.14879200
1.15581220
0.90746101
0.87762088
0.97849965
1.04061010
1.04599970
1.01913690
1.04390850
1.13411450
1.08021670
1.02580040
1.00160220
0.99243919
0.89356264
1.07550950
0.99391375
1.12047170
0.92842818
0.97334726
1.01313610
0.90436189
0.93788477
1.00688810
1.05173790
1.02010410
0.92262011
1.12857100
1.02782580
1.13486940
1.15211230
1.15926920
0.89758935
0.97128312
1.04267930
1.03737870
1.08527080
1.06076860
0.99333490
1.04572400
1.07410990
0.88271884
0.94175505
0.87956844
0.87155808
1.05412930
1.01558600
0.94162590
1.11408800
0.88368296
0.98943368
1.05357600
1.10925850
1.03189290
1.06560480
1.05252330
1.14740270
1.08441940
0.99253421
0.98590829
1.04426790
1.02820990
1.10678730
1.07144510
1.07550210
1.08840360
0.68483034
0.92238980
1.02329420
0.88166559
0.87353288
1.03587130
1.09520440
1.08166290
1.08415330
1.04297430
0.82894142
0.89517224
0.94252941
0.99151246
0.98456595
1.07855640
1.00122190
0.80125726
0.90589324
0.88992066
0.90623031
1.00842360
1.03771340
0.89003390
0.90411740
0.86426052
0.97902501
0.89147978
0.98996170
1.03719090
0.97022781
0.92205871
0.96721170
1.02121950
0.92397576
0.85001335
0.92675402
0.86312470
0.92347940
0.90895483
1.02995500
0.95094677
0.99245710
1.02636510
1.12215250
0.89446667
0.85104588
0.96571278
0.90829038
0.92559219
0.96724090
0.87040131
0.98802589
0.94834524
1.04981410
1.04475040
0.85167026
0.87334648
0.95209177
0.97319416
0.97413244
1.03988690
1.02541850
1.01051720
1.12242030
0.93468848
1.00221860
0.86121517
0.95615982
0.96881084
0.99832049
1.00635790
1.03711880
0.98501809
0.88070238
0.95868123
0.91789772
0.90265866
0.92654896
0.93822145
1.03258850
1.06645820
1.06991800
0.88684188
1.08669830
0.83720477
0.90254246
0.93759256
0.91102202
1.02478210
1.10656280
1.16364850
1.02452390
0.76891616
0.91991187
0.96712540
0.99027730
0.99439119
0.99246252
0.92323819
0.91282854
1.06565500
0.85011953
0.96120222
1.03929720
1.06808370
0.95873638
0.96923307
1.13049110
1.17103570
0.76364155
0.98662953
1.07303420
1.10675340
1.05619970
1.00175500
1.04693760
0.85436355
1.03156670
0.96163269
1.02548290
1.08575610
1.09127500
1.04241760
1.07859900
0.79841415
1.02398570
1.10279020
1.00771000
1.06232840
1.07508720
1.12571620
1.04623470
0.95913181
1.00093290
1.11249500
1.10178190
1.00821160
0.99456639
1.00059420
1.03900020
0.92887368
0.90853493
0.80214664
1.05794610
1.10707570
0.97086225
1.01529110
1.04096380
1.10544320
1.17209920
0.87118714
0.82344954
0.95212732
0.07881904
1.09819180
1.01179820
0.96898548
1.11320230
0.88741295
0.87108497
1.08120640
0.99118740
1.02906560
0.96691524
0.88552486
1.03026220
0.94646862
0.97837214
1.06638490
1.01333790
1.04560790
1.10015200
1.08110230
0.98115055
1.05412320
1.06031170
1.07648160
0.98716353
1.12441400
1.09572210
0.92798594
0.96250535
1.01663600
1.08468140
1.12014460
1.00008720
1.05780400
0.96046168
1.13905050
1.06188590
1.08050120
0.90855147
1.04536640
1.06534210
0.99502575
0.84747166
0.97931071
0.91229633
1.02956410
0.98119429
1.04995280
0.83192548
0.91799413
0.99047048
0.85152210
1.00043200
0.93248237
1.05093740
1.00842100
1.01918200
1.01171630
0.99177186
0.79020005
0.93370524
0.86397814
0.91173680
0.98607898
0.93669092
1.06028590
0.77688890
0.83578266
0.94582931
0.99828790
1.00910670
0.98746215
1.15023660
0.83984628
1.00772310
0.86199893
0.78877751
0.82488288
0.92194987
0.86560463
0.97020839
0.96973895
1.04593590
0.97928961
1.11404510
0.84004008
0.88487306
0.92922961
0.86208127
0.96470928
0.93477215
0.93734311
0.99207471
0.99623765
0.97581081
1.04229480
0.88692380
0.80651485
0.88433697
0.98065759
0.97053412
0.95165024
0.99291716
0.90002865
0.92388175
0.99993293
0.94389845
0.91259302
0.90974506
0.93191850
1.06195270
0.92425585
0.96893395
1.03530640
1.02258990
1.12663520
0.82190605
0.93660780
1.03721530
0.93154778
0.92158410
0.97313819
0.93150718
0.90679294
0.91039032
1.02399180
1.02709190
0.91543463
0.92750666
0.95809159
0.90384922
0.85155433
0.93224300
0.86373679
0.98681592
1.09054460
1.07080060
1.00828980
0.85491796
0.93797438
0.98488620
1.16440600
0.94604047
1.15470510
0.90940711
0.93492613
1.01201570
0.90418312
0.93197442
1.01346560
1.01261910
1.01933670
0.92532110
0.81911656
0.94693277
0.98361197
1.00811640
0.95857345
1.00634690
1.01191880
1.09807940
0.93219235
0.94695128
1.09912880
1.05788570
0.98836002
0.90241205
0.98127062
0.98258006
0.98674463
1.05599310
1.16549300
0.78411926
0.90296016
1.06921680
1.02054470
0.98544314
0.93729590
0.85710518
0.93415593
0.95314535
0.98387540
0.96070578
0.95456656
0.98475299
1.25130980
1.02906780
1.01343600
0.99643986
1.04789530
1.11767740
1.03415750
1.08616850
1.11920150
1.08947730
0.91376258
0.89268815
1.09281000
1.06259630
0.88437229
1.04130580
0.95492736
1.00337850
0.96094811
1.10808020
0.96327684
0.99955625
1.11877350
0.98927949
1.07334840
1.11679610
1.07145120
1.06995510
0.80422485
1.05675460
1.01498870
1.06443680
0.99054859
1.08418510
1.16050520
1.07641840
1.03978170
0.95902237
0.96553715
0.98560279
0.99916189
1.02891930
1.08043180
1.09432950
1.12295220
1.03947190
0.90888950
1.06676710
0.98917444
1.03375500
1.11572010
1.03594860
1.12133690
1.16732850
0.93612008
0.90173211
0.99339925
1.11568030
1.03614960
1.16629430
1.19648460
0.86421812
0.99530437
1.02083460
1.04957800
1.13348260
1.10075970
1.18754440
1.16879830
0.93977685
0.98790745
1.06824650
0.97790537
1.00042440
1.05953870
1.10305920
1.15597830
0.82912384
0.90300845
0.91906450
0.97812023
0.98748202
1.01134810
1.09370320
1.07948520
1.08993970
0.80495221
0.99245283
1.10722420
1.05440730
0.96949851
1.13042180
1.02642780
1.06765340
1.00175790
1.06018400
0.95353914
1.04434990
1.01139190
1.12916750
1.03421970
0.85361595
-0.05869469
0.90426028
1.00481300
1.03510030
0.93313781
1.08362010
1.13152780
1.17007290
0.93531381
0.95220240
0.99379275
1.02900810
1.07536790
1.04844320
1.14602360
1.17573600
0.90623231
0.95696590
0.88351742
0.92690114
1.00983240
0.93069462
0.96863496
0.91604316
0.95425935
0.92732967
1.02763110
0.90781547
0.99241987
0.89790594
0.97217397
1.06292240
0.95977722
0.82077654
0.96288905
1.03185270
1.03288620
0.85581435
0.91214370
0.94629501
0.93451006
0.93900015
0.91684870
0.95922409
1.06877150
1.04737700
1.09289810
0.89881523
0.81001802
0.91389043
0.93558884
0.95301425
1.03269300
0.91948295
1.02697060
1.12485880
0.92373699
1.01547170
0.93210411
1.03465410
1.03941190
1.05722540
1.07938170
1.07260010
1.07159640
0.98717993
0.95856205
0.95745370
0.91298963
1.05474100
1.01425380
0.99259105
1.03840300
1.15166460
0.84492156
0.95148738
0.95461503
0.99210741
1.02030910
1.01857520
1.01800590
0.98029750
1.23041650
0.88758535
0.96221061
0.98337398
1.08464380
1.07024290
1.05938700
1.14519590
1.13803420
0.90284864
0.91257043
1.04791810
1.00062750
1.08291140
1.07568870
1.04947940
1.17611010
0.92008534
0.98400683
0.85509080
0.96218474
0.99600076
0.94095108
1.06744760
1.18418960
1.06204010
1.05199240
0.94520301
1.04248190
0.98721054
1.00656420
0.97553049
0.96251138
1.01809700
1.15765270
1.20981670
0.85554864
1.00734390
0.98067503
1.09267190
1.10086610
1.07223660
1.19137680
1.06498840
0.97223504
0.97325292
0.92683539
0.98567306
1.15079730
1.13104170
1.04466100
1.16035670
1.23136720
1.06658250
1.05120170
1.01336970
0.99556148
0.93084699
1.06955160
0.96421522
1.08430170
0.99483997
1.13968270
0.91953499
0.88985430
0.92986733
0.99373819
1.00715940
1.00857560
1.01651310
0.99145651
0.95438328
1.02900950
0.93434966
0.93205371
0.92305833
0.97071268
1.03381310
0.99747360
1.06852800
0.99109187
1.05647480
1.10160380
0.92893495
0.94013948
0.92953424
1.00251560
1.00707840
1.04699770
1.10229330
1.05663360
1.07632550
0.93740652
0.96703249
0.97087285
0.92100551
1.00145670
0.90526866
0.92439881
0.98855355
1.13351000
1.11973400
0.90981919
0.97815121
1.03101860
1.02082470
1.00618590
0.95292366
1.04695250
1.02419310
1.14607270
0.92924722
0.94020487
1.06824040
0.87503870
1.16183420
1.04983320
1.02873120
1.03499990
0.87523564
0.93676002
1.03305190
1.01399280
0.94915420
1.14646960
1.18281530
1.03395350
0.85926108
1.00851600
1.12401550
1.08336390
1.12958690
1.04730860
1.12798440
0.92209373
0.92186569
1.00087350
0.97571574
1.04336860
0.92529548
0.96328427
1.24016290
1.05143070
1.24129140
0.78551512
0.98268510
0.94280307
1.07523510
1.14859840
1.21538080
1.02016710
1.07002720
1.02839480
1.00654980
1.07711690
1.10097510
0.99579857
1.18111120
1.09484470
1.13117940
1.06427870
0.87765568
1.00129420
1.09643310
1.19056180
1.12897930
1.10824290
0.82869658
0.99931928
1.06007800
0.95098968
1.00227770
1.00144730
1.15817810
0.95766137
0.90331211
0.96279487
1.00167310
0.95765643
0.98592833
0.80330871
0.97167716
1.03666880
1.04053810
1.06875480
0.89543145
0.93632307
0.99277750
0.96276685
0.92395047
1.05592740
1.05647170
1.10563020
1.06891200
0.89268954
0.85939508
0.96014650
1.05043030
0.98205438
1.05991840
1.06619030
1.08127630
1.06064340
0.84187605
0.86450611
0.98205821
0.94811864
0.83570430
0.99457466
0.93466706
0.90678117
1.00888720
0.93711765
0.96537329
0.85440869
0.92749183
0.93781830
0.96026555
1.00517700
1.11356370
1.04482080
1.15588220
1.03931140
1.02413130
1.05686880
1.02579260
1.01557600
1.00137580
1.11015080
1.13847030
1.08906100
0.92937214
0.92830579
0.96206809
1.08264290
1.11484270
0.94402751
0.93926471
0.91992715
0.99778118
1.02294280
1.03699360
1.09973350
0.98603521
1.16853750
1.04615040
1.12751220
1.03740980
1.04244810
1.08004120
0.98328845
0.99992875
1.04362010
1.07874020
1.17277540
1.08410340
0.94240674
0.94362617
1.02868260
1.13217210
1.10304620
1.16228070
1.19132710
0.96123295
0.94581699
0.98487977
1.00644890
1.18400110
1.10372260
0.95189194
1.10212380
1.09972300
0.79833716
0.92418513
0.92069564
0.79600410
1.14111760
0.82434140
0.91905600
0.99558740
0.85656178
0.94148690
0.79641226
0.86331685
1.21660290
1.13561640
0.74223637
0.97718375
0.98879246
1.15423440
0.98876359
1.14992540
0.74356854
1.04157700
1.05225930
0.98907397
1.06832870
1.16479150
1.06013190
0.91578530
0.94555195
0.96505491
0.98485215
0.95649643
1.09714090
1.04070270
1.02061260
1.16497180
0.87605453
1.09648220
1.10903610
1.12979130
1.00606780
1.02667790
1.06680900
1.08000860
0.93019608
0.95020982
0.99533691
0.99021963
0.99359912
1.05232750
1.07132540
1.21553410
1.00739920
0.96338059
1.02572900
1.03480740
1.15082510
1.21276500
1.27681170
0.88728859
1.04563630
0.94355899
0.86265549
0.99023723
1.00634560
1.00740160
1.05796710
1.00045650
1.04931960
0.77592658
0.96221988
0.91906381
0.96437171
1.02030240
1.08385010
1.06695200
1.21471020
1.00690080
1.06396100
0.98326846
1.00875400
1.12381490
1.16059600
1.14203670
0.00000000
0.98074341
0.91399802
1.09619790
1.05898340
1.09882210
1.15582060
0.91257319
0.90157577
0.97378673
1.06536310
1.03745660
1.02378290
1.10757500
1.03548510
0.86667386
0.97409769
0.95557900
1.05308100
1.02941880
1.00996200
1.21596780
0.87018642
0.81013639
0.92621422
0.84900929
0.92898459
0.93821884
0.97714745
0.95407065
1.19120090
0.90859075
0.95181866
0.97475915
0.98927394
0.94226440
0.96599360
0.96757023
1.10304940
0.97535667
1.01504450
1.10923420
1.04513000
1.00428440
0.98339647
1.09396900
1.01445660
1.08140800
0.98478307
1.01861430
1.08930340
0.95468206
1.02445810
0.98064247
1.06504220
1.09961320
1.11876920
1.09674460
1.28310950
0.87604463
0.86564947
0.94941629
1.06802690
0.91352689
1.02556680
1.02535980
1.15700930
1.14238120
1.00727660
1.03141890
1.10035940
1.19833220
1.09504920
1.11349010
1.06939970
1.16549830
1.01914180
0.98255914
1.04425830
0.98163730
1.04433830
0.99772146
1.13651550
1.06999980
0.87912745
0.98842465
0.99999916
0.96993260
1.03008620
1.04681220
1.05176400
0.00165757
0.91029616
1.05422250
1.07653400
1.12102560
1.15510050
1.00511390
1.01938050
1.02941350
0.99926334
0.97113608
1.04966900
1.19964440
0.94560032
1.02199450
1.03467120
1.03803390
1.08676420
1.13540810
1.11277640
1.10879090
0.94754200
0.87353083
1.02097750
1.01152960
1.06760530
114.47031000
1.15581290
1.08913220
0.96752524
0.99122787
1.03773540
1.04083810
1.08516500
1.11325680
1.03579830
1.09526960
1.10439910
0.99912270
1.07707470
1.07111290
1.06968290
1.09111410
1.13633780
1.08932970
0.90332166
1.00248590
1.06575560
1.08050490
1.11527130
1.16645530
0.98952796
1.01490530
1.12664280
1.08034310
1.06297350
1.15394490
0.96908567
0.99727735
1.10323890
1.14318720
1.04959170
1.11446940
1.12193360
1.12439390
1.02037700
0.99971147
0.93153184
1.12190420
1.05530710
0.96718536
1.00261390
1.06243920
1.18070420
0.79746954
0.94145596
1.04804790
1.07505120
0.95337821
0.88042627
1.06489330
1.04780100
1.02767950
1.03158540
1.07186180
1.09363700
1.08937470
1.10286560
1.17438070
1.14844370
0.77772905
1.01308740
0.92862343
1.10730390
1.05534070
0.96172077
1.10523670
1.06019160
0.98791390
-0.00000000
0.94442134
0.95570479
1.09667520
0.95929651
1.02655340
0.85553585
1.10319610
0.97073333
1.07520340
1.18753130
1.04904740
1.08314600
1.08795990
0.92082217
0.98226443
0.94258725
0.83351534
1.06139550
1.09995060
1.38652210
0.72541797
0.98419602
0.89448294
1.12006530
0.89724136
1.00559620
1.08876640
1.14468460
1.04813790
0.81744287
1.05989180
1.06720410
0.92674532
1.05539100
1.05019770
0.97736214
1.10147270
0.88769580
0.96651022
0.99471033
1.11672520
1.22362470
0.93325326
1.01488070
1.06351980
1.14396850
1.03104830
1.07113030
0.95225215
0.97337361
1.04896100
0.97878326
1.06525750
1.16662580
1.17607280
1.00858690
1.09270040
1.05174740
1.20535280
1.18587170
1.04190450
1.11038670
1.07820440
0.85243166
0.94929264
0.90597532
0.96697760
1.04047570
0.98838400
0.96760628
1.10343830
1.14130400
1.18627660
0.82618399
0.87387049
0.99171093
1.11816660
0.98972084
1.11598240
0.96268454
1.01144280
0.99767357
1.11494920
1.09622410
1.12222750
0.94608163
0.81276184
1.03609680
1.04024170
0.95079814
1.06386030
1.08832530
0.96958297
1.07859810
1.09777410
0.99889517
1.01036200
1.04667680
1.03322860
1.02081840
1.02769550
1.09210890
1.14535320
1.11745600
0.88155924
0.84887839
0.83422602
1.10367040
1.13419980
1.20765440
1.24600660
0.82754925
0.96111263
0.97460004
0.93972839
0.90794428
1.01141810
0.95154006
0.92026917
0.90535254
0.91956535
0.96466901
1.01192080
1.10102000
1.08595320
1.06254510
0.89698702
0.91266186
0.91816848
0.95968470
1.08148640
1.07173460
1.05651800
1.02630200
1.04775430
1.02173530
1.06848880
1.12261550
1.13260760
1.15995500
1.17760610
0.93519359
1.01357520
1.00383620
0.94326709
0.97940650
1.03872330
1.09051710
1.12475940
1.07196270
1.15857520
0.78804514
0.91040080
0.98780322
0.99702333
1.00358610
1.10038110
1.15674250
0.91284885
0.98556042
0.95987151
0.98496363
1.00782660
1.11925320
1.14235400
1.02779050
1.02828340
1.21642890
0.87450757
1.04688670
1.05201870
0.97324350
1.11616880
1.08791510
1.13973650
0.95290287
0.91062373
1.10302650
1.06679340
0.98451464
1.02431350
1.00660720
1.00577360
1.13057740
1.09680050
0.95711295
1.06353580
1.06154740
1.07090710
1.06954240
1.02447300
1.16182980
1.25520240
0.88455125
1.06735310
0.89156413
0.98424569
1.10172860
0.92611737
0.97210916
1.05200180
1.03638440
1.05078600
1.04962350
1.07025330
1.16664050
1.13255390
1.05768150
1.12436240
1.07809840
0.88072696
0.92856050
1.08126030
1.16189930
1.10224060
1.10735530
1.06776030
1.13116640
0.90772115
1.22106560
1.07262450
0.95964755
0.95096382
1.03503520
0.93194747
0.98233571
0.98134434
1.10192640
1.03003250
1.06036970
0.97159749
1.08325030
1.08051930
1.22109160
1.04137740
1.02649950
0.95307707
1.02923410
1.10580960
1.09716820
1.08847410
1.09476330
0.96076121
1.24503270
1.02201130
1.05811170
1.07224020
1.17613340
1.13375520
1.21021120
1.20052380
1.11604510
0.91067534
1.09505770
1.06647000
1.01518170
1.05379560
1.17349990
1.18370840
1.01971000
0.96914144
0.98279428
0.98388477
0.90580472
1.05190240
1.16497970
1.01352530
1.07127310
0.77272840
0.84963970
0.95112256
0.99540890
1.03953190
1.14209490
0.96730062
1.01965000
1.05804050
1.03454030
0.68260739
1.01605640
1.00237830
1.03882930
0.96471537
1.12913160
1.09816640
1.11062350
0.98186221
0.95416239
0.93659921
0.99683964
1.13700020
1.09652950
1.08133970
1.04582700
1.12302260
1.07449060
0.83034571
0.98532888
1.00819240
0.95434704
1.16595190
1.00081770
1.12824740
1.13658150
1.14059530
0.94683558
0.91761451
1.05539520
0.98738349
0.98352955
1.08447570
1.28417150
1.35793860
0.83265749
1.03046580
1.12151890
1.05738790
1.16705410
0.97963259
1.06693640
0.98102743
0.88556418
0.95106678
1.18457460
1.09266380
1.07968860
0.93738235
1.05769750
0.87370684
0.99620932
0.98551036
1.16110550
1.17885690
0.86606887
1.10952650
1.09001470
1.12143030
1.14188350
1.14626380
1.22507040
0.94094955
0.94569054
0.98034401
1.05896370
1.12612210
1.22402310
0.85840829
0.94264807
0.95366349
1.13875890
1.15442520
1.21025690
0.95007518
0.99724239
1.17550440
1.01987090
1.09345930
1.10886220
1.14333280
1.10150350
1.24887430
0.80107904
0.93329451
1.02142810
1.01687950
1.13424040
1.25919150
0.91495191
0.98651271
1.10623680
0.97726721
1.00194890
1.18614440
0.87309110
0.94831517
0.94777656
1.06380010
1.09805140
1.18237460
0.93579903
0.96547157
1.14562980
1.01096010
0.88541860
0.96988700
1.12446410
1.00549770
1.03748720
0.94301002
0.99879128
1.04710940
1.20310960
1.08537350
1.32188750
0.88132002
0.93983279
0.86994809
0.98885738
0.88738984
0.96686729
0.97209559
0.91881212
0.85913101
0.85939801
0.93401673
1.02892590
1.11062800
0.90361299
0.88352621
1.05816760
1.16275460
1.00177440
0.99717458
1.00934080
1.07017760
1.08262810
1.13434370
1.04243620
1.06879830
1.11395010
1.02233090
0.97427404
1.02816420
1.04956870
0.96407818
1.01529600
1.02638390
1.09959580
1.08742110
1.15772890
0.80945649
0.90971348
1.08922400
1.09826070
1.10309020
1.12256880
1.15527730
1.24697800
0.94527516
1.03404210
0.99521011
0.99523071
0.99895274
1.05180740
0.95530016
1.06271280
1.06498840
1.07834410
1.06195290
1.02131300
1.02164430
1.07694580
1.07897890
1.08342650
1.06953420
1.16696880
0.92163761
0.96895896
1.02249270
1.03817850
1.19973610
0.95371638
0.97247688
1.06023120
1.09701900
1.07636190
1.24632100
1.00702850
1.05900370
1.08147550
1.03600650
1.07964690
1.11541620
1.14288970
0.79449296
1.05022790
0.99512538
1.10234940
1.13693470
1.07153080
1.14478320
1.07968250
1.02582520
1.09773980
1.01325940
0.93593293
1.03295050
0.93852844
0.97802893
0.96687532
0.94328232
1.02491270
1.05117480
1.14600480
1.21450380
1.24691150
1.00709460
0.97850849
1.15642330
1.18884120
1.09821780
1.24822540
1.22068760
0.90760510
1.00950900
1.09837750
1.01553380
1.13190600
1.17151460
0.92700265
0.93502845
0.98860180
0.93593966
1.25782010
1.00355520
1.03484240
0.99591084
1.04024040
1.05362910
1.11791230
1.18799260
1.20475120
1.11251190
1.02849040
1.08406840
1.10870860
1.12051250
1.18401410
1.18124460
1.19389200
1.05715150
1.00384300
1.05287020
1.06060780
1.12169360
1.18680900
1.13565260
1.17155330
0.90847165
0.94745573
1.04587650
1.08049760
1.01921470
1.09719960
1.11943090
1.01022040
0.93990292
0.89745874
0.93792922
0.97945454
1.17564560
1.12386710
1.20868830
0.85241691
0.87300106
0.90992580
0.95571134
0.95020722
0.99116420
1.15837560
0.98747676
0.86977840
1.04705200
1.08453930
1.04624900
0.93978589
1.14225470
1.18050970
0.83441666
0.95389377
0.95160456
0.97805492
0.98867716
1.05938960
1.00740190
1.25356850
0.78496797
1.06037970
0.91257009
1.09711710
1.13566550
1.21930940
0.93867209
0.90252874
1.00095690
0.96255708
0.99078355
1.01496620
1.03695350
1.05124540
0.94741470
1.03958080
0.91232447
1.11727750
0.97569924
1.10307900
1.10196340
1.26103020
1.18444990
1.04140460
0.92870570
1.07142360
0.98329586
1.03796840
0.91175705
1.02214150
0.96327472
0.97411970
1.02809160
1.09361640
1.08034690
1.22718460
1.06193910
1.21412450
1.11528130
0.91026895
1.08794150
0.99475887
1.11929730
1.00883620
1.06856490
1.12838080
1.05168300
1.08590310
0.93792832
0.98512125
1.05732870
1.09152090
0.97740470
1.12998420
1.09530760
1.16527850
0.87921317
1.06599160
1.08382470
1.10246250
1.03801180
1.11392520
1.10811250
1.09861530
1.11974550
0.98047931
0.97332065
0.85871116
0.97962136
1.04603300
1.08531400
1.10269940
1.07167070
1.09708420
1.01692890
0.97494037
1.00371090
1.01915530
1.01833770
1.00337830
1.03537510
1.08891790
1.04933350
1.08604390
0.94514054
0.95776178
0.99489481
1.00099030
1.18560130
1.15601810
0.91037966
1.02917450
0.93192723
1.03834610
0.96176098
1.12565490
1.04280760
1.05973910
1.20938450
0.82456674
0.92582445
0.96173858
1.03069530
1.07290260
1.00899700
1.21900480
0.83844015
0.93694611
0.82852388
1.03113480
1.04917880
0.97874252
1.02426320
1.10219150
1.05005550
1.04886370
0.91928001
1.08073790
0.91071865
1.09554090
1.07329670
1.05676280
1.04929180
1.08576080
0.87918281
0.96004953
1.10938180
0.98075580
1.05139460
1.15060430
1.19890780
1.08092240
1.07210740
0.99035015
1.07009750
1.07379120
1.01483720
1.10713180
1.05278260
1.04883430
0.91419698
1.02562200
0.99438108
0.97430534
0.94721878
1.15923200
1.04140900
1.16952750
1.20655670
0.92112415
0.93848133
0.95168649
1.07927140
0.96901203
0.99789199
1.00769430
1.11672850
0.90729455
0.98338564
0.97446971
1.01974700
1.04723930
1.20175000
1.21314000
0.83107889
1.02167930
0.93331773
0.92460651
0.95612802
1.09033830
0.99674126
0.96199150
1.08453360
0.95752667
0.92154829
1.09322290
0.90392687
1.07218560
1.03224820
1.05142770
1.05762570
1.10815180
1.06267530
0.92407167
0.92612705
0.95988512
1.01736200
0.94001873
0.86285373
1.05040600
1.07078040
0.88490630
0.96493404
1.04806030
0.95506318
0.98552839
1.16985860
1.12865790
0.90471522
0.89800625
0.88922826
0.83832146
0.85380168
0.87977076
0.93086023
1.03295820
1.02838750
0.96668241
0.97175770
0.96034047
1.03812450
0.98233275
0.99989355
1.05360630
1.11913600
0.98900607
1.04031080
1.13086280
0.72579194
0.90609330
1.03229830
1.04906930
1.05286850
0.99025078
1.09655530
1.12505580
1.03161700
1.06058240
1.02988780
1.01986500
1.05400830
1.04355860
1.16511290
1.11119610
1.06732420
0.96162334
0.80288558
1.00364430
0.96968988
0.97816934
0.95020088
0.86933937
0.96946435
0.99244023
1.01972790
1.04208250
0.87851790
0.89732439
0.97365547
1.01474620
1.05249480
1.07512910
1.03501710
1.15897030
1.12461130
0.87159978
0.99136000
0.92713318
1.02111820
1.15501250
1.17195040
0.83258188
1.02680110
1.10108970
1.18829180
1.15849500
1.18007720
1.11472370
1.11172720
0.84206557
0.96587691
1.08357420
1.08894250
1.10824880
1.15505010
1.14079680
0.92942260
0.99360885
1.04935640
1.02088150
0.95758878
1.14586460
1.15554900
1.10222260
1.09140800
0.91752205
0.93573258
1.00859420
1.10162970
1.29640070
0.91427330
1.06694930
1.03170390
1.14079650
1.01636910
1.11456140
0.89857618
1.07927230
0.96343086
0.95864620
1.00506620
1.20212510
1.06941370
1.09030350
1.04748380
1.12226050
0.92655298
1.03555390
1.18214490
0.98897663
1.16787030
1.01600780
1.02962640
1.12655840
1.16269770
1.31358210
1.00503590
0.98522929
0.79880975
0.86089865
1.09334120
1.08630440
0.98354930
1.26042280
1.01870870
0.79183526
0.93000363
0.91200912
1.13253120
1.20200020
1.14084640
1.20621230
1.10559060
1.14775570
0.93687090
1.02648880
1.11518700
1.12922300
1.08799280
1.10735140
0.96162589
0.93978778
1.06742530
1.00987960
1.20762660
1.24164420
1.22381960
1.03414010
1.11223090
0.99773783
1.03265530
1.02023380
1.08342750
0.95759854
1.12442130
1.08140580
1.13001120
1.10531110
0.90508883
1.16745720
0.83922397
1.16932320
1.22029910
0.87514351
0.91313501
0.99089144
1.13601190
1.19156340
1.26330300
0.98235089
1.07105110
1.02241150
1.10677190
1.02093800
1.07725040
1.26147670
0.99402314
1.02805020
0.96834989
0.96295864
1.01787200
1.09925890
1.08087100
1.04145520
1.10063950
1.10652120
1.00357130
1.00855720
1.06247720
1.08575610
1.06793950
1.04125970
1.20663990
1.13552300
0.95495271
0.99073272
1.09179110
1.02433780
1.24871030
0.98021779
1.00154710
1.05983490
1.07189510
1.04624440
1.13179350
1.06099160
1.19178660
0.96656961
1.09413110
1.09579130
1.07758470
1.16773810
1.12289660
1.02048300
1.10214770
1.06147990
0.96629902
1.01977310
1.05178680
1.10636910
1.03418260
0.95282641
1.12776830
1.15757540
1.07567920
0.99021270
1.01931380
1.10910840
1.07602440
1.07160900
1.14926370
1.07463190
1.10989850
0.87527439
0.93148723
1.00356770
1.12164020
1.15988700
1.16971860
1.12075380
1.06052650
0.93396368
0.96494576
0.92971869
1.00647990
1.02219400
0.94042755
1.09679760
1.08142680
1.04640230
1.12859010
0.96523687
0.97440173
1.00937580
1.06781510
1.22994740
0.86763007
0.92718836
1.04247400
0.98030498
0.94282227
1.04797350
1.16966500
1.07880320
1.18070830
1.03916100
1.08288110
1.06525830
1.08643030
1.14789320
0.86931012
0.94791101
0.91863192
0.76396269
0.90728359
1.04075950
0.98163622
1.01166820
1.01191220
1.04751870
1.10946460
1.11388940
0.99851596
0.88115012
1.08851110
1.22724050
0.88352446
0.87023991
1.04137140
1.00987780
1.10948920
1.12550910
0.95162416
1.01585190
0.97559717
0.90659617
1.00173210
1.05747180
1.01537870
1.08158420
0.93586077
0.99298506
0.97018360
1.00761640
0.95489561
1.09465040
0.98682356
1.02537150
1.04571600
1.11265340
1.08417630
1.12558050
1.03824010
0.95470752
1.07413260
1.14224680
1.10211310
1.20938820
0.86877983
1.03382460
1.09589890
1.14710090
0.96646542
1.06503120
1.17140030
1.04252550
0.92237920
1.11243070
1.06095610
1.05202000
1.10075250
1.09709310
0.97526841
0.87058575
1.11454830
1.15546670
1.07991360
1.12017410
1.20015860
0.97482821
1.09041540
0.93416617
0.99710018
1.11655360
0.95495965
0.96735802
1.05956260
0.95156914
1.15255970
1.03815350
0.96072399
1.02106500
1.04640100
1.07159410
1.12443920
1.14668310
1.09063860
0.90007132
1.08186980
1.06600340
1.07992240
1.07427090
1.15958980
1.21722500
0.97277012
1.05836820
1.08679990
1.11621950
1.08644100
1.28355380
1.05158190
0.97936378
0.94645476
1.01087770
1.10194050
0.92935069
1.11710230
1.03881970
1.17661320
0.97047095
0.92045886
1.00437300
1.03010900
0.93853386
1.20750680
0.98723754
1.06364760
1.01865880
1.02492130
1.08589310
1.20215860
0.92636213
0.87815628
1.05678730
0.97932615
1.11619360
1.17076000
1.21618920
0.91669723
0.99008403
1.04039220
1.13456480
1.07622130
1.16175940
1.25303840
1.26305870
0.90254749
0.90274569
1.06443040
0.91724576
1.14114340
1.01698490
1.00121460
1.12881090
0.94981642
0.99759893
0.89503728
0.96287018
0.92476390
0.98487106
0.98091519
1.05567410
1.10461980
0.99834169
0.87048288
0.91468043
1.03294340
0.93420810
1.01636710
1.03511170
1.07488600
1.11695460
1.09151160
0.88265098
0.89973207
0.96452770
0.99335153
1.05123360
1.11150040
1.08344890
1.22951020
0.96661456
0.92076382
0.93266108
0.95365007
0.85314431
1.03979960
0.92882187
0.99530873
0.99878229
0.92082852
0.99734056
0.87900379
0.91007939
0.81663744
0.94589980
1.00775540
1.04514350
0.99787567
1.05211040
0.96335618
0.82247150
0.99488718
0.94902550
0.98744110
1.08848820
1.04472770
0.84330595
0.90515676
1.01317130
1.02654620
1.04851600
1.01385580
1.11592990
1.20837180
0.98391699
0.99829710
1.00608520
1.00152900
1.01079800
1.02546860
0.99711700
1.08727820
1.18037290
0.86395707
0.89759601
0.86396909
0.97684474
1.04978600
0.94275000
1.01468960
1.05121030
1.13663840
1.15417530
0.91299193
0.88341671
1.04079800
1.09484440
1.09908890
1.04398280
1.08034970
1.07888040
0.91623751
0.99001666
0.90253382
0.90648077
0.91981174
1.09460400
0.93578557
0.94887653
0.96129800
0.91258862
1.04783480
1.06212310
1.08281410
1.13445880
1.13224410
1.09707350
1.08869810
1.14701170
0.87192379
0.90466548
1.01111980
1.15222050
1.01813070
1.05460670
1.06104260
1.04824200
1.08097080
0.82724843
0.84264785
1.06119080
1.04121050
1.03606820
1.12652800
1.20366450
0.85168056
1.01681060
0.96430425
1.02440550
0.99187983
0.96224171
1.09570730
1.13892360
1.07001760
0.77173110
0.99528603
0.99583712
1.00163420
1.02707830
1.06596580
1.13731780
1.08834010
0.84632913
0.90720641
0.91035940
1.01184940
0.97778625
1.04059610
0.96140583
1.06325590
0.94090983
0.90196513
0.99975430
0.95664722
1.06828260
0.90452099
1.00592750
1.09722190
0.93086257
0.98330685
0.95611670
1.02947820
1.04813430
1.06417180
1.01391250
1.03826910
1.00235410
0.82270424
0.89198349
0.96072563
0.95604725
1.00003000
1.02185120
0.91483687
0.93180671
1.02182840
0.97426882
0.90186862
0.92250396
0.89693555
0.99538463
1.03430490
1.08796900
1.04427010
1.07330650
1.06394760
0.93081439
0.91442198
0.91798436
0.96811305
0.99770681
1.00839560
0.93811080
1.05911530
1.04116080
1.06050860
0.86733898
0.95596386
0.92662217
0.91332113
0.97957185
1.04817990
1.08860130
1.13574400
1.02491300
1.07830680
0.82712854
0.89383715
0.95209156
0.99944314
1.06823770
0.97206642
1.03542540
1.10704230
1.09442750
0.81779571
1.03520940
1.04497740
1.03757690
0.94407892
1.06883440
1.07615660
1.10590090
1.08447280
0.91389400
1.03011680
1.01854640
1.14562640
1.11412050
1.22795850
0.98090622
1.00046390
0.90695611
0.96432847
1.05433340
1.16102790
1.07257410
1.03233620
1.07948550
1.01433570
0.93359612
0.98226809
0.97962612
1.13939490
1.00246560
1.15327210
1.03673910
0.88248891
0.91819358
1.01876490
1.11777090
1.13933740
1.12577560
1.02015750
0.91371752
1.04661660
0.97393338
1.23800960
1.11886000
0.98105711
0.97459373
1.10984310
1.06004280
1.04142790
1.02274470
1.10757840
1.09077800
1.07456400
1.17835220
0.93790607
0.98111948
0.93012455
1.00118350
1.08719010
1.20507680
1.20242060
0.94676460
0.97881293
1.03682710
1.02997110
1.08789290
1.10269340
1.02677730
1.16454720
1.11188570
0.78604554
0.89265252
0.98342701
0.93592758
1.09227560
1.03605800
1.19334890
1.26234780
0.87783809
0.87982426
1.00684260
1.01494620
1.06869440
1.07153830
1.13781400
1.13165820
1.11111170
0.83737798
1.00012650
0.94124932
1.11848450
1.05120330
1.10305220
1.18782940
0.70953582
0.81092657
1.02803280
0.84292914
1.06751680
0.94108950
1.14281100
1.19047450
1.11917280
0.84397680
1.15564500
0.96167499
1.08731870
1.06393960
0.99884268
0.93843287
0.94933351
0.87841921
0.83466047
0.91595623
0.99396624
0.95539691
1.14994690
0.99794812
1.04137420
1.02191810
0.96405844
1.05944420
1.05713000
1.04928100
1.03606870
1.06589680
0.99239198
0.81755730
1.00136980
1.03001270
0.99661978
0.98451053
1.14622710
1.13593110
1.03287760
1.01865710
0.98098433
1.02743200
0.91881667
1.03149350
1.14218800
1.00510940
1.15036270
1.13107990
0.88105049
0.83620863
0.86265184
0.96826328
1.07328930
1.13843790
1.12630780
0.94768502
0.96260013
0.94851145
1.05237670
0.93288970
1.06297370
1.07767400
1.20628230
0.86553625
0.89837201
0.91190661
0.85226853
0.96639622
0.92784973
0.96815563
0.95901738
0.96071260
0.92067323
0.95234868
0.95195479
0.93353908
1.00700780
1.07252380
0.96204583
0.96296771
1.09435600
1.17580090
0.90417207
1.04767960
0.89744385
0.96598885
1.04619640
1.13018270
1.03755720
1.09803020
0.99315887
0.81685094
1.05098880
0.93149983
1.01020480
1.00719410
1.05244300
1.09891900
1.11733070
0.92634896
0.89388129
0.92333619
1.05286740
0.93701357
1.05141090
1.12170650
0.99052520
1.13359860
0.91176186
0.90703727
0.95076563
0.96084309
1.02900490
0.98371397
1.10422000
0.96104815
1.11289560
0.98685637
1.04464660
1.16307170
1.19892470
1.09704960
0.81336307
0.92373664
1.07074330
0.95293059
1.03858230
1.15088070
1.14420970
1.22489750
1.03234500
1.02606240
1.07654360
1.05069910
1.03273050
1.09234920
1.14756690
1.11587710
1.07420710
0.91358046
0.94891123
0.89819207
1.05415850
1.04593680
1.13791340
0.90134900
1.00706700
0.99950115
1.01664770
1.04630400
0.96151338
0.98732260
1.03666920
1.04690640
1.13279180
0.94030349
0.91491749
1.00460330
1.06775280
1.02812870
1.08302550
1.08195810
0.86607970
0.94346033
1.21343910
1.05826100
1.13448060
1.08494670
1.18347730
1.15293830
1.27017460
1.02434180
1.02049640
0.99920973
1.03951010
1.08428170
0.98986793
1.07573890
1.03092110
1.02821690
1.01468190
0.92501174
0.98816424
1.05940410
1.08188770
1.01616060
0.99887341
1.19229220
0.08294541
0.97992315
0.96403960
1.05337820
0.96057568
1.10736250
1.13547490
0.88280277
0.99616244
1.02235840
1.03218800
1.07366210
1.07999520
1.07810740
1.14987720
1.16871780
1.03197950
1.06599840
0.96527832
1.06696150
1.02837310
1.19815380
1.16434710
1.14467060
0.88543306
0.95199428
1.06013540
1.10632420
1.10323420
1.12727720
1.18238050
1.18371700
0.91689097
1.03588810
0.94857516
1.02885470
1.03880870
1.07875780
1.09356100
1.11552110
0.90908335
0.88847852
1.04686970
1.03184370
1.16769480
1.13255160
1.19671380
0.95125589
0.98130397
1.04487700
1.19583140
0.97183538
0.90965097
0.93184504
0.97936498
0.99956838
1.09309100
1.10809080
1.17973360
1.24198610
1.03538740
1.06199160
1.14507340
0.87825786
1.03339580
1.06190550
1.07373990
1.18252950
0.93940325
1.09750000
1.10439310
1.19384960
1.12136020
1.05006270
1.16746810
0.97795164
0.88340799
1.16840620
1.10316950
1.05803370
1.15946410
0.83330306
1.02255110
0.99180720
1.06640430
1.08870040
0.99177123
1.05581160
1.13803100
1.07692230
1.01296320
1.00129400
1.01314300
0.95833680
1.04024620
1.06657470
0.97436151
1.12191280
1.14054250
0.84982626
0.80519347
0.93792867
0.92733481
1.06451840
0.98087165
1.04136200
0.99734377
1.19186550
0.99211665
1.00463560
0.93871222
0.95824395
0.93892397
0.96387694
1.11815260
0.97923557
0.85496002
0.96917799
0.82248512
0.95721195
0.95161687
0.96319377
1.07323010
0.99063562
1.09077760
0.99716635
0.84454235
0.90755244
0.94850611
1.08338040
0.95193208
1.07403250
0.99094636
1.03891710
1.09673840
0.94877555
0.81386133
1.02336660
0.94434536
1.09553710
1.00827390
0.91813244
0.98323098
0.91307280
1.02168920
1.05247640
1.09192180
1.07372650
1.12624730
1.15428780
0.86085669
1.00076290
1.01165170
1.06740570
1.11773240
1.18800420
1.02797820
1.02899290
1.03455170
1.14646430
1.07643020
1.08832410
1.15965070
0.95417633
0.84579463
0.90521203
0.87519567
1.12034690
1.01653620
1.01752510
1.04444840
0.90662573
1.23657810
0.78138843
0.93168908
0.96491299
0.97435794
1.03532560
1.03420280
1.05976620
1.02960550
1.07970560
0.87383573
0.87533151
0.95977960
1.00343670
1.01017590
0.93679184
0.95959695
0.80915381
0.99637915
1.09452590
1.10790900
1.06967390
1.15417730
0.86911392
0.96561469
0.85175934
0.96259473
0.82828294
0.94660145
0.97903444
0.91137272
0.92501368
0.86418050
1.16699730
1.02279760
1.00904820
0.94757934
1.00931040
1.06601510
0.97443224
1.05221420
0.99799155
1.04746950
1.03333870
0.95995818
0.95861153
0.91772395
0.90988115
0.95681226
1.00840350
1.02508070
0.97541902
0.66566146
0.91340810
0.92830699
1.04920050
0.96202104
0.94936984
0.97939928
1.05643040
1.01694840
0.95197302
0.90025786
0.97683773
0.93829756
0.95152076
1.02537140
1.02903850
1.01842160
1.14185810
0.95222491
0.92202575
0.92416604
0.96766789
1.02548560
0.90858755
0.94890044
1.01835740
1.01506560
1.03866330
0.95683483
0.96067756
0.91781153
0.96605052
1.00282810
0.92865758
1.08344810
0.96258278
1.03521410
0.83427560
0.84081411
0.96242367
0.87240188
0.98005229
1.01999740
1.05954780
1.03212260
0.95971884
1.02351330
0.94349693
1.00087270
1.06145550
1.05474090
1.07876010
1.05946590
1.08860930
1.15071420
0.91538263
0.94047496
1.04478560
0.89618428
1.00418220
1.10748600
1.00788340
0.97107983
1.01537170
0.98183736
0.77065913
0.79187522
0.78442271
0.85143066
0.88192900
0.82872635
0.97200131
1.01071710
0.99795258
0.94194580
1.00510220
0.78560073
0.95958894
1.04659310
0.99987494
1.03829240
1.06559730
1.17197900
0.98243525
1.01645370
1.00217840
1.01550490
1.05695720
0.98614933
1.05748630
1.04091280
1.07534620
0.94581873
1.03072990
0.97768596
0.95914695
0.99276645
0.93377849
1.00534870
0.98130538
0.93986452
1.02405500
0.98435031
1.02365020
1.10389770
1.07746220
1.08383950
0.98768033
1.19012780
1.15818960
1.09918610
0.96726034
0.97101488
1.08007600
1.04415270
1.03103080
1.10558220
1.05205580
1.12248550
1.11085450
0.91012655
0.91349754
1.00552450
1.04981610
1.01134840
1.15576730
1.15863420
0.93371666
0.89784877
0.95495778
0.96610351
0.98590116
1.00550290
0.92637740
0.96675352
0.89910320
1.00992510
1.01541040
0.87740800
1.10527260
0.98181968
1.00719850
0.94941232
1.07500730
1.09649940
0.87172574
0.92417468
0.93771859
0.99940966
0.99828731
1.13098660
1.07058670
1.10143310
0.95165114
0.95466342
1.05926910
1.03592110
1.02464480
1.04282610
1.12211790
1.09746060
1.07231690
0.84548122
0.93102075
0.92613148
0.81933131
0.95952005
0.95096600
0.99113855
1.01623030
1.04220610
0.89702227
1.00048100
0.89126179
0.98176556
0.95116050
0.88566641
0.96650959
1.01541080
1.00874020
1.03655100
1.11318300
0.93047110
0.89963421
0.98797963
1.00687650
0.99095066
1.05112830
0.98144798
0.96177011
0.87069188
0.92035921
0.96688407
1.00041040
1.04252820
1.04806820
1.00366520
1.12907530
1.06579440
1.15040530
0.85557928
0.94954691
0.96531734
1.00075390
0.95469490
1.02486000
1.08084200
1.19235300
1.14201470
0.79715511
0.82278884
0.75620827
0.87109628
0.95596433
0.87762514
0.89152925
0.90037579
0.95418685
0.96801130
0.96694314
0.92288198
0.70424841
0.84948337
0.99524985
0.96170379
0.90835179
0.94999985
0.96690664
1.10227360
1.13474020
0.85366319
0.83517678
0.92355134
1.00837470
0.97220865
1.05724070
1.14390460
1.16455060
0.87915413
1.01886640
0.96116724
0.89230899
0.95762633
0.88936506
0.90341688
0.98490618
1.15248970
1.00530940
0.78211593
0.82273351
0.84941115
0.91764642
0.92265523
1.03412120
1.22697410
0.85342008
0.86505923
0.84941459
0.81230454
1.01500910
0.92736783
1.01289460
1.06623980
1.08681970
1.03115440
0.99308358
0.98888143
0.81416405
1.03464200
1.01688770
1.06020340
0.92523463
1.07629850
1.06088940
1.06704310
0.96041289
0.92354635
1.01051560
1.03453330
1.11352180
1.06952410
1.09434960
1.12383900
1.04857100
1.04396600
0.98236882
1.07657880
1.07906650
1.01588740
1.08104310
1.05024160
1.06931550
0.80574830
1.06564760
0.98348420
1.02412970
1.02500960
0.98899385
1.02308370
1.09936500
0.94871113
0.93151298
0.94243177
0.99783990
1.04438980
1.18069600
1.01782610
0.85424062
0.80532785
0.93477716
0.93036586
0.97855404
0.92864755
0.98250314
1.05932050
0.97519680
0.97179630
1.06970400
0.92944761
0.93291696
0.95853246
0.95312242
0.96658845
0.97562566
1.02501020
1.03901600
1.13651840
0.75263805
0.98303481
1.01802730
0.92882248
1.09776750
1.00572470
0.97667653
1.19300940
1.02374080
1.01103590
0.95690322
1.00157890
0.94393040
1.01922010
1.04701590
0.99354556
1.01197840
0.87975753
0.99458833
0.96673204
1.03154200
1.05361060
1.03816480
1.08756730
1.14382810
0.89774417
0.90748680
0.89803719
0.94674146
0.90196483
0.94529203
0.93436586
0.95912431
0.91767887
0.93032492
0.94791088
1.03415020
0.80137005
0.98971305
1.01411280
1.00934090
1.05128710
1.07534170
1.07620110
1.03367780
0.93080075
0.98845310
0.93432229
0.96821861
1.11408100
1.06928340
1.02349360
0.82709336
0.97378139
0.97300967
1.01465680
1.03984020
1.00406310
0.88460675
1.03595570
0.96877906
1.02498870
0.95970623
0.77801640
0.98478989
0.82404423
1.02657300
1.02213000
1.21758820
1.12265080
1.17574700
0.93319980
1.06189270
0.99068525
1.01576460
1.05133360
1.05292210
1.03769380
1.07294200
1.15901630
0.85308453
1.00148450
0.80074387
0.84077068
0.83495570
0.87357315
0.89803854
1.09115950
1.08980150
1.14822310
0.87639939
0.90991712
0.92726655
1.12916160
1.14961620
1.21191720
0.77626103
0.78665867
1.01072990
0.93836469
1.03594900
1.05360330
1.08363300
0.95074462
1.13222780
0.87466329
0.75438042
0.99561643
1.01295180
1.03075480
1.00350920
0.99656460
1.05675040
1.05853710
0.94204394
1.00595860
0.94740326
1.02373260
0.96316543
1.02494700
1.06959910
1.01482620
1.07526710
0.91565511
0.94965459
0.89271561
0.88389304
1.04907970
1.11496810
0.84509376
0.92945133
0.98703750
1.00895300
0.99414921
1.08434340
1.10870830
1.17291050
0.97620133
0.97324267
0.98251483
1.06246500
0.90937381
0.96600367
1.04082660
0.98753353
1.03284330
1.03553650
0.90133515
0.99294456
1.04855690
1.13456310
1.11231390
1.09055900
1.09462660
0.85153999
0.89536408
0.94659698
1.07583060
1.01072540
1.07967000
1.14548380
1.14177130
0.85927967
0.85791732
1.01909140
0.90268499
1.00679270
0.95759217
0.98253970
1.00694720
1.03762300
1.01356030
1.01644810
0.86652465
0.89929014
0.86322705
0.96663959
1.00538160
1.03612240
1.03658100
1.01530640
1.07553040
1.05111300
1.06809210
0.85387208
0.86953886
0.96634688
0.92887833
0.99065795
0.97196468
0.93823876
0.93394037
0.82113648
1.03155370
0.95419544
0.93116262
0.97314196
1.03620080
0.99370485
1.02469870
1.07857440
0.87042221
0.92076955
0.86270414
0.95100019
1.05706520
1.13995680
1.18092770
0.84305524
0.88074942
1.02420990
0.96626983
1.02201930
1.17646580
1.15798510
1.06783960
1.03533480
1.01117040
1.04734290
0.97066531
1.07737180
1.00116700
1.00645300
1.12153840
1.05590250
0.80271690
0.84875061
0.97599536
1.03106880
1.10453680
1.31062670
0.86460551
0.91676332
1.06602620
1.01127150
1.13882650
0.97016642
0.93621937
0.97796963
1.00162360
0.87252919
0.99055894
1.12884180
1.05494670
1.14356510
0.98996417
0.99248911
0.96155776
0.99585623
0.86214996
1.10799950
1.00404220
1.05642780
1.04800620
0.79207422
0.85818373
0.84917364
0.87134645
0.98393392
1.12484690
1.01743820
1.10942430
1.09302540
0.85595625
0.84974838
0.88491340
0.92944036
1.11120920
1.16440850
1.16496770
0.97126051
1.10458390
1.04800490
0.95041116
0.97513399
1.01094790
1.00694920
0.98273153
1.04452350
1.23769630
0.82096739
0.91040484
0.93781598
0.98393875
1.06668180
0.99285896
1.13753290
1.04371810
1.03882680
0.88982869
0.86599767
0.86490606
0.88259909
0.99639150
0.98135936
0.93880199
0.98203794
1.03346530
0.98205462
0.91825708
0.88465079
1.08754080
1.02804770
1.05336170
0.95601683
1.09389010
1.05323120
1.20218670
0.93336728
0.85919048
0.88119125
0.89657295
0.94740803
1.00626820
1.02775010
0.99368341
1.02751320
1.06094620
0.84373792
0.91285667
0.98650333
0.89954215
0.96790010
0.94889026
0.99165641
1.09051620
1.09233250
0.80318153
0.90074276
0.98088270
0.98454692
0.95760125
1.00851640
0.99287731
1.13552230
1.15988720
0.81287732
0.87809648
0.97011419
0.94876894
0.98768939
1.01888330
1.10427870
0.81579029
0.92377404
0.91362039
0.99678697
1.08764670
1.00951560
1.03054770
1.18970250
0.89420498
0.88981166
0.96575120
0.92179999
0.94465017
0.98290687
1.01594220
1.03664990
0.89199261
0.98591877
1.01197360
1.13803320
1.20847980
1.13358900
0.87660117
1.01531100
0.87155794
0.93420358
1.10794220
1.07667970
1.06950870
1.16609050
0.92489517
0.90361337
0.95899167
1.03949210
1.08668540
1.01902460
1.11090640
1.00119380
1.14191620
1.02064600
0.97708667
0.98084670
1.04737710
1.01451220
1.03994020
1.05802070
1.03912080
1.17912300
0.80904626
0.89541149
0.99787333
1.04966640
1.09563160
1.02619890
0.99717189
0.94059915
1.01515270
1.01729640
1.01068890
0.99575543
1.11720270
1.02027470
1.11272820
0.81636454
0.95381606
1.06569250
0.99935509
0.98411315
1.12819990
0.94470356
1.03873280
1.04392690
1.06955130
0.99770420
1.10696590
1.14561880
1.06278270
0.82926200
0.94791261
1.01941930
1.00885350
1.03969700
1.12396640
1.09390670
1.12532810
0.92326609
1.01113700
0.89719010
0.96779403
0.99252321
1.05037390
0.98672857
1.20118600
0.82378081
0.92929036
0.95333231
1.05591230
1.05956330
1.10741460
1.10557110
1.20217360
0.96496057
0.98951414
0.95858308
0.90329898
0.94368105
0.91226014
1.02221180
0.87834634
0.88545929
0.78691857
0.95599432
0.92558331
0.91271905
0.99051992
1.02267420
1.09288120
0.83718486
0.79617417
0.95987572
0.90707261
1.01896510
1.02237670
1.08629900
0.98672106
1.08596380
0.91026623
0.94103655
0.96228187
0.94390717
1.07715570
0.96983734
0.92348102
1.04996000
0.98731108
0.96873076
1.13104100
0.85595554
0.88709700
0.92341395
0.89906584
0.84268039
0.90085198
0.91848241
0.91139428
0.93835515
1.04403490
0.79015306
0.99617480
1.00862050
0.94284543
1.00329110
1.07523340
1.08345430
1.08435430
0.72518290
0.97574105
0.89562016
0.99647052
0.98781610
1.01331380
1.07391010
1.08189810
0.79559077
0.76593660
0.96324071
0.92828409
0.98774749
0.97655185
1.07317590
1.10487530
0.98018556
1.08069930
0.89711224
0.89837792
0.93545376
0.89120970
1.01382480
1.04097500
0.98590832
0.97805318
1.05750390
0.97204956
1.00597320
0.98867392
1.13589910
1.09421150
1.13086930
1.12886650
1.14329680
0.84098731
1.01696920
1.05531830
1.09376490
1.11851060
1.12294750
1.07363240
0.71976875
0.83101968
0.99828630
1.03181870
0.91195961
1.12140640
0.99860585
0.90827805
1.09611080
0.89572409
0.95799343
1.05820910
1.09954970
1.03883930
0.79047837
0.97249590
1.13443000
1.09682380
0.94560929
0.98450067
0.96494030
0.99970046
1.00280810
1.04586170
0.95665177
0.93656035
0.98628882
1.05389060
1.07869300
1.06655870
1.10275620
1.02262230
0.94541793
1.06890810
1.15049940
1.08251460
1.05514420
1.19946140
1.16407250
0.89366671
0.92478406
0.90215580
1.00165130
1.06132940
1.05906520
1.06919030
0.99231188
0.94650694
0.93760678
0.90088016
0.92806206
1.05811720
1.14641660
1.07384380
1.11632760
0.97485731
0.82449273
0.93749141
0.94153317
0.97746147
0.97917132
0.88645307
1.00926050
1.23226750
0.99026250
0.79618833
0.98279368
0.97147438
1.08131940
1.09149900
0.94199607
1.07454740
1.13407950
0.98659690
0.97122937
0.95123464
0.96228193
1.00641890
1.08116320
0.99726409
0.92285537
1.00598060
0.98661870
0.91465714
0.93226135
0.94432677
1.01200030
1.02476810
0.98635150
1.11366940
1.14395000
0.87606896
0.97425449
1.02317250
1.02326410
1.04144010
1.05110480
1.03260130
1.00202710
1.02032310
0.84972421
0.88197122
0.96739435
0.96194323
0.96783997
1.11955760
1.08551610
0.95297643
1.19545080
0.86520219
0.92607083
0.90294570
0.94623399
0.92865369
0.97457320
0.98919067
1.01439710
1.20628510
0.77299873
0.87883687
0.99299367
0.96541102
0.95454846
0.94458740
0.96644791
0.98501279
1.13855660
0.82323219
0.91006902
0.85835361
0.93892043
0.96724690
0.98009769
1.00426170
1.06058840
0.92419456
0.95991337
1.02766090
0.89481509
0.91307079
0.91196964
0.92135247
0.95345400
0.93869817
1.04922970
0.93564757
1.10275040
1.14583160
0.92028748
0.84923403
0.89666955
0.95904156
0.78538614
0.98602347
0.88647389
0.94392112
0.99348645
1.05668220
0.95514653
0.87856625
0.90379276
0.92484376
0.98873246
1.05255010
0.99215301
1.00679290
1.08185820
0.94866552
0.83127101
0.96575530
0.99889372
0.93608681
0.99386678
0.84925909
0.97765406
0.95997626
0.85505438
0.94908044
0.95034027
0.93051907
0.95225857
0.91358947
0.95297989
1.06958500
1.05044800
0.98273424
0.88570778
0.76332462
0.92168437
0.95398765
0.91517481
0.96449470
0.98249369
1.02416230
1.14169550
1.02075750
0.96819373
0.99511424
1.02644390
0.98156429
0.97118513
1.07984060
1.01994860
1.13238050
0.94270466
1.04073910
1.08907370
1.06361960
1.03532150
1.14751880
1.15072880
1.09538100
0.94299930
0.96262402
0.99308151
1.01029810
1.01581740
1.00623290
0.96858219
1.02092560
1.04146650
1.08847100
0.98262946
0.93942108
0.95984699
1.01902360
0.97931951
0.72631133
0.95636545
1.03078100
1.04226010
1.01699330
1.18401210
1.01898570
1.04006890
1.00648650
1.13307580
1.10868600
1.11987300
1.11987050
0.97337928
0.87138475
1.09069700
1.01804630
1.00281170
1.07735860
0.99858571
0.87112349
0.86606880
0.95904008
0.95276350
1.00506430
0.84486887
0.95526174
1.05640700
1.14626450
1.01979530
0.93456390
1.04031540
0.95457911
0.90732475
1.09054860
1.02865110
1.09118070
1.11121940
1.10915740
1.09636500
1.01016550
0.99558660
0.88664195
1.11075300
0.99908559
0.97998705
1.10556630
1.03780410
0.97617304
1.02798080
0.90191247
0.84062763
1.04665240
1.02428560
0.95540808
1.10328680
1.02983640
1.04321330
0.77394139
0.97412718
0.98370619
1.00321350
0.99704263
1.10608680
1.06398150
1.01145470
0.93548558
0.89647768
1.07878610
1.13062900
1.06026460
1.18886570
1.17209160
1.14807440
0.81709921
0.93069204
0.95104365
1.01091760
1.05094300
1.12890770
1.05735220
1.08035960
1.02342130
0.90355775
0.97384765
0.85555142
1.05112230
1.08092770
1.09041700
1.14448590
1.12541700
0.94159169
0.99107104
0.88291620
0.91502525
1.07979090
1.00698510
1.04657510
0.99590845
1.02479390
1.16494390
0.92972328
0.96331547
1.02123400
0.98811650
1.01068500
1.09142040
0.98252074
0.99251950
0.99446769
1.01988900
1.05947580
1.08432710
1.02775440
1.08203770
1.08261220
1.14564400
1.24044490
0.98986812
0.98022146
1.00981820
1.02871670
0.84328054
1.08570890
1.13233270
1.18876570
1.04479550
0.92255084
0.83406046
0.96844747
0.92499929
0.92361862
1.04878410
1.16591590
1.02425370
1.08733070
1.10400320
0.93414603
0.91574637
0.96204073
0.97973167
1.18069010
1.09339980
1.02881250
1.05090760
0.99427838
1.06965490
1.05629150
1.17343650
1.16973550
1.13291140
1.07092980
1.00726700
1.00276060
0.99852748
1.04917490
1.06092900
1.06900730
1.09349950
1.15723880
0.93646104
0.95118161
1.02967840
0.92707059
0.98218484
1.04834460
1.06718670
1.07373140
1.09597640
0.82542170
0.93402462
0.90968745
1.02692050
1.04355830
0.97949139
1.00020080
1.09964770
1.02628430
0.85493771
0.96689492
0.89232651
0.84792669
1.03055940
1.11530190
1.13052200
1.16116440
0.98826860
1.05042610
0.99038899
0.93066110
0.97145795
1.10342410
1.06946160
1.05760760
1.15275590
0.85682185
0.83901266
0.96947115
0.97148331
1.07941720
0.90084728
0.85848604
1.03871540
0.97518984
1.01521760
1.05905040
1.04136720
1.10230380
1.10374770
1.09009190
1.00722930
1.16242070
1.11005190
1.21223910
1.08002070
1.01178880
1.10603620
1.05391330
1.05216320
1.11302320
1.22921450
1.11263050
0.81648464
0.91277492
1.06094550
0.98260013
1.14946840
1.08875270
1.12080140
1.11844350
0.94925785
0.97031491
1.05544530
0.97488245
1.02676960
1.11865460
1.10021470
1.13378910
0.87880976
0.95096656
1.01137950
0.93117648
1.02797390
1.05114600
1.08715760
1.14085100
1.13248580
0.95362134
1.03391440
0.95962842
1.06366250
1.01699410
1.10711500
1.01917060
1.00074330
1.07527350
0.96198309
0.97831488
0.97556451
1.04026020
0.94331464
0.98016253
1.05467150
1.00724320
0.95652520
1.12602840
1.14950830
0.88961740
1.01178460
0.93891994
1.00701720
0.98375348
0.89982544
1.03011170
0.97823746
1.03947560
1.06585060
0.82634748
1.01635550
1.00888340
1.01519220
1.03680380
0.91970636
1.01473900
1.09000360
1.06226870
0.96791079
0.95787442
0.96555090
1.00811130
0.99702204
0.97999010
1.05516280
1.03156700
1.03167830
0.89700308
0.91555222
1.11059850
1.08544040
1.09982540
1.08802660
1.02204210
1.03876790
1.06408830
1.10630560
1.05041020
1.08836850
1.07115670
1.14649640
1.03781290
1.07450040
1.11592080
1.02468810
1.13611970
1.20501790
1.11941800
0.89170940
0.95123154
0.80593755
0.83395270
0.94868033
1.02376650
0.90973546
0.90625316
0.97655878
0.99146723
0.93055036
0.96625461
1.06166800
1.10658950
1.08573340
1.03539810
0.99887462
1.07839680
1.07285730
1.07866660
1.07183800
1.11435320
1.12424320
1.10388530
1.22548480
1.15490850
0.83140619
0.89739008
0.91917122
1.05254300
1.08799190
1.03718430
0.91859181
1.08355710
0.95626932
1.01147250
0.93217550
1.01120230
1.00201450
0.99186026
1.02770000
1.11385110
1.09042400
1.07724260
0.85941063
0.86987149
1.04485730
0.94339423
0.95048919
1.05696980
1.14569710
1.14027890
1.03866590
0.82564204
0.89972278
0.91644369
0.87186009
0.89484113
1.08205560
1.02784570
1.08168660
0.98563301
1.04243010
0.97778857
1.00311440
0.91653471
1.11244800
1.16704310
1.17794450
0.85271982
0.87742655
0.92842598
0.96595952
1.00733120
1.14924190
0.99935713
1.11434440
1.12577190
0.91702651
0.92659268
1.14870170
1.08334010
1.12007030
0.90935770
1.02211000
1.07993880
1.07771170
1.09233420
0.98694994
0.96714315
0.96687547
1.00973330
1.00241360
0.80476931
0.96517352
1.11697150
1.04048390
1.09359540
0.86657403
0.95224785
1.13341160
1.05241530
0.86242101
1.22696400
0.93962260
0.93979642
1.12238200
1.06514210
1.10831890
1.04867830
1.08060300
1.14197770
0.93194647
1.03527260
0.97222592
1.00860880
1.06097600
1.07540650
1.10437900
1.09063750
0.95957717
0.89502604
0.94798614
0.96395818
1.00764530
1.04099280
1.11191500
1.17096700
1.06417790
0.97640882
0.96425963
0.96411636
1.03090160
0.98083339
1.01335110
1.06656940
1.04334770
1.04760630
1.15845380
0.89142381
0.82652527
0.88542348
1.00378870
0.91801611
0.89953150
0.94686130
1.07066530
1.00155250
1.06144760
0.86504240
0.91868341
1.00222760
1.06579680
0.95305909
1.13088500
1.21409000
0.96113912
0.99025826
1.01852710
1.02793770
1.06290880
1.03896930
1.05088900
1.15914490
1.13707520
0.83760257
0.99256081
0.95604329
1.09517930
1.07128240
1.04912000
1.07570370
1.12364790
0.90319902
1.09373380
1.12108240
0.98775664
1.04419640
1.02208140
1.13831600
1.14833850
0.77599301
0.95811783
0.92870088
1.08535750
0.98752377
1.23046770
0.97137982
1.04304510
1.00041250
1.01021950
0.96161454
1.18758400
1.13394600
0.96479700
1.01318460
1.04168000
1.01583240
1.07590120
1.11016380
0.80131972
0.98064930
0.89527788
0.97508014
0.97276648
1.10262210
1.13541680
1.24759690
0.91944868
0.80576128
1.04291600
1.02101830
0.97099302
0.92758649
1.01513630
1.12339840
1.20840470
0.76412145
1.06257040
1.11643420
0.95929544
1.11262920
1.02734320
0.88618423
1.06200180
1.09233770
0.96803794
1.06185900
0.97588013
1.10624960
1.12170640
1.19445560
0.82174408
0.94319089
0.94194742
1.05214190
1.05351170
0.91031324
1.10374200
0.99935566
1.09295890
1.01909010
1.04434000
0.98681206
1.03999960
1.10425830
1.02665970
1.06503270
1.12452580
1.12021570
0.89439866
1.01743500
0.98559251
1.08555580
1.10377440
1.09081160
1.15319440
1.19194580
0.89216664
0.94522549
0.77561313
1.02612560
0.97822328
1.03611340
0.95227945
0.95963942
1.02075290
0.95126206
1.14198420
1.04482420
1.00759790
0.93488337
1.07002330
1.10378190
0.97485380
1.00700360
1.02630630
1.11594570
0.82461433
0.89317302
0.94283102
0.95791055
1.05621770
0.97413328
0.89504090
0.95602976
1.11853210
1.19201660
0.89863095
1.01602440
0.93418170
0.98601104
1.07004460
1.06937760
1.23154610
1.19981880
0.82550828
0.96429311
1.09059260
1.05470200
0.98137450
1.09822120
1.09072250
0.89160697
0.89838907
0.95987110
1.01912450
1.06552920
1.07291210
1.07508750
0.90225554
0.95290687
0.93331205
0.92884567
0.93026584
0.90572489
0.94478450
0.98995817
1.11824600
1.00672390
1.03975320
0.91232411
0.88276905
0.85126450
0.83966148
0.98823858
0.91339177
1.09424150
1.07418560
1.15683480
0.82285998
0.89287294
0.87086598
0.87964741
0.98211085
1.01144190
1.05129810
1.01147320
1.14846360
1.19095830
0.82763853
0.93775340
0.82634747
0.84924019
0.96211534
0.97187697
0.97274641
0.98839138
0.93728542
1.02331980
1.02210190
0.79446599
0.97320729
0.93709474
1.05707080
1.02223220
0.97780857
1.07204210
0.98573189
1.06549060
0.94879153
0.96059686
0.95153613
0.98707259
1.02802170
0.96876630
1.07833900
1.01718160
1.07464630
1.08086330
0.81197522
0.90253443
0.91491628
0.97565315
1.04661580
1.15415500
1.10232340
1.17681390
1.00280580
1.04617330
1.10016830
1.09156890
0.95941571
0.86869294
1.06631750
0.89068308
1.16440120
0.94571326
1.02545220
1.01812170
1.04196850
1.12672170
1.09436090
1.09810580
1.13430520
0.87944301
0.89903047
1.08037550
1.20036530
1.13553450
0.86250118
1.00579800
0.99166191
1.08401830
1.13408730
1.11612790
1.10643980
0.98750870
1.11509070
1.03951240
1.09628670
1.13523710
1.01369980
1.01525280
0.95233436
1.04556140
0.92617353
1.11279410
1.01598880
1.10343380
1.18544950
1.04439280
0.99093015
1.01512280
1.00828000
0.99418978
1.04844340
1.11968830
1.24346470
0.97654335
0.96480734
1.04608330
1.05323300
1.04457580
1.10644220
1.06571290
1.02684030
0.93772779
0.95258108
0.95891002
1.07814100
1.07220640
1.10547950
0.99215851
1.11804500
1.02543930
1.09492310
0.86291077
0.89259685
1.03669420
1.13432540
1.00650930
1.03513340
1.08420170
0.97147538
0.96187685
0.98200547
1.03473250
1.01495950
1.11491080
1.08789540
1.08035800
0.86453791
0.89503474
1.01378310
1.05106250
0.91367423
1.12272550
1.11786680
0.95436427
0.97847950
0.94317910
0.97492265
0.90791092
0.92039604
1.07245450
1.09462840
1.00063610
0.94445237
0.92144429
1.00283260
0.98747121
0.96609733
1.11367570
1.08531480
1.10212050
0.92397327
0.93518394
1.07207800
1.06621020
1.13002900
1.17506430
1.20439190
0.87287577
0.98149730
1.05112450
1.07396400
1.03826880
0.90292575
1.09906410
0.99863148
0.93947745
0.83549501
1.01541330
1.05958990
1.12553610
0.97949731
0.95416581
1.03966310
1.24643630
1.16954400
0.92686564
0.87426371
0.95395168
0.87324261
1.16923960
1.22196710
0.80354164
0.84694556
0.92050054
1.01075080
0.95860068
1.00252910
1.08038610
1.05685930
1.10487260
1.10321620
1.04197120
1.12309840
1.10637760
1.16131730
0.93264215
0.88532781
0.92990848
1.14768040
1.04881620
0.95903375
1.02519080
0.94000893
0.93642593
1.21770150
0.94215342
0.88565631
1.00815400
1.08363170
0.08546748
1.14406190
1.16981620
0.84630968
0.86853287
1.10027930
1.04789010
0.98503182
1.06414960
1.03543690
1.00008800
1.08374290
0.88318438
0.86838753
0.84672634
0.86975355
0.96116613
1.08628630
0.93079108
0.91061043
0.91502605
1.02693410
1.08892080
1.04126080
0.97626929
0.93070306
1.08748670
1.07807230
0.82662072
1.01854580
0.99407449
1.02461530
1.09317040
1.11302840
0.87575464
0.88266973
0.94806441
0.97524251
0.99742711
0.94423390
0.96596890
0.93743602
0.97850641
1.10659170
0.90795895
0.87546513
0.97264502
0.92355305
0.99662929
1.00233840
1.02801830
0.97191743
1.28287010
0.88412322
0.87963890
0.88264371
0.93779934
1.07579240
1.03286470
0.98619901
1.18889040
0.83818556
0.99405634
1.00908740
0.93246286
1.09271730
0.99063116
1.09361660
1.18180320
0.77071145
0.85513279
0.88466901
0.94113817
1.06987170
0.94602030
1.04915940
1.07013710
1.01994890
0.84932437
0.91478947
0.80473728
0.89295157
0.91513037
0.99103516
1.04930760
1.06775650
0.98492018
1.00912910
0.89998367
0.91079799
0.94715601
0.97242834
1.07789050
1.08777340
1.14021940
1.05463930
0.89289367
1.01041220
0.91545352
0.95689208
0.99451062
1.06372220
1.03672450
1.09301670
1.10115510
0.93814689
0.79419826
0.95375683
0.99216964
1.01891550
1.19598740
1.16332840
1.17690750
0.93555637
0.88898797
0.97858090
0.96260322
1.01081650
0.92915262
1.06535540
1.05542710
1.05615730
1.09765440
1.04502060
1.08084790
1.09246890
1.16089330
1.06826030
0.89927749
1.02188560
1.01760360
1.06279370
1.01818660
1.01952100
1.07814980
1.02180580
1.00065080
0.99976292
0.96855326
0.95307002
1.11662970
1.07766250
1.01679630
1.19569090
0.94086821
1.08664340
1.06425250
0.98325700
1.01904420
1.07975970
1.15975020
1.01224540
1.09165910
0.97945023
0.97679494
1.03404480
1.12264520
1.05242530
1.15796660
1.08786660
0.84773634
0.94661705
1.02204100
1.05463880
1.12959210
1.02625940
1.15955510
1.17147080
0.94176832
0.92610299
1.00072600
0.99002818
1.02086430
0.97492849
0.99634148
1.03934720
1.06462100
1.02222220
0.96537733
1.00464590
1.01831160
0.92724375
1.02047250
0.98022540
1.10731120
1.06936620
1.07587190
0.97837054
1.01556050
1.09794890
1.17966960
1.01963230
1.12066160
1.10325340
1.16003340
1.06007760
0.94066760
1.11866090
1.11845940
1.14345120
1.16808300
1.12212820
0.97314981
0.95670896
0.94837530
0.90487059
1.05930010
0.93622121
0.98276207
0.98377697
0.97065018
1.06292410
0.91141735
1.06620880
0.98380902
0.96742664
1.00392260
0.98443089
1.05218920
1.03943840
1.04934470
1.00837340
1.01505870
1.02975090
1.14694250
1.00004330
1.00549080
1.11477830
1.16517550
0.83244466
0.92108450
0.97917842
0.92735494
0.98135625
0.89682815
1.03004860
0.97510930
1.14241490
1.08121790
0.79425615
0.99602081
1.08711190
1.07162500
1.06312270
1.14765140
1.08302400
0.96749259
0.93833751
0.99729054
0.98414907
0.94209161
1.03525450
0.98234903
1.01567510
1.10684380
0.78685114
0.94430449
0.99979030
1.08174050
0.97737013
0.95602291
0.99942206
1.10694650
0.99168517
0.93236047
0.99177109
0.95159897
1.02906300
1.02956800
0.99484820
1.13466590
0.77879538
0.94197271
0.95785513
0.99309187
1.16285120
0.95030241
1.08435980
1.06174860
1.07491970
1.05121420
1.11732940
1.07872100
1.09343920
0.86891641
0.92074947
1.08174780
1.08917130
1.06670640
1.16328530
0.87842654
0.96763945
0.93786371
1.14677020
1.13049320
1.14636300
0.85788824
0.94330160
0.91386341
1.02678300
1.01261710
1.02739720
0.97955598
1.18812230
0.95812109
1.00637460
1.07194210
1.01516030
1.07780140
1.11548380
1.06332790
1.11121900
1.00135140
1.19086000
0.97231201
0.93158695
1.00348690
0.93938928
1.03318510
0.99420654
1.09789240
1.04398320
1.00907390
0.98093527
0.87963957
0.95978803
0.93787890
0.91344897
0.90906194
0.97920736
0.97377595
0.92721941
0.94645501
0.96395735
0.97302487
1.07590140
1.00844550
0.98374089
0.96613684
1.04676710
0.96682994
1.12646140
0.97991759
1.00218210
0.93781342
0.95520007
1.02014410
0.99459179
1.04744390
0.94793120
1.00998230
1.12983150
1.10999680
1.03556280
0.90265660
0.93911978
1.06532760
1.03817950
1.06325290
1.10802300
1.15101840
0.93963809
0.92832127
1.01887180
0.90354130
0.92808113
1.08530600
1.03190810
0.97716977
1.10360390
0.98671025
0.93820782
1.00653310
1.09249720
1.06980030
1.11855850
1.03186790
1.07268680
1.18576220
0.99198601
1.07741450
1.13527620
0.94504111
1.00627840
1.06707270
1.22553380
0.95471992
1.03037470
0.92803675
0.99350538
1.08380790
1.10559130
0.97028567
1.03690890
1.03315100
0.86947302
1.01747580
1.00443590
0.95540826
0.95891085
0.95489276
0.98825047
0.97247346
0.93228123
1.01671220
0.95608390
0.98550082
0.82920480
0.94832455
1.04508500
0.99621564
1.13560750
1.05233240
1.04659020
1.09656360
0.94484724
0.96351809
1.05431370
1.08407480
1.05698820
1.04596130
1.08468800
1.09574680
1.18244290
1.04729330
0.93317838
0.92214930
1.02960550
1.01300670
1.07272140
1.01580770
1.10412160
1.14403770
1.05386460
0.88918132
0.95483375
0.92224239
0.90128640
0.99978304
0.93122599
0.98311531
0.98559094
0.94448950
0.95985795
1.05259440
1.05626970
0.88422180
0.92400890
0.99171120
0.99109154
1.02766640
1.08342300
1.03279340
0.76677882
0.81682021
0.96126950
0.95781297
0.98963534
0.92143355
1.04180410
1.04584310
1.06733430
0.95597845
0.91527220
1.05186960
1.03101280
1.10101930
0.99102582
1.08064220
1.20049990
0.93158776
0.93336280
1.02636790
1.08824070
1.03916270
1.00102850
1.08446860
1.10829600
1.08053430
0.84343906
0.88585813
1.00442660
0.89307928
1.08952290
0.95833019
0.93287259
0.83433001
1.04055680
0.93704302
1.16185970
0.79738873
0.91497170
0.92893367
0.96008562
0.95975370
0.97393436
1.02820080
1.05502090
1.05168010
1.04746110
0.91937515
1.03369770
1.09809030
0.99740597
1.04014470
1.05773880
1.14374140
1.00725490
1.04210330
0.98144956
1.00723430
1.11333320
1.07529200
0.98829086
0.94482056
0.91989922
0.95406343
1.16281620
1.13908170
1.29385640
0.99027212
0.99316870
1.01981860
0.93994216
1.02479890
1.09951000
1.11756170
0.96949533
0.91500851
1.10667200
1.08282230
0.88092994
0.95611206
1.05632370
1.08999690
1.05245380
0.98197214
0.99189496
1.06637870
0.98646288
1.07595140
0.98601075
1.02576470
1.03007020
0.99951220
0.95867993
0.93708541
1.08782310
1.07826170
1.07970500
0.81240235
1.02630350
0.93221610
1.06161910
1.04418650
0.91211001
1.15177670
1.09474290
1.07262300
0.87186735
0.85403531
1.09214610
1.11846050
1.09154650
1.14836470
1.10653300
0.99644610
0.97792738
0.93759938
1.09605190
0.89797446
1.06016750
1.13736950
1.24966710
0.84460237
0.96832836
1.05116810
0.97261513
1.01809330
1.12182690
1.18888770
1.15223080
0.96509778
0.93978708
1.03261980
0.97210470
0.95524896
1.05573310
1.02764150
1.11434450
1.01868810
0.91093838
0.92485051
1.00930180
0.99339010
1.05962470
1.10475470
1.07173050
1.13428020
1.12984870
0.79528640
0.88078197
0.93825321
0.96402438
0.92229747
0.92850479
0.97445285
1.06870510
0.92927536
1.03477170
1.01354560
0.86506020
0.89097681
0.84713480
0.95605202
0.90992839
0.91364839
1.07112730
0.93446120
0.94330852
1.00056650
0.95411259
0.85792697
0.75604776
0.94154912
0.97731174
1.06708610
0.96257306
0.97365645
1.00184800
1.03379760
1.05269650
0.97557605
0.96584583
0.91142467
1.02571270
0.93410011
1.02989200
1.06671210
1.02002810
1.19033370
0.89997309
0.86411200
0.88117154
0.93637625
0.90267712
0.91684540
0.94102515
0.92747776
0.84247472
0.96587342
1.02733550
0.93132102
1.06233780
1.11886380
1.09828880
1.15956000
0.95342523
0.79555449
0.99547492
0.99359332
1.06299540
1.02400860
1.00955790
1.08492620
0.84651891
0.93697096
0.94581715
0.95041952
0.94771439
1.02363870
0.98287824
1.05000890
0.92221688
0.94525961
0.83370245
0.85874653
0.86415312
0.94908297
0.84931460
0.92501055
0.94097916
0.88849676
0.96108139
0.99162663
0.93583414
0.91443649
0.76000733
0.97386221
0.89017663
0.96936549
1.00552090
1.05882330
0.96684599
1.09002520
1.03840780
0.88090453
0.92405494
0.93183918
0.96544777
1.10558280
0.99816457
1.06558220
1.00947600
1.06648870
1.05433230
0.91891859
0.95712182
0.92092745
0.93912916
0.97451386
0.96993674
0.95068773
1.00884370
0.98628143
1.02155350
1.02956860
0.96625924
0.97075203
0.93049819
1.00173930
1.07421840
1.14050290
1.12409750
0.78303190
0.85720005
0.84969156
0.94634403
0.90217242
0.93744071
0.93010737
1.00094680
0.94247635
0.91152336
0.98756755
0.86122440
0.93078745
1.05215730
0.96410339
0.84982867
1.10574900
1.09100870
1.02590940
0.86012740
0.94529504
0.95783544
0.89122209
1.04953430
1.04712650
1.03916020
1.20115860
0.89253498
0.89032633
1.04246300
0.99000514
0.90288799
1.08032390
1.05397540
1.13636710
0.83536170
0.87277895
0.98660760
1.00347440
0.99993429
1.00349400
1.04972030
1.13944980
1.09878030
0.94373556
0.84186311
0.95701335
0.85365959
0.94293136
0.92628156
1.04151700
1.05555030
0.94966410
1.14644200
0.94048100
0.86471014
1.11994310
1.10312770
1.13690550
1.18004880
1.15652480
1.10356350
0.86511242
1.01760660
0.98041704
0.93540177
1.01853520
1.07335680
1.07511680
1.11697090
0.86876858
0.89954135
0.91025531
0.98590460
1.03422380
1.09182580
1.08374820
1.13428640
0.87048281
0.88632290
0.92462390
1.06719130
1.07674600
1.16659450
1.23582370
0.89515582
1.02961550
0.87501764
1.04439060
1.06036560
1.01723610
1.06462460
1.16103040
1.09735350
0.78894928
0.89291458
0.95233925
1.03599810
1.06196180
0.98692060
1.02906120
1.01927120
1.18187060
0.95194433
0.98217384
0.95857049
1.02985410
1.05830720
1.01623520
1.03196750
1.04517110
1.05304640
1.12623540
0.97250599
0.90089948
0.94112389
1.06651380
1.01509740
1.02506330
1.13464740
1.10292320
1.13176360
1.06807790
1.00542960
1.09334020
1.12609200
1.09370190
1.10148020
0.95570447
0.84486578
0.96212043
1.00762730
0.94103086
1.10813130
1.05888290
1.12848310
0.94721916
0.95855682
0.96786285
1.07560980
1.02358510
1.15876830
1.06897920
1.00772410
0.98000413
1.07905520
0.97162275
0.99172826
1.03860260
1.09223470
1.06199150
0.84337144
0.91604686
0.87822729
0.92864849
0.96844821
0.95276780
0.95972932
0.80369855
1.17811520
0.86111281
0.87118122
0.89344536
0.91912872
0.89588762
0.89101450
0.99074367
1.02150140
0.94775400
1.00075550
0.91176990
0.97349573
1.00973640
0.94105817
0.86798443
0.86887187
0.93692162
1.00199990
0.97711733
1.02025930
0.92675866
0.87582987
0.91338346
0.86391785
0.94528879
0.89651236
0.96775988
0.89546028
0.95121322
0.95965124
0.97818091
0.87862155
1.01841270
0.99350023
0.96017022
1.03464480
0.92327770
0.97554366
1.00604800
0.99959219
1.09807000
0.92074902
0.96294968
0.98203341
0.96827756
1.01270480
0.94923947
0.93242049
1.00309310
1.05390470
1.07088430
0.79501343
0.91950129
0.93207290
1.07844270
0.97951905
1.00391920
1.01817830
1.02088030
1.03326580
1.19975580
0.95544891
0.89734497
0.93963936
1.00937120
0.98808200
1.05571370
1.06665520
1.05286960
1.02147840
1.03211100
1.16510620
0.83901280
0.85668242
1.02899160
0.94932724
0.94547682
0.99825943
0.96597341
0.98539590
0.94032186
1.01451020
0.87022365
0.94716861
0.97170078
1.01811990
1.00220380
1.11461510
1.12647840
1.11945860
1.06611410
0.76511015
1.02012100
0.95147334
0.97484357
1.02119120
1.06752030
1.06168250
1.11408170
0.92169198
0.94448242
1.02551580
1.08692250
1.03311060
1.04078590
1.03427460
0.98553252
0.94773052
1.19379090
0.95804952
0.98131758
1.01699420
1.02872760
1.04591690
1.07082580
1.12401590
1.11982440
0.93277270
0.99304847
1.06523430
1.16393820
1.05811240
1.08334180
1.18383440
1.01531280
1.03221360
1.12843370
1.11435500
0.89746062
0.97340537
1.08012900
1.02180970
0.93913176
0.98476060
1.05109550
1.02056820
0.98076529
0.96758959
1.05144110
0.96115002
0.99493911
1.10497700
1.05179230
1.15830420
0.96473313
0.97743910
0.98974368
1.02376900
1.05592110
1.00126860
1.16103510
1.06978470
1.14490470
1.00272890
1.01144050
1.01364980
1.01300860
0.95782468
1.03183380
1.12819940
1.05540040
1.01404070
0.88900267
1.00224510
1.03456590
1.05456430
1.07056430
1.14857390
0.87322656
0.96529114
0.97353744
0.81431784
0.86852836
1.02757190
0.99956261
0.87140277
0.95016488
1.14049450
0.94182418
0.93635007
0.93239646
0.99831307
0.91223125
1.03608310
0.99553385
1.00859070
0.94526191
1.01393280
1.08333500
0.91428578
1.04181360
0.95883954
1.04385530
0.93815316
1.09974400
1.02972800
1.16383920
0.96076178
1.01274140
1.00995350
0.93107438
0.90132147
1.06281500
0.96274479
1.19473650
0.98448972
1.05148520
1.01865770
1.10259260
1.03502660
1.11931800
1.03118200
1.09459830
0.82420542
0.96396052
1.01851510
1.01752220
1.02408780
0.98889649
1.03689900
1.05697020
1.05752260
1.09197000
0.93257846
0.94267931
0.96322825
0.87208255
1.06803290
0.94676875
0.91261046
1.01639100
1.02278910
0.90265718
0.95141317
0.94450012
0.91803439
0.97061608
0.93703466
0.94265555
1.06541480
1.08088290
0.96095650
0.94620792
0.95220671
1.08704250
0.93237256
0.85116986
0.97850965
1.09364920
1.00789200
1.14037760
1.08077300
1.15901340
0.88845038
1.04073810
0.99999900
0.93385419
0.94337088
0.93317942
0.87947326
0.93967691
1.08842320
1.00745960
0.99531353
1.05736150
0.80938922
0.96209981
0.89326409
1.03459660
1.10158040
1.10173340
0.88067095
1.01495170
1.01238630
1.01984470
1.12047730
0.86450429
0.98247752
0.99736275
1.11347680
1.17219410
1.11740360
1.08295710
1.17608940
1.03821380
0.99684708
1.05748590
1.10388690
1.06961100
1.07354470
1.05201220
1.12006920
1.07021150
0.86907726
0.94572495
1.07238930
1.20877520
1.19213790
1.27997510
0.00000000
0.98193869
1.12234910
1.00916490
1.03334940
1.05039640
1.02860140
1.08655250
1.11882950
1.11924490
0.93863320
1.10363660
1.16616110
0.89729538
1.15835540
0.83956442
1.10940090
1.05463980
1.06692490
0.87494649
1.12778410
1.18558760
0.81331932
0.97490344
0.89800286
1.05167970
0.92865112
1.06001710
1.08079100
1.05292770
1.03923290
1.12422980
0.76900837
0.94455710
0.99868819
0.97756927
0.97414963
1.02413120
1.04447190
0.98666182
1.05617920
1.13924300
0.93725543
0.85649820
0.88729452
0.90733880
0.91027687
0.96490262
0.93680468
1.00269420
0.93612604
0.90059460
1.02153700
0.92290338
0.87970307
0.94089452
0.99724454
0.99931969
1.06873500
1.12524860
1.10677790
0.80243205
0.96469747
0.99057809
0.95952987
1.01359520
1.04283060
1.00702390
1.03810460
1.08902960
0.77325105
0.84901204
0.93138665
0.77476283
0.85017690
0.91931060
0.95889069
0.95514370
1.10956990
1.20307500
0.93305380
0.97205880
0.94338139
0.95912748
0.91014389
0.99241403
0.97755631
0.95012177
0.96333331
0.99661057
0.90716534
0.94079438
0.98661104
1.09260030
0.93218476
0.96435924
1.02879880
1.06618550
1.06234580
0.90479702
0.80633725
0.94428438
0.98555423
0.95982708
0.95232966
0.97225696
0.92902615
0.97029936
1.05054880
0.91253663
0.87144761
0.97517126
0.97885056
0.96668790
0.95707773
0.93086495
0.90479695
0.94310649
1.03222390
1.00396140
1.03676900
0.83067294
0.83672355
0.93805466
0.89105172
0.89072451
0.92282103
0.96963559
0.93614172
0.93733049
1.01977520
0.98677891
0.97766528
0.89854072
0.99004518
0.85301417
1.00336190
0.97648070
0.95485646
1.01859490
1.07985860
1.01007000
0.83076275
0.85370942
0.87639152
0.96121950
0.92036592
0.89272902
0.97884865
1.01544260
1.02444500
0.79481492
0.89245247
0.98297536
0.89566548
0.90580268
0.96715924
0.94087776
0.98597003
0.94144552
0.99348733
0.94741266
0.96135257
0.99846905
0.93728672
1.03626230
0.93079983
1.04079520
1.12870210
0.78130035
0.86433597
0.80031404
0.84850853
0.95767629
1.01440780
0.97368036
0.96678306
0.99263934
1.04308230
1.01750230
1.04255140
0.96005881
1.08246900
1.07247720
1.25862410
0.94220211
0.97985456
0.97821991
0.98093634
1.09528900
1.15246960
1.05546560
1.04381320
1.00194180
1.07794190
1.02961120
1.09342800
0.90803503
0.98553865
0.99825345
1.02691820
0.97778800
0.78883069
1.07967300
1.12476600
1.05886580
1.06777560
1.11117970
1.11427130
0.95943522
0.91403522
0.95710483
1.05880090
1.01520510
0.92918310
1.08497860
1.13851830
1.22944190
0.85621489
0.91531134
0.89358199
0.95031817
0.91455291
0.97685408
0.97500741
0.98840481
0.99701378
1.00505040
1.03318940
0.91262513
1.04187340
0.98992722
1.00802150
1.08023870
1.18936550
0.94255241
0.92647490
0.94911726
1.00992460
0.92692663
0.90695410
1.04197590
1.13282910
1.22047450
0.84911790
0.82696380
1.07382430
1.02171740
0.96061596
1.04347840
1.10924020
1.15330490
0.90395046
0.88160391
0.82022520
0.86138569
0.97967570
0.88145852
1.01899170
0.93577803
0.92386133
1.03581440
1.12562830
0.90735125
0.91736372
1.01265250
0.90420810
0.91029991
0.88199080
1.04584390
0.98884438
0.95605966
0.99515048
1.01973470
0.98658813
0.88511016
0.80952572
1.09175840
0.82504458
1.12294130
0.91202957
0.96070327
0.97393454
1.09035260
0.72718527
0.90409003
0.96779675
0.91793513
0.96173187
1.12271650
0.99359286
1.04975170
1.16886080
0.81259427
0.81681254
0.93501277
0.97359040
0.95653014
1.12986300
1.12105270
1.07812400
0.78522614
0.86074291
0.83275926
1.01788600
0.89020580
1.01454690
0.96894760
0.90549746
0.97437999
0.95569364
1.08337370
0.80676841
0.86507576
0.96534286
0.98748707
1.03169230
1.11895540
1.01691230
1.11629760
1.11731330
0.76863582
0.95118929
0.93675608
0.89588251
0.93266275
1.09091090
1.10299460
0.85127196
0.90386858
0.94671337
0.88671745
0.81546577
0.92385960
1.00794600
0.95970681
1.00057330
0.80179226
0.93568239
0.84746697
0.89991111
0.87944562
0.87646806
0.90509236
0.95650022
0.97954064
0.93060557
0.83646018
0.97028840
0.98355355
0.75006834
1.00631430
0.90848009
1.05762850
0.94995715
0.99743889
1.04912850
1.04585190
0.80716489
0.85861702
0.88096525
0.87933139
1.04450040
1.00317160
0.97655692
0.96235915
0.97629161
1.19199960
0.90089368
0.93457936
0.92849689
0.79709868
0.97556219
0.99299723
1.07706100
1.17589120
1.07159390
0.73288193
0.87755524
0.82881067
0.97974799
0.98857665
0.99189529
1.04601570
0.88992934
0.77735339
0.94356438
0.98377881
1.03589700
0.96469161
0.89170943
1.04311570
1.01190570
1.09247290
1.00484630
0.79438735
0.94480089
0.97328492
0.93001846
0.89136906
0.97342359
0.92160275
1.03156610
1.04893350
0.95076642
0.89295077
1.00037260
0.90450021
1.03879910
0.97057024
1.13538440
0.98443241
1.15651080
1.24895300
0.97885768
0.92056462
1.07079510
0.99366017
1.09129550
1.30075570
0.92890104
0.88253863
0.75421904
0.98298267
0.93715704
0.84688222
0.95150418
1.08557060
1.07907310
0.89854990
0.90127113
1.04099460
1.02047010
1.01405700
1.07630100
1.07461760
1.01745980
1.15679030
1.12793560
0.99020019
0.99794224
1.12788400
1.01374160
1.13385490
1.06142480
1.05494180
1.08086220
0.78828073
0.82156678
1.07430120
0.93671135
1.12562860
1.07545620
1.11683820
0.92293540
0.87462818
0.99450062
0.97724624
1.11500050
1.03546550
1.15067740
1.08574890
0.98548982
0.99877709
0.90301200
1.01709120
0.93468137
0.98954280
0.99389875
1.05521890
1.02472380
1.00505730
0.91916956
0.74845397
1.03734230
0.87748104
1.06342680
1.06381780
1.15847070
1.07204920
1.01519940
1.04932370
1.02785200
1.07103160
1.07300460
1.09348470
1.09727980
0.99300521
0.94029120
0.98838309
1.11868700
0.99879817
1.13383970
1.28059360
1.03126940
1.02135900
1.03562540
1.05966050
1.05836320
1.10106510
1.12856770
1.12921350
1.17320270
0.84543311
0.90603116
0.91562759
0.95533413
0.89517952
0.93240465
0.97140250
0.96284682
0.98610066
1.12210410
1.08412800
0.92363250
0.97635402
1.04458360
0.99013470
1.03840130
1.04010410
1.10005010
1.11935460
1.14364780
1.01928900
0.91888612
0.96028445
1.09215430
0.90000166
1.06353880
1.02536610
1.07113110
1.10587340
0.92076581
0.94385963
0.97967136
0.98469772
1.00570430
0.92081111
1.04217550
1.11684880
1.01908700
0.00000035
0.92364791
0.95540558
0.90207952
0.92873509
0.94660130
1.04730900
0.99232853
1.10098770
0.94034950
0.86864433
0.92035256
0.94527362
0.95705995
1.03169590
0.91367281
1.01195060
1.05879360
1.02608350
0.82274376
0.89940533
0.86782558
0.98695673
0.97595290
1.04195210
1.00220290
1.09275130
1.12397660
1.02054790
0.83042426
0.84038497
0.83552421
0.00000000
1.09800510
1.16182880
0.92543994
0.98461364
1.05939430
1.04281600
1.04565630
1.02687340
-0.05334930
1.06181410
0.89191656
0.85932928
0.76380698
0.95845101
0.89824997
0.98521384
1.08528870
1.10355830
1.08128950
0.85267687
0.91236451
0.95673819
1.10021070
1.08118550
0.98831051
1.01336260
1.07255600
1.03052100
1.13575030
0.83501143
0.86005583
1.02204820
1.02102080
0.98376818
1.08449520
1.09826960
0.95152341
0.85162151
1.01868040
1.06430680
1.07859250
1.10198980
1.06438140
0.82624973
0.86513823
0.93158203
1.02751490
1.04752830
1.08810030
1.12529080
1.11674240
1.16926860
0.96565828
0.87928307
0.79414496
1.04868820
1.00763060
1.05681450
1.06703060
1.05365040
0.97852663
1.12493030
0.93163364
1.05909090
1.06563870
1.05593250
1.13965740
1.04680330
1.06277460
1.06560900
1.01731210
-0.08975464
0.99338936
0.98727596
1.02591360
0.98496473
0.96947888
1.01429340
1.05224560
0.99225175
1.09520020
0.97792665
1.09692320
1.12333360
1.08718500
0.90460547
0.97647992
0.98550623
1.10333480
1.00963130
1.07587320
0.93968720
0.91490340
0.98794981
0.95665512
0.99827810
1.18867590
0.87489032
0.88115769
1.00994120
0.97962596
0.97599051
1.00660610
1.11623350
1.09143860
1.10446730
0.83576284
1.09407100
0.97689526
1.06971830
0.94051940
1.04831230
0.94299485
1.07690960
1.21241330
0.94159459
1.03736810
1.03970700
0.99739814
0.97312956
1.13206400
1.07884060
1.23779100
0.87430758
0.92422853
0.99071898
1.02559930
1.10920420
1.03214070
1.02988800
0.83921339
0.98919502
0.90487362
1.04010490
0.98691533
1.04142570
1.04482780
0.98878403
1.00558560
0.90653030
0.76760753
0.83127476
0.90873158
0.96075264
0.95341937
0.93349083
0.99335833
1.06774410
0.82132062
0.83385123
0.95009950
0.90881399
1.06575770
1.02327510
1.02044490
1.08363320
1.07879810
0.98940162
1.00484450
0.83731801
0.81962341
0.81789485
0.88344106
0.94132101
0.89276433
1.01183670
0.88931081
0.88778383
0.89320726
1.01743930
0.86652817
0.87379063
0.91012761
0.90147744
0.93365770
0.91124579
0.96110495
0.92460462
1.02046020
1.08815200
0.90417180
0.91449166
0.92108563
1.02371520
1.00616260
1.01239490
1.04902830
0.96512607
1.14536100
0.87888426
0.94078965
0.91286047
0.85741748
0.91124003
0.91549580
0.94462151
0.88229457
0.89575045
0.99928167
0.94706355
0.95337631
0.92905765
0.86255779
0.93091086
0.98238280
1.02318260
1.02928340
0.90455083
1.09529220
0.97612659
0.82989927
0.99711999
1.02056450
0.94688167
0.99350366
1.02680430
0.98342600
0.99658138
0.89167680
1.11916710
0.96876892
1.00177440
1.04292980
1.06790550
1.06337850
1.12382530
1.13585110
1.05610870
0.87986880
0.91260489
1.00184490
0.90747622
0.87555356
1.08751780
0.95866525
1.03605180
0.96940277
1.11149590
1.01182000
1.02732030
0.94028100
1.10088560
1.13534290
1.10259030
1.12409660
1.13624410
0.90692702
0.99794659
1.02858310
1.11912820
1.07938940
1.12775170
1.10995150
0.91055473
0.94498725
0.93607468
0.95461288
0.83712437
1.02630260
0.99757232
1.00470650
1.17039460
0.98669083
0.95843669
0.99004848
1.14842950
1.09291140
1.09308060
1.12302820
0.88141361
0.92219981
0.88943735
1.01544810
0.95145555
1.05361560
1.12766520
1.17526570
1.03730720
0.92042802
1.08561800
1.00529630
1.19157790
1.09970250
1.11238950
1.14704680
0.97221731
0.97631155
1.09997910
1.06609200
1.08971950
1.18501890
1.18222260
0.82411770
0.88424639
0.86448681
1.08480690
1.04496890
1.07297320
1.06658160
0.88180939
1.02228110
1.01145910
0.95729893
0.96558684
0.97331245
0.97458317
1.01211210
1.11131340
0.79440871
0.83650463
0.92488179
0.98456872
1.00335600
1.06292870
1.14211570
0.88131429
0.93725830
0.94542935
0.92363955
0.92962674
1.10596230
1.17268260
1.26485780
0.95272905
0.87241967
1.04040380
1.06554380
1.02759750
1.06679610
1.04775240
1.05838650
1.20409420
0.76794719
0.88157715
0.98880045
1.02082440
1.02735150
1.01362990
1.02006410
1.05557880
1.10549270
0.88238054
0.74469677
0.77831788
0.92713452
1.14950720
1.20408260
1.10458330
0.81321081
0.95591849
0.87230405
0.85603816
0.95172745
0.85892805
0.95905979
1.08495520
1.05129580
0.71101411
0.88947232
0.91643642
0.93981078
0.98499625
0.98951863
1.00637020
1.07897700
1.05858660
1.03925320
0.83339443
0.89017805
0.98418464
0.87637516
0.98308317
0.99448306
1.01053290
1.02420540
0.99817017
1.12815130
0.89719119
0.98035237
0.86714097
0.88218965
0.99223990
0.84792402
1.00160780
1.02681590
1.03639300
0.99252164
0.87202583
0.88344406
0.89527557
0.95538318
0.92504339
0.92535247
0.95913689
0.98729371
1.20674240
0.97731381
0.79118015
0.98709444
0.98090012
0.84901906
0.96077879
0.97528580
1.06012840
1.04314590
1.15558210
0.82256176
0.87525899
0.94543745
0.89879004
0.89089079
0.89764138
1.06901060
1.04784100
0.99214304
0.98006896
0.92849882
1.04131130
1.01016120
0.96050687
1.09276790
1.04231780
1.06326390
1.07424220
0.89995109
0.96561004
0.95797027
1.08406910
1.00990290
1.11894500
1.05657860
0.85645604
0.86914602
0.85482773
0.95408440
0.84541253
0.86371748
0.89915663
0.85555540
0.83544077
0.90765520
1.00836740
1.02259200
1.04228730
1.00347200
0.99474751
0.97180303
0.98665656
1.09664730
1.11671270
0.99393280
1.09759120
0.80065975
0.98130445
0.93483202
0.98264180
0.86038511
0.99946203
1.05889490
1.12681880
0.88625338
0.92979889
0.93165808
1.01764380
1.03361720
1.02417160
1.12256840
0.85745439
0.99834971
1.00406910
1.00152600
1.12714880
1.09696510
1.03599180
1.20386920
